262.5,94.5,16,26
261.08542639537865,92.28075737244467,16.104550589636688,26.445631613600654
260.94601982176897,91.40399653905173,16.09110693453552,26.553855633863996
260.42454878723066,91.24383958996238,16.2035243563763,26.763202298265668
259.18205743077345,90.15209971929578,16.242072809876056,27.149535600046562
258.2500529928989,88.72602845452695,16.341078600488803,27.453850408942127
256.1310656005216,87.04854879656996,16.577137453541724,27.92348238568375
254.176515533755,85.01653497229407,16.780087293724673,28.432244130762633
252.76317809887058,84.41795755904239,16.968020193431233,28.4103384170667
251.35271149427228,81.5610265456024,17.340973713983445,28.769373516761604
250.10528319269653,78.88796858165867,17.6236179929925,29.012007198250167
249.37516688441224,77.23853355729393,17.838668929835407,29.444216890458016
247.56339458411384,74.77162290221769,18.206587567221163,29.97905949043595
246.42540948780587,73.42595211911097,18.52804099138158,30.303930958153884
244.47703637143454,71.91353069544243,18.764306486438123,30.555000612131593
242.87094008673452,71.61813925891114,18.91271684071971,30.513812960406273
241.3506401522538,69.70573459237045,19.11829712121071,30.778586826339854
240.5054106980656,67.67678377044439,19.378191387634644,31.182317718620297
238.7504655093514,66.33031642292039,19.389684653170306,31.38395469180552
237.12253706511427,64.80503063456119,19.59756576306486,31.595240894836174
234.6568405287201,62.95348665778487,19.806965389503077,32.367065639999524
232.22940380842005,62.47073095757074,19.85604983626776,33.09936979972708
230.60117159953393,60.88298078145705,19.837719198650603,33.50140952535228
229.3147242809083,58.98525067134022,19.862392009348476,34.35974859270813
229.8477732592556,56.90319984885524,20.24920912509499,35.150211846183346
228.6666977672101,54.841767625819706,20.18545321259475,35.893675800539924
227.8751317908694,52.16479794608439,20.211754759087206,36.6490400448067
228.13935430344486,52.33392017245657,20.3955507279129,36.79280199288593
227.06455741268465,49.63969696105414,20.353208254931975,37.04927133439195
225.64971029006588,47.544931830758834,20.545665666597124,37.251155015240144
223.85568823016877,45.67154760137464,20.858158228850456,37.47604046314427
222.73956720530546,44.055605259820645,21.177781045445666,37.97106677833234
220.58774963564565,40.98784941488955,21.68738599525114,38.774992107263124
219.80781656959624,40.18606857497133,22.02107765358744,38.984640518056615
217.6823548569238,38.14397594792038,22.410561850874423,39.03449540411651
216.81882353993402,35.80113933285495,22.56957755740196,39.54611019689996
215.59415236714008,33.32584039945039,22.800544935414738,40.12327590428525
213.4410500552875,31.671069657093298,23.057725930885066,40.5096890225291
212.78433343612872,29.586759491324155,23.045971605306413,41.31247988629395
209.76233311658464,27.33841369036075,23.551085220468817,41.79626112216241
207.58752460352252,25.407602200687684,23.86211992161136,42.19741199457495
205.8692292139291,24.105948098162962,24.07977306537647,42.805689915696476
205.75253655975632,23.504370736536696,24.19874073136702,43.2074331890398
203.90585253426673,22.42266832785281,24.54080353599308,43.80177684631998
203.85479874209767,21.66499349499167,24.86526152399769,44.33970630120395
203.90819778648324,19.08588897896147,25.093181126171213,44.8386254963808
203.90607740175787,18.79312687536559,25.504777800201133,45.24064017493563
204.47102607779948,18.29905965011558,25.976630702748928,45.697972554341135
205.38651860315287,17.417772168277338,26.270425114856476,46.261348318341106
206.48880090190534,17.30559986935409,26.70731950554127,46.92017385152276
207.9314066244604,17.6498530804688,27.06826069982015,47.493652492846195
209.05487249819967,18.318542663684337,27.37373001816801,47.73657604171664
209.09396157409032,17.78532328678441,27.501250967477155,47.694949071143625
209.83406857122708,18.34333732986123,27.61833094617272,47.996064091450556
210.67909237101313,17.66617451054633,27.240514172024803,47.9520932546699
211.08113492369253,15.467220828062196,27.707067413338066,48.35546088193675
212.30363361658414,14.703512938457507,28.47059115525566,48.70144024165913
214.1951654047848,12.813345218515174,28.91453782894586,48.827881972361055
215.19068986489089,11.910292601807253,28.58854799839432,49.39510061100456
217.94568617852698,10.912289696693499,28.815998341398004,49.31679158854469
220.44277350636173,11.970064481676431,29.40717229183813,49.946812678216276
220.77536858923537,13.87589982344809,30.155810022209053,51.14209571095103
224.05344328718252,18.140415650209086,30.2425401123987,51.611251122553554
230.76905604853968,36.394389863450435,30.043185240929517,50.84615776809234
233.76570154653297,45.508466974515684,29.794504554543806,50.937797247133716
245.0421795130677,66.97680718718487,29.485700690566087,49.83948046925626
263.90394615151627,66.37028348241486,29.41034932895218,49.36290952972098
275.6460563994443,61.841315933492226,29.4976010010648,49.38719899768344
282.0002440103482,49.90758968172345,29.347921572408993,49.50359292272977
268.00915351560906,51.49674348729111,28.92001306908937,51.53861987198874
277.22448583902974,53.24030755657408,28.465733538825095,52.74625253283077
294.31867390195373,59.57105085427295,26.467497183485005,55.03646233330706
303.2233787565491,51.90121578204068,26.739901286550086,55.79782914067442
284.2357929845211,42.3386813467171,27.534397324014318,55.37731047164873
287.563173221976,39.19421070681266,27.927491749464632,55.16574201253549
292.7930489309997,37.14707962010571,28.723620687252193,54.75791706970794
299.08801324144895,39.19980639149418,29.060543338936718,54.58820805093308
305.83037020739596,45.759352893575496,29.527086159056854,54.45636823585736
305.5517012889691,50.60890841135664,29.483599401412842,54.479222990089994
307.45498340952673,55.59771773097324,29.481132335895754,54.478174480251326
306.4361984363812,57.31979259219327,29.480875505682327,54.477280182310786
305.6968809271137,55.249565707277725,29.480946500245743,54.47593068752395
305.3793150137065,53.81784278927627,29.480782578349427,54.47439010384912
305.32225665432907,52.81048881572574,29.486593261704968,54.46757600581468
304.69146892709426,51.69125584061558,29.486331114512804,54.465754413691855
304.11401228041956,51.282219229087545,29.486057397097134,54.46381864359913
303.73336068491153,51.18274347751907,29.48563891748564,54.46147117973226
303.4938770939497,51.09806479448667,29.485384695810467,54.45949213336725
303.12124611814994,50.73479840538636,29.485095478491413,54.457557685539435
302.8007272687599,50.3980090508819,29.485108826151585,54.455676055955806
302.4675330903626,50.05089535814433,29.485116241078234,54.454014206888104
302.1556013680196,49.73598277663016,29.48512039945606,54.45232035031272
301.79673279207486,49.8568074804713,29.48512297607388,54.45059140976873
301.4786687687123,49.51196630066107,29.48523703811884,54.44882937241653
301.3167737899108,49.32454821527078,29.485269019428145,54.44732610761972
301.1310725016579,49.204506760156676,29.485300803545098,54.44587614076033
300.9737480324004,49.23210029420241,29.485212064485946,54.444384676873995
300.75381778092407,49.37609012144313,29.48508010981038,54.442899635086356
300.52408753370776,49.51913610007871,29.484952165970554,54.441422240803455
300.1314752038754,50.14407640633175,29.484730360619743,54.44010491793972
299.5334757394221,50.06234966205922,29.484525223249847,54.43844880188768
298.9040405146348,49.962957006792166,29.484296427753048,54.43668977002315
298.7653822495208,50.11807058418015,29.484185642269,54.435174144025254
298.6849982633588,50.23932095981166,29.484108439207546,54.43366644548327
298.66859400114384,50.44772007138468,29.48398867937987,54.4323293751292
298.6715483432618,50.18310478206097,29.487566244791957,54.42832440384986
298.7008835018593,50.48272169816088,29.487352352220697,54.426741993673815
298.5442496529202,50.66123017732892,29.487242073681426,54.42524853220397
298.23932088915103,50.68653264392443,29.48700255055294,54.42369436598763
297.9509642967936,50.68338977707614,29.486763218235165,54.422243006079114
297.6543939202179,50.35615603264847,29.491200160217925,54.41713646310462
297.47773999157795,50.57228937298082,29.491029079156657,54.415420685521816
297.24805322546797,50.569370207967914,29.49088769543341,54.41390426571532
297.10790388768953,50.4378091289868,29.49070500268708,54.41224944876109
296.949788814071,50.313103505970005,29.490529406563635,54.41061153383735
296.9955070430145,50.289734079560255,29.490256062389758,54.408894000925144
296.988322223298,50.46638518012634,29.48996469705602,54.407078780708055
297.0679091266065,50.457636479702415,29.489542393072167,54.40478249230494
297.0962950357413,50.44600323772614,29.4891657068971,54.40254573573178
297.12061853701687,50.42091602624344,29.488804482957846,54.4002438159297
297.15247193476944,50.39568986145736,29.488442017048285,54.397962690648555
297.2128680235807,50.334974882854134,29.48808600118225,54.395533368997306
297.2735221394115,50.27459461365599,29.487729429498177,54.393106685806885
297.40674918685,50.40080171144715,29.48747846987314,54.390144142393794
297.2184793948992,50.38155801786972,29.48709660864348,54.38779011774946
297.03372111352536,50.36641669513122,29.486710322193726,54.385444655410474
296.95104214631147,50.36503128047671,29.48622777987015,54.38292017780968
296.87744922388276,50.372713471125955,29.485759285056446,54.38042458367319
296.8428378975761,50.384286416063865,29.485279878639243,54.37799758869626
296.7516583187999,50.42550643669007,29.484804440749798,54.37550115221117
296.81015179738847,50.59306666985904,29.484328813581236,54.372960566826066
296.72461041989425,50.639453355046925,29.483842042374125,54.37050873728282
296.76601063540113,50.80539375148508,29.483356780635134,54.36795263689423
296.73260781562664,50.84569624552952,29.48286276361422,54.36557127214071
296.8205822238427,51.12425316969339,29.482123320417873,54.363013495571245
296.7206638730739,51.2693693981077,29.481331979734346,54.36061201737459
296.76033990654855,51.57128131830484,29.48061768409342,54.3580780453351
296.93872118504066,51.12711255764563,29.47960458518373,54.355153989047324
296.9804822342772,51.15719253853652,29.478704791269525,54.35222485000753
297.042697559098,51.16048467886304,29.477755161959298,54.3491151266611
297.13336497715136,51.16810107118006,29.47681655488126,54.34603045874231
297.23747489982424,51.17442573332421,29.475851253436,54.34297338910014
