250.5,168.5,106,105
246.68425813222203,170.36925327555383,107.40773600530082,105.65487027613236
234.3937298479298,179.485267045989,113.03330246158062,107.61967920681961
216.80463641406266,197.97367829322653,115.82610572335786,107.99227153778399
211.57622227701938,210.5796405845916,114.34810619287899,106.02439984201675
217.47750491680253,202.2573238913221,112.82185564872525,108.82351702372176
218.5263850194214,191.97739067536205,110.61589744895731,109.67970913923564
214.22233250158854,198.49752259998328,113.68715727740869,107.85353182258592
177.2145344731672,216.125821699527,124.2539236833725,103.2290899955688
142.27198752733509,244.63254891595912,123.958185665857,105.34521701412056
129.58973049989802,245.25884101190508,124.71400373684439,104.75307517452356
241.68073134659267,220.32549044450676,123.29715402099416,108.18903976757217
222.7281218622943,208.4774977616309,123.85505624764755,107.93332873744984
214.5208378411009,202.132720987786,120.18632465319351,107.26480809690727
201.9917363213219,201.03580056128538,121.51612269397226,106.18457391862799
188.93846173283515,207.8448396150896,120.49308851218106,107.39657488969388
190.37678078283147,217.89336392023964,118.41933218947496,105.39549071115646
200.12314165235864,207.97362367343385,118.83813236204175,107.9263526592358
218.74721124207085,176.04914550477378,120.41116017480482,111.77841034543292
211.09355573251145,147.23551043812662,120.78337445320099,112.28964120260417
194.41571937663184,137.25993473780505,121.79039527897388,113.74324354624048
196.6362071531541,152.9664586528611,122.19268192151654,115.00403528522021
221.36023151549216,181.04139461411438,124.3465123167134,115.81254501554568
249.6100257561992,212.35123085209955,124.04529572250638,117.71966697316907
265.7901668325499,228.7045251850606,120.62836722275904,119.36850891027434
252.18669152614518,234.3182315850861,121.74738906359586,116.23099135863642
238.1103565680855,240.9800545706242,120.86390137168296,115.47852954588544
234.33138422678292,251.24371903832076,118.14774861166121,111.63256085524326
229.36716714117966,234.19925251446335,118.33791583798245,113.1088077457315
222.28392559080913,216.2606677872115,117.81985914380166,115.49238207694415
224.57815999291978,205.88653296697348,114.99750028297026,116.38539086842121
229.8398773639396,201.46170310120104,115.827202557227,115.04087297240261
241.03712443285835,185.67946200014273,115.45237318379378,116.82368555781997
238.62906539312746,165.1041123517521,115.56170129285763,118.21452767686691
226.6500970305371,145.38984035073,115.6496181053186,117.99226143721188
220.88757665694618,118.48535243629705,115.04711063472703,120.73597923995473
225.10772179865893,114.05077179603886,116.18600202244409,117.02636225356437
238.85243287683005,124.49045903346703,117.31794255225907,113.44352517800003
251.07554486720267,130.5320674141953,115.84504048618666,111.05717731302789
255.2265025488327,131.47354532636402,115.13811680688654,114.93461081669336
263.05171152895116,158.43606036453514,113.8677218492742,119.79728902282183
268.1272486241957,201.26242018203857,114.59820035501312,120.91170500793217
271.8665252335682,228.1135050000526,113.62347137027686,116.78362060749973
277.4316541173504,230.18427284107776,110.52778429668226,115.53744015005886
272.6194536556654,229.334780485791,110.65139271669534,113.2048134180665
265.7436314776627,216.9776325055084,111.25048351435106,112.3346996648865
265.31496690820313,208.84240020293788,110.6246310574679,111.02367852173656
266.8781743123449,190.680297466398,111.1181000248954,113.80268746161316
269.59822636966305,158.95629623577568,111.67332052192302,114.31023353247694
272.52079853268754,155.59761532696882,110.41410702015379,114.13911325627961
272.7941261425642,169.4815060854277,109.75745507925191,114.99057536118806
268.2401064507347,180.1995942190286,110.70511982149253,110.5553012698896
266.07949920618586,177.74144720794655,110.62384178739678,107.90856028076217
269.9750122468557,181.436120157633,110.78420501880123,107.18432735364878
275.72948966857587,186.88770862674596,111.62568257129601,105.64158494758838
284.93665357378916,194.59524258383308,111.13757088635765,107.67046768649031
282.42752016898396,208.42524794871144,111.87688795841927,107.87897769342796
257.20381054655763,210.16099889431663,114.64079737661174,106.32634493998152
223.8413302467328,210.07872079190122,115.74585441180832,103.90632787592197
197.54169319325032,209.52437914877135,116.08496616525765,102.92610463561618
203.45194956839728,209.398054300681,116.12624693303013,101.51107108804536
225.99468024472594,211.3391515397209,115.40832784721852,101.22531692521216
262.516644508298,211.85673389426913,114.18947256226198,100.57892109767504
300.04096430318066,215.5399209093391,113.78409011360984,100.00442147625705
329.1733604382671,221.92837061173222,112.98980260417922,100.9923106990953
328.49008362167194,226.9636134081854,113.77095845742792,99.72935074095456
317.31336918420277,211.43577612758787,114.42661625997852,102.50016659853632
296.50804203771975,189.69152991538422,115.29082966549342,103.51396572460378
261.95555366891375,168.88799437085825,116.05310163015625,103.4788630465659
241.63227043639762,162.28654473183713,117.22636716135062,104.10675870064576
239.5297348226571,166.2492946131548,115.87492841721297,107.40659501283946
249.57716866696336,181.64882000360376,114.83688064437197,110.4243433957599
254.10367829829462,191.7389158972289,114.05695079058393,113.53029586510144
264.8890508845366,212.04168923344398,115.64502100201115,110.73061161942911
290.4126401728631,221.2693138545772,117.4864799680827,108.93839681624958
307.2758286025531,226.60477705863624,115.79889857989419,110.98878865306558
302.6146549254664,236.17107824658368,116.08779103904794,111.04580534150178
293.20288651929,244.76079369011006,116.10834933577577,109.43921228403883
284.26546791605574,248.22750475792097,117.31920605823558,107.03142586771632
257.7372357138101,236.4054483698374,121.11046889412333,105.00447045235519
224.19767071652487,226.7777929671455,121.5660255854711,105.01195754252902
206.8022164959475,229.10655971013648,122.12400861158677,106.20197969390668
208.69230047024297,236.29335144646848,118.0559149129787,104.95595302208497
217.77531201136097,226.91963141673406,118.6141712344292,106.75311956775984
231.24249847810836,206.8736741815377,119.02008837051447,109.19659272345527
251.9462297023647,173.2669897486507,118.31829532507801,113.51232899035236
261.1562614009421,146.7134468280177,120.72567028241531,113.62378265998743
288.57429037003305,139.36472588599008,123.97480979296395,111.62328562497532
309.6283128100816,141.17766883787368,124.76966179397036,110.74163762098841
324.2721967864334,145.7100584696544,120.38529044771202,114.51303427600608
325.0467869765865,164.02913480242097,118.37987635735531,114.8236616702874
310.26739509549714,171.65723073965393,120.50835082387971,114.01552601682977
289.34619162434933,187.53473696300136,123.3887292627574,112.5182039998224
263.6380861898865,204.47343884842508,124.45843210555998,112.51040624704139
246.1895155275391,219.59487380946274,123.79593063850673,112.42425934742701
229.6011302475055,225.86952055895836,124.58494485091767,110.60698145817699
220.47313133948342,210.66444957551815,122.65720777316298,111.30544205909057
207.37059793824636,205.05695593580685,121.97504847090079,109.8117720738037
203.0387064194178,200.07930967955866,118.30350245277177,108.72848559917848
210.76957470859836,189.71266665409098,119.11037968971829,109.82704226473788
226.58427561661756,172.66910429488496,119.66727624404123,110.13476711132377
242.06978943904593,165.54274873540123,121.04391247857899,108.90464341431222
255.1199423710614,172.9056572796765,121.15261197038302,107.53711032234372
273.6010626579551,186.36822339054652,120.4321888709609,109.96974329835754
294.5483923444272,209.2106293768636,118.34198811618067,112.13112654667069
305.23576219231086,219.9698183819346,115.60049961059894,110.81199208206091
296.11929820092297,206.6962909342561,116.6544038506989,110.01504139270111
255.23651064332205,189.38533956482433,122.53557955183827,106.71699555368374
210.0355730491255,195.9458330537206,127.25551656884463,104.72649601790786
171.5856497649142,208.7204811114981,126.67907529547043,106.55463558655694
159.4167419216207,224.08159448933358,124.0645289215105,110.14443199372778
161.28382999119341,236.78239788073853,120.60131797110677,108.19867009006828
171.20884790351928,212.72264101083323,121.13708727645991,111.10537331352145
193.46362060483136,183.3765538512199,122.94627508916776,112.68223314910554
219.00547009879378,170.8143385732143,125.64165935319608,111.03389377713825
230.33388058948174,169.84806072153629,121.35809696251842,112.72644558175446
225.96103757233197,183.58843227255778,119.1208613964761,115.67787906967726
221.36432694648818,203.4519406176354,117.70869182785121,113.07927271887752
221.669715723054,197.141424659007,115.72543853142584,113.62423098958894
227.55993717378024,191.86614428242405,116.89969800729266,112.18710272450525
237.72552581767798,194.88891720446287,115.26191824146983,110.5881482576859
234.64369807148358,202.0719636554557,115.66909256320436,110.93888656297567
222.11217367902276,217.1950721998652,117.43969330430272,110.17330797818501
203.13093586263113,222.57739414816234,119.97737569367779,108.76548800279434
201.74064998845802,201.35555571547155,119.24035644242073,111.95810438233607
198.29801477899844,186.55075878679096,118.1059258573116,113.03579401911618
194.62431416854932,185.34670129752982,115.62514581142517,111.84632069693353
198.66933918343577,198.19655474751332,115.74243220743351,113.56087275387569
209.36999449231547,221.47580227682099,115.6320819015638,116.31313056391271
206.37887112592858,245.6444474403229,114.09307171066203,114.32499566293427
202.31510103433297,242.8299194515834,113.68808778496651,115.30128112115665
201.8256796933548,213.54249237449267,115.00125205520067,117.85111467597288
203.63231939339786,187.99200516295025,114.46375423890056,119.9203126708351
193.05753769200234,177.88985968173156,115.85639587350312,116.95973813949804
170.01402141981643,168.99914442328176,118.28374519033588,114.98456732277947
161.0323440475317,174.44410816462596,117.47709375509581,116.63269907471019
166.6281649835028,192.24157892417128,117.47477912314375,114.47608534492619
179.05380302982513,198.51461075181982,118.78250342722762,112.06062643358665
196.1991672961475,202.1745252180916,121.62816939531534,109.70040081067447
218.0538579530753,210.11669024433203,122.88685525064923,107.43365307936058
243.55822905970632,222.42779264113688,123.1719858706391,106.77872581260638
268.7403618195729,238.21201360282726,123.09856049983173,106.04433883612502
288.63804420657016,242.4504660673417,121.09765983716534,106.71109349877092
280.651536242391,237.7731555763166,121.55144396925905,105.62937891716143
243.99925618997042,225.0643771837145,125.61478550720562,103.88475575546626
199.52864301157618,219.41727364268473,128.12534017209958,103.43158925659313
164.56137399219534,214.63034876836076,130.03455625041207,104.36205121074649
132.0261864138837,222.73523589730092,130.25005774980878,103.5948314267431
99.78653304181255,223.63872586546756,129.47381029473232,104.68577996674345
103.6944175700174,211.24021340679556,128.00668024970568,104.05976830877007
169.041567065562,198.2411785285365,130.13934659064773,102.77338371958506
209.45156933126552,192.323466019671,128.27248994742428,103.55313513807289
220.84198495072422,191.5834281782997,127.07485725587011,99.37333018269294
221.95415600370873,195.72777822387752,126.52095844633361,95.82019050871261
229.52683300525075,203.28449365784942,123.5720413252686,98.19973106105687
237.8067119963963,210.17561535718482,120.20562078346822,102.35292391116533
226.9438968066282,213.8708521862814,120.91347467374663,102.48563073774395
190.9012357678961,217.12711928521938,123.69621496410143,101.71138780344832
165.80803722472646,223.38402378091345,122.32674580898568,102.70391311686973
171.4326872909411,227.11522514643804,121.5633856561096,102.19085978920192
206.80436968671913,222.12875161111486,121.61166209990513,101.49178880870079
259.7621754524315,213.3486062817781,123.96304885949601,100.92940643270634
273.0604605668261,217.41935270026138,120.48648328463744,102.70256260544437
267.06407924118275,217.77287283940277,119.12912920618783,102.70456451866706
254.66863284275624,208.06282423107746,118.9426832121473,103.49344759347193
249.67210399810585,197.8254008160996,117.22295136592564,103.85101537069329
246.86711471933305,186.6551927156205,114.83112747901322,106.69474845092398
252.18542524414113,187.78893794179393,115.56542088862554,105.40097622453305
262.9219923496626,194.16626542937848,117.68801269076614,105.05443377530386
272.72194499150487,200.64127950837445,114.84289485215007,106.59179899652335
260.05256697354804,204.35347145215562,118.30877567444062,105.38644119767567
241.19522109968455,206.3904354214453,120.57251679960905,104.96440258328452
204.64141645424377,221.66534572222307,120.22709264322495,108.11955329520556
183.76307968696995,242.54033672914812,119.69272384989178,107.61283834068159
172.61454959030655,249.2365871844952,119.4070356301326,106.36995271776826
177.4617458683917,243.01043143238823,119.46024267570795,106.77016880877414
199.88430017890704,239.5248668284217,121.10105782176711,106.33174210468941
206.88166981905007,236.8441734142662,119.32785040946197,105.62239538578967
190.38981593457862,231.82839062075368,119.32332651946933,105.48878934958478
170.1644521670512,227.00871881637772,121.3285622637527,106.57433332912521
169.33800273134813,218.41082020904747,118.67843016744644,107.82926884182041
188.15316272663748,216.36414895221517,119.78448789293219,105.62631285160928
233.04822106632963,212.4780279139169,119.77916888200491,104.67925179710234
276.1688539722968,198.65629626938252,120.4454500671409,105.29998711986245
274.2423774412645,194.6554897414952,120.25587688408825,104.95554514481437
240.8046099055312,189.91473383894996,120.70238058348457,104.56957190351814
207.0665498073995,183.1474016800901,122.70630229341988,106.05891761772222
190.61021500324748,177.05715414851744,124.0054331596585,106.78561057210287
176.1058907547238,183.9755196218481,123.42905777670099,105.80056514942837
163.6019492099524,187.29635265249001,122.79273768020855,105.24115445160889
168.6055941138364,190.63144203644018,120.9537237055705,103.36984910823861
200.99246195768342,191.725136169528,121.7583953054741,102.10412174217888
264.10730696517453,194.15854167592545,121.99406783932002,101.05888350999317
286.5270425109966,195.2156488075713,121.15731281212908,103.18212366106908
288.3243919065384,192.67285054909524,120.1222272488896,102.41311879481204
271.9680197056932,195.33541626114203,121.25959132526265,102.34822935603952
246.21759991165288,197.4990389398131,124.2298065236948,102.43384343854726
228.9975361966985,206.35074559981285,124.78042665990242,104.65171002577426
199.99749056826775,209.3923642822012,126.85236011036743,104.10015133760277
166.03782261990665,201.31477856652816,126.95997420533186,105.07354958321886
136.22501374870757,187.42095144786302,126.91578069895067,105.18105283483139
132.86352062046794,183.87272237839107,126.79938478379911,105.08203015025845
150.96678742570685,185.92919096931413,125.03446341697361,105.26910174221602
175.92297659726808,193.33482215878266,124.75299022521833,104.58438050097429
190.83008712567448,197.1236483471464,121.86155206635476,103.66997237168334
186.249770094462,183.65479254659576,119.55396541802534,106.60477717346822
192.93040344756278,174.0170664576657,118.49720501370365,108.22838723401878
202.19723491855387,169.41082406401733,118.38253888263453,107.45461923658648
212.27438831873178,172.73921601371092,117.24589794531582,106.37913035062708
214.9815417074926,179.41935479084816,115.34029892955873,107.09395655611823
205.79718136491576,188.56870124969896,116.93743796493214,108.366644253651
200.19561159777203,202.12079654247168,115.88358039076016,110.47745000599615
212.7675801673334,225.43510045671704,116.49600807402508,111.5158076621246
221.8704231241628,244.98455655436308,114.89658055270021,111.40783556082664
207.72408725322077,247.19062718556404,118.17246190456967,108.77744402376652
189.57567352204973,239.79958850402738,118.306451384734,107.6751706101675
180.0246365316356,204.99983225364207,118.09573354122148,111.22049152158262
178.3782058602098,170.73595367688824,117.91688754001788,112.64126930497312
187.37527175710449,155.81622703664382,117.97300484595993,110.1578160913213
199.10036260876853,160.75349921271072,117.6073205944141,107.43703121871025
216.41054707620768,172.25114087321396,117.88042623839324,106.90071510656605
236.93772134300116,185.77004976772258,117.21016431369296,104.69791356815912
241.73714185165264,188.50126383835018,115.189140736423,103.1440018339169
229.68978392415045,186.90588619272,117.66722222253091,102.316931044855
211.68543622482335,194.49421300026043,118.97416972689796,101.52502398128779
186.7703548388361,200.60634707555914,119.85091758188025,102.9901154956074
183.03938511640104,213.60743601577818,117.43674027412592,102.96226660992028
188.04609318391277,218.2878982184506,114.9488587689242,102.95487690306176
185.43400529375884,207.12836850535314,114.42452943372304,104.6673193553797
185.36214389773752,181.4913495621623,113.85168572271773,108.90939389337274
193.25390560131876,163.28690502262603,114.74839913196149,106.8672751294277
228.0277564489666,161.7318747043522,115.92208720717363,104.24603684248294
263.8464773662751,169.25655388987508,116.86907225243944,103.37853748785565
292.0564406796136,185.59575093272898,116.18454296462963,105.67517620854431
296.6804599916303,202.91806480377625,114.7548031572771,108.4575771224556
294.1108869795543,220.10476714404984,112.84461084066986,106.4401676201311
295.98411252512386,226.30420068650136,112.85924192192451,103.6212899685166
300.8583546935093,219.63177794614475,111.51410078583729,103.52814430695689
290.99818395982356,224.5842587546703,112.63120510110909,102.48635998940534
260.9760025487436,231.0326039313519,113.63362151213622,101.24084704235315
237.21488206152233,227.4689270511828,114.3691269519108,100.55257179725923
230.58012645494253,237.34043641854439,113.84759965188681,101.75058547220404
215.20978763706185,242.33431696112254,116.26688332097336,100.68113550612729
205.23201195181878,232.3137751027273,115.94594543364704,102.19024633778595
206.77605332781482,212.43000338134752,116.12702867439172,104.76641404812364
212.57084782855958,205.5004525020537,114.12786993260684,104.8956507325536
217.97441925465841,203.79251562864266,114.31879684359276,103.34671696899969
230.51545892428732,203.53896670469027,115.4571764887099,101.69804427666702
249.14568477098976,195.09281161754055,115.02385415931869,102.7449097717062
257.14284485679286,172.65796921274472,113.29943621702164,106.83956635253811
261.04209769207245,166.73406917808848,112.98326849812256,105.50377457919922
272.4864305729177,178.5409235184825,113.28297820945458,107.50467084836238
285.45363186163604,206.9119552517763,111.50317005340455,112.41175060076885
277.2732279043109,239.69970207203485,111.99985748465647,112.98503015361113
260.7102720204678,252.67230894220683,114.70723211244999,109.88394025359923
251.8542977329343,221.4807646302691,114.22740631923092,112.43725211355869
247.53559540114776,182.3580440250377,113.88881305799931,115.70465835087688
239.10526689764367,155.48041998075752,114.63679153717547,115.65410504783571
235.6117509985227,152.70450865059604,113.89214771056999,111.2215431714155
220.6183407773214,156.740889025551,116.30911913869033,110.91832130090013
205.4900838782543,165.39114858745492,116.87760460125327,109.08157971920657
211.6299079322476,165.36675684977038,116.82622034824715,106.95034333907638
236.8868943126755,154.32899531937142,118.64374096507683,105.72367371188601
261.3702727018224,142.3566525011655,118.20650231422452,106.11603886795113
277.5011928573937,142.2044344948787,116.05274382070886,104.2805522616588
276.24136276919444,152.46805026454876,115.80216798178759,105.98164179775816
257.9913342582951,171.60539257054484,117.45263470207246,106.15096887399844
239.39856424243638,182.7808889976411,119.6426112267099,105.49088063711545
235.974825309805,188.4323042397334,115.50605550737794,102.80374419895136
238.81814638976877,184.6028729275058,114.17758719464888,101.69101659055744
247.7573984892041,188.66896315379503,113.2664825929462,102.21260181638475
236.04671310449913,195.94259286024794,115.67620518425556,102.8441458473876
205.04330678072694,207.69296529723306,119.67145929908506,102.06910516653258
199.3496184227524,213.5197421369125,116.8883533795361,100.64413863774746
207.2628196761275,203.00711602200616,116.9592573150467,101.71118469080233
221.56808976406091,186.6599415386265,116.8496269444777,102.24726568270815
236.69858919754358,184.10171915572613,114.97337081432875,101.74696593022881
240.1902361746225,189.65047455753768,112.36616071103153,103.54334073909355
239.40066767008972,199.24978380410138,110.01030826773504,103.34785220507256
237.8773685729396,206.79489638995318,109.20627164872656,100.69465782560528
227.31933976655768,210.18508730270278,113.30714485902456,100.63370740040519
209.52544531022028,220.37521263595136,114.33582122287126,101.51728691884453
206.87841332078293,236.61637095081102,112.49082184343906,100.36200619305592
217.7562168116583,239.18372265741863,113.9409929836365,100.0392415425055
221.81924993993425,229.69923703342818,111.51098929193448,102.13379643916798
215.52863567237287,226.43759667295978,110.91481342337073,100.75241693519023
214.26073978177368,224.13670689623817,109.16120891855837,99.50809472776923
220.30118606393034,216.62764174566118,110.49767570635686,99.51658528893297
246.60194064217018,184.42637801931556,113.95273851032644,101.24811130729805
274.1549902787348,162.6826215127289,112.20704039076162,101.97833824869402
279.6392709896977,161.21692871104383,109.38667805025665,100.66147956648062
281.26067770064793,164.0880472179709,108.54739522604307,104.31307380567823
275.8191478935683,189.06046078116088,108.83285962535852,106.87545645713033
269.7337230089923,210.21073733651875,108.00604780393436,108.95688042771344
262.6336485821855,226.63234763693129,108.3504170097208,104.95557114280633
240.10944911298128,223.39731580857494,112.61226351893004,101.59986442140622
216.91794723874847,227.89286260403196,113.75238549249335,100.67884300456447
215.22557609369457,234.15628718425015,112.11807956864236,102.21680078229946
223.67493710950498,246.3137554925271,111.78133301614751,100.20852004953463
236.1229620545667,242.07209868046633,109.25813354411488,101.6846458303334
239.07768017818006,219.80278828343413,107.912447563917,105.69960405725914
241.93430091921945,209.92621966644964,107.5679785885521,104.63127484530528
251.32077107433335,209.66308955994162,108.77664190076081,102.10493944293432
287.82805475709796,213.87830063618986,112.4293947866964,99.77542127832234
299.98725798830986,209.78004244828634,109.8535363131642,100.27457952272071
293.8861241389004,206.98141212859065,110.455184695882,98.42499224646268
280.28566042562164,202.92125275904104,110.93451254358217,97.8686056251493
269.8075971141243,209.03939055601137,110.48313603852516,101.24899014931168
263.19056096480773,225.31236910579779,109.74743313726808,102.70200308147712
256.4493579326306,238.91714250065175,110.41147696559932,101.1287458883268
253.39786084680492,244.8065513266527,108.6613283989085,98.68668494256269
262.562718133398,235.19367847388114,108.37791089908657,99.86792838980507
267.2128345557504,222.99500933379176,106.8991383014215,102.10242868780611
262.6031428822823,217.12479294484638,106.52086253733478,101.30450563836531
260.1226014110707,207.95936675959706,104.71410366380952,102.36593929243327
259.2113074741248,205.1572731760192,102.38609778007199,100.7676933503055
262.8053771149365,205.94201418747576,103.21091034933967,99.66109867413692
269.89564897476896,193.33226501516214,103.43687793643738,101.81377496676228
272.983679387024,190.27892691032636,101.9017239226879,99.87567902830146
273.48466865614097,196.66197112596518,102.79752925991927,101.12193591104975
278.5950535659565,212.3744175179575,104.4346877163502,101.60843152428185
286.39116684751514,223.74402656007157,105.19520048733949,101.61184725963383
291.4968441430147,232.96230894039164,104.32092494449704,98.61038782278519
278.75862343832307,231.03788385322233,105.79232332409518,96.19047540862282
249.45993281433394,235.99172853717127,109.85744367729801,94.64130464118881
221.2652287761644,240.01761449855212,111.47323496286558,94.58295236564389
212.145134825051,220.8693176259918,109.50847443979947,98.46606344474887
202.74252575545387,192.57521994204373,109.80968142481892,101.18991707680522
201.22479617583068,166.60654467540002,109.30888617808996,102.94314743187002
211.20152407980788,164.71540431516823,108.12994361476441,100.71525054002886
221.75636841982555,172.78102181009308,108.59254535526131,99.2179324050376
236.6669112749314,181.27124341699985,108.74510962368731,98.51504465692229
244.6112271380228,187.65301198809,107.43824211869594,97.14256548288168
251.89379094985873,190.73675134023182,108.58613768075409,96.91406783481133
266.42713798657604,201.77682915031238,108.08726701735364,100.18738015593442
284.4886554224499,226.61270109742398,107.92891567832073,102.30815869213116
294.0266907001001,248.58886245731014,105.63423817416773,101.70226388983926
285.2738360222858,242.9620057778772,106.15541040516253,102.11282615617584
275.72450089665347,211.48641903417334,106.26332748259917,103.82844208743124
263.6801306009713,200.50692865429792,108.52813351890971,100.86943311634714
245.25300598189855,194.31494867438806,108.9284986322994,98.32027330230213
223.47898965198843,199.6602798372526,110.59066703430716,97.28905483185868
216.22770416057497,210.917773027213,108.74798693376006,100.84132537942813
225.93166511268933,230.1194217058781,107.28218653526862,98.68819205408033
241.52497026576796,228.64083129702226,108.04425901414557,97.17743921700686
263.9740734019839,227.61458700401522,107.65218677491674,96.77944710348176
274.29221181485497,231.91957711674416,106.37107733809069,98.4431647311122
277.03817906605667,235.75199774162078,105.5489741116272,102.34794075278234
272.75751832125303,251.3229332313585,104.38728076969151,103.50348646031865
273.81958245806794,260.745013527372,102.29803487389488,100.24330547491999
274.96668021050306,252.16128542802463,100.76449256679,100.82099040286283
276.1054689146682,246.85739822925476,99.89607899112417,100.98276088652318
277.48493006740085,233.20946190912045,100.71556802637232,102.91149752520487
279.8787654650804,230.01180618504156,99.47460939112372,101.88010456662438
272.089676017093,233.1642760254651,101.67143681615133,100.69207295920255
262.02890618787774,238.88930921077989,102.82121286374198,99.85705785810428
252.19469125404555,244.42785300992344,103.77669297859873,98.76485166087916
251.57081310982244,226.9615628376095,104.45355985368818,101.48718115101488
252.40507001811383,211.3216890426682,104.23200827446344,103.67454630986717
250.01496077626086,216.65961858916998,103.18454235570354,100.93762774191856
243.08695522010368,218.9505717499304,102.59122313812296,100.85382313167094
247.52675040102156,226.64343694425094,103.55508904459774,99.55726796733404
261.61118461694076,227.5857295976362,102.99876944088427,98.85788871620471
277.57786906221105,216.55111933771056,103.89618820903512,100.00591515951787
289.68097286902537,200.07324258526683,103.3799200943078,102.0700423063731
292.63732387862467,187.77625100071202,103.76363435776304,102.24503629396419
287.1041462030356,191.51336730920602,103.5746767893245,100.06592868460557
283.2572781897867,198.10761801696216,102.40707515407912,99.57956140147854
278.94474784444213,207.8440580027563,103.00504672581079,98.3435283537184
263.3075919958838,211.22658016820384,104.22700742500258,96.22986551543809
236.57197189206187,205.43156055292005,105.67018290486328,95.13995498556862
224.98488186338102,194.7103534063881,104.37364076373863,95.32146496649872
222.04296262584955,197.10846164947273,103.00593333273471,97.2735232834911
226.43397156879695,211.00708090269086,102.6587747226578,100.93881109846596
251.98393882078878,248.6912805642518,102.99576038468975,103.60144815229721
275.19233837223123,277.660263394327,104.22292414191223,100.61752683418784
293.749883138423,256.7016938847006,106.63706281997794,101.6720254725812
314.17282188599097,233.07398261627165,106.19708818739082,103.71665546793527
311.4447041055032,226.73786914559017,105.99615583683683,102.51772476311903
294.6592585983668,220.68188519433323,107.57372257132447,100.01253568321104
274.41796790066144,224.2121720678625,108.45599650213556,99.28651613155654
248.00218505026996,236.03646381948758,110.06693537186383,96.54061207166575
221.29354246842075,236.1930139757796,109.3076763461091,96.28322783781019
232.35381327464617,235.72947557784155,110.2590398697667,94.11305369527071
272.7109298907953,238.0423971939656,110.71824566334735,93.26266879889911
302.4027591494863,236.75388770376208,109.6762695800473,93.1310760525453
324.8505397655429,228.21500964510162,108.2661552778658,94.73608532080614
336.4158628979851,233.72880772224875,106.3555922496758,94.39114926935612
342.5690176257521,240.43323011171807,105.14216590418808,93.95715895971676
348.4296666130967,235.90396141071835,102.68631840709907,94.44813044374743
350.4063859197877,230.19085151481033,100.81597391374265,94.19440619717236
339.74577443860903,232.82234472465356,102.82757887988416,93.87212173900326
314.21932416594177,246.17643484595038,104.85477980974024,95.27456962446138
294.2191876928118,264.3889995070131,104.56622676723062,94.021330561125
292.960417307151,254.73299176425655,103.87609494257444,95.6694132463451
303.0368141572965,242.62958693839312,103.94065124838697,96.02677946240308
311.7249956242768,243.68069726611378,104.3623000942115,94.0356535499751
326.1617645276182,250.73958526282917,104.1768535656049,94.51505029366594
343.49269168484796,258.61283635153444,103.60481629826447,93.35581980662404
356.80627090141644,242.51015159116633,102.37092645033262,97.36288801205265
341.62066720878806,212.12000933202438,103.03525135878272,100.22331550519002
300.6858232565878,173.444408940131,105.3477416923824,101.2573623583127
284.9821448111825,159.0660380176225,105.05320954510712,99.89052327071254
280.35254641827936,161.1491125682285,104.04447343906767,103.16802870670148
280.0585962113964,179.1472503350611,102.73462502489939,105.45792031781168
268.33445411666145,199.3017282310053,104.22037717091219,106.40768873856976
247.85774713788265,220.5415593708526,106.18027611382139,106.15603091444152
226.6468246911579,234.7924569015562,106.69905246479043,102.98943520911351
218.53552923997543,239.37884363830864,104.67027961288291,100.41995229346989
218.36213689091858,245.2527005214304,102.95390508362536,96.9491636142015
228.2609611785326,246.65675357674593,103.02325327353405,94.94336820875537
244.6554465488014,232.89461434723873,104.28565124637538,96.59895808439573
249.88174347072174,194.55176558539978,103.63868904010792,100.67843917740962
239.69034901031017,176.20579436266448,103.61595847545742,100.56011322078056
232.40207958758575,168.94864542471467,101.4973717410723,98.92215127002005
227.760096467741,177.9706207318428,101.88865113688973,97.10339749414264
208.52551310067847,188.94173282438393,104.0931770629093,97.59359976169712
193.8705921787896,206.34942644066714,103.13374896344975,95.99963663191392
186.58640077232144,209.5771801771075,102.02995064693052,93.67449453073732
184.20054712739628,213.5254914720196,100.97109820625103,94.12489113646973
177.5329515516794,221.99213768575146,100.43689887001392,96.85690861501187
182.2188083769713,233.1845617481063,101.29271855988418,94.43592195575633
204.36901177603085,234.33169271602733,102.67510442533934,92.46024025992546
235.10492837735012,230.57644018515583,104.0141156440875,90.72234654084569
266.1211021229992,222.97141315816188,105.40559246309206,89.7153595792086
290.88762179140036,220.38956997037633,104.58457781501045,89.55460785968694
308.962975874875,227.62559744437579,103.48976640709438,90.28771972839945
309.23479416375784,236.52764357250732,103.55112019244977,93.13539329550063
285.42777203834584,244.8724100999686,103.69191691519752,91.48838553202098
229.11468718057128,232.83179339273684,106.75054360096152,91.33254886286632
207.9099744681417,218.58482870646864,107.92455642816441,90.39560436455311
181.52625714687323,217.20300604198545,109.09177515883611,90.42092385924518
173.7914355872754,226.7634122449906,107.96685574751423,90.74304548948976
205.94472958595955,231.601693294711,108.56331340444278,89.4416293022194
224.45523190910959,216.42378750174868,107.8225402339728,92.38513124153758
237.40160309256248,201.6771323569721,107.3983323366715,92.2701270169306
256.3560177200975,196.02350607853958,106.83678167657219,91.3580297126506
280.172015714825,198.55781800637718,106.7641995970292,89.88427737797151
316.2301489103224,205.14781849439265,106.35310288376886,88.97543271297572
331.3475678403011,210.6106651106863,103.2206820159989,89.90195810831807
323.967902241703,208.39019526186047,102.68914826873714,89.50498381594898
302.63338547719496,200.17493850108866,102.7931564681634,88.3854141770922
266.8317107338543,183.76604737158223,103.12586081324312,89.09148684137851
233.41772354373842,157.4564227459947,102.46585148986163,91.26862412355946
241.01193775144634,146.81184213692757,104.19016950388914,90.02169449086367
276.55887428851923,141.31766586954024,104.94814121734098,89.13818175311631
292.32994181346754,132.60801848340319,104.01926262191213,90.21581316479472
300.0884975924714,119.16809546298916,101.48098903082341,91.16450686187278
302.3828501083517,124.05574515661496,99.71325048122527,94.48133145991169
298.83327286540674,147.37811327372143,99.1897843845346,95.89534919298393
307.5889857185968,190.97049418586568,98.96336043291525,97.28524099418368
308.56944601865285,226.46366207150564,97.02987341072813,95.29882129956393
307.0773552178347,230.80067089667446,95.55986666550164,94.65980063561544
303.31370367490223,212.74114631095955,96.40108023568048,95.79445191886168
294.8260591627795,203.38450368692338,97.90669705686207,94.64418698077677
289.25416799216305,188.46210291882642,97.83990334066087,96.02152216260059
289.08044734857395,165.90711784197532,97.71801440642444,98.50612610536527
289.638822449996,133.6859058404341,97.67804702618939,99.28296935893604
288.3671682683678,87.74195006979559,97.30225582012514,100.80104600031068
303.20516450926925,74.09212492098284,99.47258253693056,96.81190273409342
323.67374441148775,89.43731713836817,100.208812167308,99.69691579077784
332.48431245392993,127.80779290239677,100.01651671963064,101.52864187502533
315.0045227295525,160.04765340738567,101.83064939104179,100.49281048296744
301.8007320260981,181.78922067853904,102.30850133628068,99.23277469554353
289.52897168602493,199.97928280399452,102.45062431134883,98.40662841094112
280.07346313383175,213.602472529429,101.80463839449504,97.99840470653214
271.1705870358415,225.40240295079934,101.27132885341497,95.48757126857666
264.8212924143581,232.32615854731282,99.76455005438959,94.93537200334511
270.80712772203077,238.31604056701218,99.65458426539915,93.11265237465196
279.4986575141519,234.1983318477799,98.37967134863743,92.99738087879027
287.4007701862954,222.97249178773671,97.73470675416728,94.33642061801731
293.4938926467882,209.49974657100577,98.26878730315237,95.07650486251437
306.3035873769204,194.82831954223212,99.33839892626207,94.82976884742982
312.38351076979063,192.3408606002913,98.54921006135895,92.31799907109416
318.23773275866995,194.6265337688709,99.02564157188152,90.3407706138025
331.7919834601948,200.42314876245257,98.42208401648816,91.27604022991066
333.0153515380565,215.5076871949193,98.40914712757987,93.25038835277022
316.28762582007215,235.03063391731598,99.45217638337284,92.9991268659846
293.57888434183695,252.27169728841204,101.51103583520451,91.94541732960307
271.0406893501557,263.5215940941216,102.00413571846943,90.2563403472123
261.7341771253581,263.1471758966681,100.20068105734684,89.08213206057023
258.8033739777736,259.4757019007001,99.01041843695792,88.77240633119283
242.40368377022986,229.1655714320969,98.85273326977003,92.53210589754954
237.82795708764854,191.38307902255693,98.9278364228355,96.38123988655133
255.8875274348755,175.71741911099556,100.84690373619411,93.40023518574826
275.6427242478362,177.3267542238586,101.92084925211837,90.65711987330465
291.36886634798435,182.83500984774767,101.53729826715414,90.48949320804599
306.1182520701375,196.06473795107757,101.38083295993289,91.7804375445991
322.7750773271318,214.17711986459878,102.11422529262394,92.7327481499297
339.59560960725446,230.42192938034702,101.58810137568912,95.34312377785707
347.5248191620037,249.89758938597603,100.10085612483323,96.88291552197012
341.56678722129664,263.6225663989072,99.24074927565657,93.09328368543873
329.9285176354478,264.2901382282063,101.02008843514716,90.63709467581225
299.7527346674939,265.88669050742817,102.13436494234402,88.67706704741457
256.0024636418828,268.8291030608652,102.0658228260858,87.19318331245822
213.30388398777458,271.04020924389965,102.48474879689985,86.81062758548838
211.53601799167058,249.58009666467845,101.0141164435573,91.36782326395036
221.6257462748847,216.65005931324623,100.0071604874806,94.7962764153011
222.04692049372073,191.28056541105877,99.71404900306706,97.41546365204907
233.23297601858883,184.7256220354827,102.60235589156335,93.7097967380401
264.6697685437531,180.69077131601318,102.87693368303167,91.41257389109047
292.0506772709084,186.22222709444247,103.67492686714873,89.30717518976168
306.4175168555178,189.11270629436865,102.49667906389672,89.15839605016319
314.91503209555424,193.71213594112908,99.77746264022039,90.19328900731378
319.9836598797139,199.1029649623535,98.94047238409588,92.38997874318524
326.9841957400656,213.13227660247043,97.37729453088511,94.6078046664426
318.3360825221797,230.24538971065346,98.70125953782394,91.72981262671227
276.1730392098991,234.57413898548725,106.16620114285385,85.59504323544614
233.76855521032962,235.65385719474534,112.34758277724679,80.42434535376468
197.0411388460959,235.52704801120885,110.98330082065563,81.37513648180112
173.20287713575863,234.6097857168692,107.33393465392784,84.45167571701056
190.65718764026343,232.15520454490684,104.93956916859983,85.02238858278585
231.03817707526102,234.279802321931,104.81699459547968,84.97233739214091
245.68929649533248,233.7960442660882,103.98835805025863,86.78143252384986
250.71205092650223,232.73286267158852,101.74176028258468,87.83323542823464
274.2031261238057,230.05076144967143,101.47762746610273,87.62140809454192
268.47250693653916,230.68420159042137,101.49191588183453,87.62479732617224
202.78035621488746,213.95130382835896,102.75066800873168,87.6072058568889
156.34700608806702,214.90095151801552,105.43143991764602,85.12307786887597
160.22053865038782,216.6564815840293,105.43137501044217,85.12310992282248
203.1955430924131,217.19930000641767,109.84325882658693,82.55700373199933
156.6708934593279,219.93926367602026,109.39673137156588,83.82198806347895
156.64490069721467,213.64472222311136,107.54584171077953,85.67994323034412
181.95843032299103,189.64806407351188,107.81290553661938,86.64969614453334
214.42028553840757,165.08891137997767,105.34097351765155,89.73899457359389
214.76339544938563,159.2803286059352,102.30935073968652,89.78812022757481
219.17555739747624,166.40165357624613,101.19826031442204,93.42359070931624
235.1232881135731,191.94555484647142,100.15253604958671,97.3785013341489
236.50580730067819,218.92091071247881,99.45521403546871,100.48940840706575
230.80058673783861,239.13860971031437,99.2592956793363,102.0809955798517
238.3682259218615,259.70557265534075,99.50654847736723,98.8745789976603
247.2512174766223,264.3523268513979,97.43564326396381,96.11666220787137
237.132973471117,255.3049596676891,99.58796379450565,94.23485887082117
217.29690085387693,254.13549281177075,98.91449364202286,92.38463509669603
225.3008841164259,264.5708438428977,99.88089807334589,93.04703125526724
253.76242739695556,284.61371929076233,100.36888710432751,91.28047133854196
272.05281612117585,288.62754631896775,99.15485083630693,90.43064368670268
270.1281640286912,268.4933626878479,99.33758054312685,93.18979845504592
267.15252616350585,239.91507633505117,99.1427872236623,95.11711548436976
278.78777980223737,200.28394744023385,98.74126035391411,96.96923228279347
269.7263083609009,157.3938826878256,99.35702016163587,97.17311361866469
250.63626024215483,150.4666325822996,102.01206146748737,94.05614585791491
231.59234682596394,158.7321880950725,103.0573696841465,95.27868740500095
226.4737057196308,174.21799345727618,102.30537214980345,98.00969814055449
222.32676456025968,206.7072947670941,101.78053651200275,102.33180810636789
222.2077268502983,237.34230440375472,100.95773174775198,104.04817036380838
229.8070528636502,253.38299913859302,101.05840089566968,100.37481807980072
237.4947418196795,242.94837533036522,101.74319601827908,99.08578246261374
244.51980991482614,229.29517552256482,100.2587231656933,100.71234008297527
245.16362525629233,224.02741746479177,97.7433302604709,99.13536077615808
258.0761239072848,220.93920080850052,99.50568571117148,96.15408687438516
277.3606413769018,210.77647016547655,101.01950218184963,96.1211649817221
277.90083521533967,200.81113163710924,101.07259386173959,96.5022147343796
266.96138778938825,186.33172764561044,100.73641798915509,97.70138488473557
272.4459306204552,176.27103978013724,101.9549543973337,96.1806593278402
291.85968765965197,180.64222714976836,101.42749677645979,94.40122528147957
294.0777144300853,192.93421505019413,101.13856800289653,97.17461985721496
275.37393744532756,223.27402789069112,102.42578734716788,99.62116147358425
267.63132922179676,246.01890196254098,101.55337211087985,100.74578176860526
282.3147287942848,260.48471361925255,101.48794740132864,97.91587545042138
285.11342942678027,250.62716896323633,101.1816857389988,99.13826227832297
273.9051573467417,239.3713232583524,101.95266295876834,97.81943496555664
268.65896546790134,234.46359518773232,98.51958780836793,95.20825154991198
273.5758941632089,239.79023529728934,96.62253328182761,92.26084768120081
273.4520999680379,234.387667312265,96.1366933131379,91.75219046887645
264.90111161631023,229.64550644431318,97.24244370586325,90.31797315753887
258.09317276359803,221.90553096428403,97.37635634628525,89.21065147355424
255.7938448734915,222.4691936312697,96.02481538348678,89.12000350011755
249.94357910609455,228.23668958514668,96.8959487630683,87.95886813685821
236.45150542000113,230.88296784423272,98.54819649231081,87.57938134372276
236.9325766613119,225.85753886366558,99.04927651335134,87.4497707455919
265.09638634884027,220.63150165692338,100.07576404137076,86.36865920021401
286.2538849025463,226.64921119250295,99.32440752844116,86.87031612545375
276.45091542398086,231.79605121437953,100.32545375485913,86.90988612747694
254.01933443254833,239.8701288218989,101.5518969877242,86.32976126979904
253.20337810648408,243.8738078594991,99.82613098804302,86.32789635866118
258.8413814946285,227.02900264350643,100.22347931429324,89.20014495898144
267.684496643382,217.3555870517106,97.78406469824387,90.45443158690912
267.9339176352917,213.40761888177985,96.11971766281147,89.46068992536678
272.82015403506017,222.87052056741504,96.07410681700989,87.86260528883756
281.93215309839803,227.0095492354958,96.13197857863982,87.0893749752286
278.75167220651855,226.2847945844117,96.82635825485485,85.1135994148784
271.74061521279623,225.52295345778097,96.25687659258031,85.0317933678164
272.18218841200274,219.19522060985477,94.92162809927856,85.26996837610777
275.3895237706276,224.93587805685308,94.29878315336066,86.21991454473323
275.97762373830926,230.4404945579165,94.63541383304093,88.57163010522844
268.10726627359793,246.23757372284456,95.6414266521731,88.63262695725714
266.06445668080914,252.89687818945555,94.00891572605627,86.91936756474561
271.93349770353313,238.52003044974344,96.62653417346718,88.08900428257314
286.0101978180385,221.91269736512447,96.56522455114597,89.85030321853466
283.02209769426855,219.18452773524785,96.90190844507865,88.4532021935589
273.9780757157072,228.0287203167298,98.48324997910572,89.86796835200619
264.3688139594911,241.0818183934006,98.9528072744969,88.3339806032056
265.1054617866165,230.7469290871707,98.51917672320477,90.7221449120765
269.53141719942175,206.1540546742563,98.08282948096823,94.08267553722175
272.76214407591453,205.3554333042713,97.17447631392024,91.17877577536068
275.19179382668545,208.71430133767285,96.66603550073286,93.55995290130656
274.7416495626007,224.09718705735477,95.94462231152568,93.95407068313413
268.018882673189,235.95211022795206,97.80949813136468,91.68665293080679
263.61155784194204,240.41594006130225,95.8176397295885,89.58099138346063
266.0760874095616,233.27783661666444,95.84612206010874,89.47562364199896
268.6625850319082,230.32445734875682,95.67897140846368,88.05131366203656
257.61815751028587,232.43732281242205,98.42695654814383,87.23124074137421
248.37952787565365,240.2268271896604,98.84307766433207,89.52095299519829
247.84088978393538,253.16617142871135,96.81375809314525,89.21951976611986
250.26103897584935,248.67401493449293,95.9794945603915,89.12941850132181
252.33543050266485,235.2516048901956,95.803996228135,91.24264831892037
251.14500475773553,237.33046937956394,94.70514596056265,89.31601489262817
248.7001972261156,242.23811021273644,94.23991406945682,90.92027363155657
251.35946696315915,255.8220310346084,93.8168762089866,91.18409740834493
253.1966312856779,261.4606014325125,92.8044104141383,89.91219228453377
252.8562195144887,266.630175512327,92.88577156657075,87.8650725520288
252.2990927899503,264.75284480806374,92.92076752739683,86.6971017431481
249.74766360992191,257.3448022990074,94.2682767282129,86.49147636544778
240.14655682854132,252.46570897143738,95.91044695601313,85.98882546565619
241.5270816597796,245.62751651198056,94.99828080317248,87.22210850163523
242.46633858730212,227.55581287758534,96.11680006732914,90.04862505387297
240.53776746051398,220.1801611993149,95.38539127644125,89.73436711585816
240.6336251139956,222.69134077155346,94.17257687890182,88.0901267248143
242.1230629319312,228.66352498073394,94.98212287389003,86.21493498034249
246.90148595098617,220.84152865627243,94.96015175185673,87.31509961870644
251.18892634871378,209.86266506982224,94.8921898635671,88.79463160117712
254.2488182013679,211.28964630753006,94.04123025875323,87.51729959889836
253.73514639494095,215.47226180158788,94.38560310935432,89.92617272912995
256.2042700910251,233.82421670815168,94.0430607495347,91.08164554539682
258.3819054935084,243.2601357000336,93.38807680980239,89.55175320982636
254.9763187033406,239.530586006521,93.82046907147345,88.51199795970561
255.821976559937,229.96626453601348,95.10423480206727,88.63247172652626
264.7024630815972,227.56658291886427,96.99154094881034,87.35059907520458
265.8505168721173,227.6529772600197,95.6879132881575,88.31663950494664
263.5485502040899,236.12309634124034,97.11604725440017,87.57577840244186
252.035221990924,240.23744963317733,98.91234937165,86.6170818130747
251.28487921017333,239.57408311683247,96.94138576322943,86.71936604567748
254.64511293303954,225.7912485984615,96.93408026284003,89.3822774377661
252.59348186948307,225.29298349628095,97.39726718319639,87.51574859824291
240.05925119824278,232.64434491883358,98.97817588285471,89.89038781368453
238.13699684761775,250.2575397554576,97.7634265999434,89.65547992144234
238.31600835740173,254.69855605378893,96.84665736169411,87.6474979419977
249.15821750572906,253.2327530622134,99.55613898264197,86.37485692731552
266.9562073045053,241.36109528965977,102.36045464265779,86.4293296989853
275.7597000236848,231.53282415080363,101.18337223469445,87.17924432166826
258.3608681337646,235.04688835489335,105.71712762830427,85.8566789818787
240.88615020370085,249.43179963144047,104.08961341518959,86.57426029841336
262.4017039382427,253.9383914430993,104.55461876959228,85.22996047560227
280.6191187261584,249.57861537663996,103.80028159488393,86.6271969156194
269.5345109759105,237.53272091265538,105.93106974247436,86.31979875557585
250.9804312546015,226.16642267648177,107.58195379446741,85.18927991725414
236.64895177774866,227.27890333116318,107.29304659827076,86.55853590830634
231.40788091067014,234.82748378880595,105.64424503408796,82.67050146549396
236.28399328642166,234.55276785772472,102.31730991347482,82.5548593964392
239.3037243841298,230.91383789170453,99.75613899117558,82.5689187074469
233.65345602875217,230.86046842068902,97.94495752413543,82.6897313007619
233.09085414390762,231.8064178494236,96.32979817279181,82.56407351690106
240.99455136955055,239.0059921828148,96.7786998793429,84.54055046047029
242.3823335889726,245.9901210297755,95.26102804914132,86.47053285596536
254.46993403716556,254.14574281748096,96.19021443608064,85.0579461256472
307.5367454705256,253.42276862072134,99.67181068557147,83.94912905629111
314.0646085180765,248.3531594534727,100.8677029757846,83.7848195587571
280.0955616714786,251.03486661949566,111.80668167874603,78.0852007873096
230.9788638558894,264.70453437020836,119.27310953648697,74.57989925194862
207.66827579280002,274.0276320095396,118.88748787213835,74.40598638295414
213.82797604394477,273.8459841291135,115.93803289597187,76.89776424715407
236.9775128423666,267.65132805888265,115.23164881328839,78.97005120298446
247.4308890111982,267.2283755014855,113.83892502481957,76.86810585200413
236.65685159138494,264.6154863719525,112.87475087152615,79.07564532818756
218.3496356283534,266.18847782655024,109.73315557590949,80.0267111784525
209.84927521231563,270.2182905488359,108.556220234279,77.65707005547537
217.82663936105826,271.51748747545344,106.67033005630057,79.18034883255038
237.25447921306562,272.31469420170845,104.37400322704175,79.95523884492988
241.01182265816774,266.95280216508206,105.13879154893465,79.17512143655422
241.34302960008134,255.18675291763128,102.54163497597476,81.48355660137773
233.78826576117248,254.9759928288577,100.82332184873879,81.27149800161165
234.2414385707309,248.40175252462836,100.4586249751587,82.17439030745803
241.9368973628135,238.6166772327936,101.00245413324205,83.3223607153463
246.42304047451012,230.06832571265755,99.37564692138452,85.053137966739
244.57639840844723,226.71532194460625,97.45048756443555,84.71723056296122
246.5322403378127,216.00429802817087,96.99425614787381,86.84677313154974
249.46777419085205,217.19570166197252,96.16757435182927,84.85700038171146
253.38733024505095,223.3674517812292,97.50343000923961,86.25030510535633
246.39474708599494,254.2554560395403,98.87566602950007,88.29714586241577
234.14530230526398,282.04868264812217,98.50532913527348,88.18840336912895
227.84304672896684,286.1234686686947,98.59966553658603,87.15558681351858
234.9938262609674,262.2757161365325,99.88080815562935,88.95314265909306
242.73866811439305,239.63073298164147,101.97492190361203,90.05114577307425
250.30042873682507,223.22404970005744,103.59938840594039,90.78026093243375
257.18464547322924,204.64210270148746,102.78889312740696,93.0855772013022
248.5966937997971,188.12575194732506,102.66200487881221,93.29027577993952
242.2852948401063,173.05201161750085,101.51070154086962,95.01422395362604
245.71967817799052,161.1821463639044,101.80503320036729,94.38886313696639
248.07080936355362,158.00842383666787,101.02881052498086,91.56203279318501
258.60290712603455,161.2502407044012,101.4774228460883,91.39369856867422
268.30306869711836,174.42435656474794,99.82836618341285,94.08873886641337
272.99132180884993,195.84801405758628,99.49669505058694,95.12202767101984
276.3001876529544,234.55845357295277,98.58614338557135,93.07769740737672
276.49389632952,228.3761530424482,98.87002268857195,93.42297130468957
273.00277054855235,203.81918282294882,99.38550550889958,94.48162915091488
274.2790775368884,196.1635937473905,98.98225600366301,91.70546599343778
287.542583706021,194.64361437004695,101.14403303307355,88.59705925053578
305.82673597289096,202.56139435462177,102.25077732745862,86.54308688209413
312.12952817633106,214.29035725896424,101.07860928715556,87.86453996440041
301.76153257644273,215.40389731964865,101.54450656908554,87.04569706188843
291.66124050904455,221.74323739932677,99.32605383864754,86.77260695990522
292.109146085521,227.47220773891354,97.9222988170576,86.82786799429365
296.4401623202294,239.61345826566415,97.22602991651897,90.09304111986962
306.0118050544656,265.68164072552355,98.07178673015109,90.10310716938909
312.83412669883484,278.45200938382527,97.17182098505268,88.68643715930423
302.10019267982557,267.2670287971424,98.11324172692863,87.92149347121976
293.0299416414899,242.46513123895625,97.34652296314584,91.4867067394475
288.82761776528974,219.86546146077475,97.93863113806206,93.24918716495114
287.9379750610068,199.1851910548409,98.36831456260394,93.96509754468988
286.8645115088584,198.84110210604462,96.3384681187745,91.4508716584843
286.7451234503089,204.35313405015614,95.87396837651758,91.03570593310306
291.64407238236174,219.51475216161109,97.43173953401838,88.9151102436404
304.84750108503897,226.3066560760662,97.16375618261893,87.95707202990351
310.03238258953144,233.118217505981,95.6107265339245,87.0775471543879
304.54699050798035,239.34416688679212,95.35115829529329,85.64856995496045
298.12163409283886,250.99921857412528,95.77769586312512,84.78726952829217
293.59503701154586,251.9133746292532,93.50427659950263,84.09038112981308
293.7459029691014,236.56275136537167,93.3843361091428,87.01275993601854
293.3905843379457,219.95146655589684,92.79562191767307,89.61204235404043
295.0685590259974,208.5357202426062,92.99143083090688,89.60517133316077
298.6340773559714,198.48766450129344,93.1903411657404,89.38460953697775
298.9260309108965,198.87740145557655,91.81724090250886,86.26164383573266
301.6410653409839,201.0193939282985,92.15769463678588,83.92041530470222
308.5594989271216,206.80596053926968,94.9938373369471,83.06307855340197
324.6237435898763,222.22636178285148,96.53828731197471,83.4334081157989
329.795993811726,237.06324265566488,96.33979822081443,85.84026999688109
314.69961051330495,251.40084659348526,97.73050182937526,84.83707063564464
277.15187943537,254.30046621037462,98.95784569911238,83.28886423115057
258.3071501262556,250.84395890124384,98.59473397432367,82.97264176979178
250.12546972141416,237.38391688797353,95.88793296454844,85.218281597724
233.66155844233646,213.37594948079402,93.62059942529173,88.97800227023734
227.9183754025603,191.3007694829918,93.91470953102817,89.33842238547068
243.01151291210599,176.02006660644133,93.61262793234694,87.8313810255345
261.71053027094194,184.97166215331893,93.16869859187231,87.88640183058301
277.9196981903057,196.01171669845178,92.19638669418475,88.85853120467274
282.36811004133205,204.0437691690024,89.69448429492752,89.1477072846897
286.04987754658794,210.0017134954099,89.77920959172776,86.35039658902807
291.6294715334317,214.72252632224854,89.4894292718489,84.70201768141395
294.7886459849582,216.56725116703507,88.64390637282415,82.11474096261271
296.5275883405158,220.04976720707623,87.57986648554615,81.52473558541124
296.23453608793784,220.9717535406698,87.32650125984804,80.76667407297114
