227.5,207.5,122,99
242.1265992874237,206.21032636556373,125.9626026641663,99.66597254686859
256.75523958712154,211.5414669896968,128.41685656489267,100.43783436500874
257.86713460150287,219.21803243838082,129.20514625185876,100.93425657585603
257.39515316101813,226.79074556511608,130.09768213728256,101.26150469219749
254.91598668815317,234.18043373149112,130.64963061493393,101.50317309058754
244.0461895678771,243.02506803670403,130.87483581740014,102.01189299029356
240.5295509283211,249.3156511854558,131.49258241490202,102.73749987852
245.15394006577276,251.04764640207253,131.79306523313835,102.2220179463394
261.2901520972195,257.11844186960457,133.45132812092842,103.29668982865815
252.76461209806462,264.23498032189207,133.76529416660148,104.03454874561638
246.1474296822011,263.7726732758897,134.57746833212983,103.38319373762255
247.15241719223155,265.0436944642791,134.68540035934066,103.1296192449075
254.981729544475,271.791118895487,134.2162707415237,103.82718657359283
263.4734515852185,283.898203208445,134.7204594115015,104.23016348600684
269.35747941774724,296.30989024754217,134.73218127329952,104.01710663803713
275.16699659396977,303.8529771552832,134.3721229035205,104.0515888360438
259.2207476399109,302.0406073381204,137.19567969530527,103.62571411337474
238.59377106358357,293.9081951945065,139.62681790655355,104.6338397922042
234.33793250613786,279.46868714305947,140.68221955834076,105.02261770540098
241.57307381877317,262.5232367771411,140.58424757149788,105.61352301487446
258.14654426880094,253.05907632716887,142.14071777373726,105.63541462404744
269.63229872302315,258.350274351032,142.0408118773778,105.80796528500032
258.6186974846158,277.1197517993889,141.17554304071598,106.33717902842332
229.1718246220182,291.9016195055152,141.80142453861623,105.28597871138547
210.70586775367155,297.38558268768196,143.0322846559247,105.8640299395203
229.54662808500458,271.25051116841786,143.9721438455536,105.96148163283358
252.9105783692773,248.7927423461761,144.45500530093398,105.82795464108665
272.2553913976458,250.16674421890707,145.60771017681424,106.1626828578287
280.72323991893273,257.75144846308683,144.3577764933101,106.44208876155905
271.4011748839024,263.0980743859214,143.73867337855637,106.47696153442014
246.52373419377315,257.14010812119807,145.4105812785902,107.34593132582972
210.73059789716146,251.49656867276906,145.98326592015343,108.00845177389624
196.9143831772502,246.89330354093863,144.76235711839882,106.96155357838964
202.60186325803653,245.71332984805792,143.29717364444818,106.54735655306399
210.6145434521108,247.93652996208846,142.13249955848474,106.16750562615042
214.86154190026096,246.76503255573238,141.20583016157406,105.38618899171902
216.837342575102,252.16863103914602,141.64945815149156,105.48856176518713
206.92409445805433,257.65206789189835,142.63905367452736,105.69385583769757
199.93215330933626,249.91115189626925,142.96717329953918,106.59003738492503
200.81372663165243,235.2406316762756,142.41552050466117,108.03144441731959
201.59680071176945,219.3157231578337,142.86308045905116,108.75644074497481
217.71124605974313,204.49246735852,144.35483948234207,108.85197654404172
226.2777784290096,206.01097265748461,144.89062087418023,108.35447476569254
214.6878093014567,224.74601824846417,144.11675129847546,109.83126392430962
210.23352687811877,244.43508550201938,142.5096711179907,111.40889418770703
219.71342750019096,257.55981619956833,143.19200549396353,111.53884258264821
233.49271760484987,266.68190978633584,142.61770873191128,111.8638482954657
222.1697114803929,277.1930802009608,144.0218768035792,112.6737542466112
213.4934216285864,282.3385347389216,142.83097468040995,112.23830438394644
214.11382009926876,270.9765898368769,142.92697044648844,112.76447079936408
202.13992906979632,246.94022213731677,142.45788429559448,114.7373526828593
193.79627259504127,222.50102771352107,142.75058970115924,115.93535212615379
205.9832255769906,213.246145312944,142.82538559578109,114.72025578228838
217.15388126593072,215.5657714994633,143.5874181815239,112.66744611821893
224.76105974768797,219.42753066252152,143.99363330815834,111.43994477132006
232.71266417786504,211.36520846909616,145.31683817461084,111.59962619888117
238.0127170556332,202.55167228683084,145.23730031305644,111.24756877215206
227.30582910111485,202.64947971057853,146.98091592851404,111.10943831300816
210.91249779034595,215.00486530692172,146.8511127907745,112.27494313655708
188.30297088379683,238.87022297884434,148.03696729356997,113.98586673924508
188.0597971356779,244.9057239301276,147.79935373452903,114.13623362635138
207.63516267318033,233.81398665765352,148.72263923056914,114.66241675894605
230.93409222746794,226.53760551833642,148.94515365715014,115.06486089182829
243.4178563326911,216.4607737206344,149.84861619987774,115.06444314262785
242.93725198876137,204.09977007508724,149.8914312162245,115.07128624915183
233.5052937371275,198.07274626922978,149.11798428565442,114.26079185342047
214.2607422771124,203.5435427872388,151.1861391771201,115.0494911376539
191.8028500078625,210.24785463415407,151.70017887309064,115.18008062436536
174.95637879648208,212.02738067963355,151.36768870918155,115.55537139458191
170.99636628032985,196.30924633643147,151.58465263766522,115.86134337383277
171.4022923225798,168.3591162307189,150.50393464001263,116.65722583867584
167.63526168528568,158.23137118697946,150.9602156678662,117.01145364282958
168.06463319183322,172.43724920518153,152.11000136418278,117.29088641868127
193.04456128865354,172.9677454481184,151.65810644373553,118.50917960213435
224.9993901956878,166.8273489210258,150.79287459402246,119.07213055426877
225.81122078890155,187.85434392736448,148.3581683569739,121.65804074911088
213.44968875880693,236.9357463377131,147.5756248121827,125.3848538483355
222.1089281166308,291.89823805470655,147.0353729489519,125.9202738567314
267.08994934128276,319.9269716199829,147.73446331214805,124.19883959361036
296.76965414816783,309.827207735351,147.81861525233296,125.77284284200013
281.36102581833444,273.42331473512286,150.18821528053002,126.23256823454628
240.85182177828273,240.1745134661933,152.58953504276232,125.7809443930109
199.17781006197853,212.57729887871886,153.4765904577926,124.796162905118
180.765707282804,207.24397454596502,153.56784008352452,123.17419729755437
186.65370915774687,223.88027729309977,151.87083299196394,123.69987442657589
192.04660893676416,242.25018623504226,150.88548375894158,123.49178337984911
192.20697394405326,243.2781248354965,151.53154287075955,122.465450651635
197.0458919681889,220.76153813098747,151.6509137011504,122.90707132627807
203.33487231490213,196.66538176346384,151.44565655997002,123.4805028357394
203.72857737045516,183.91244625079867,152.00212185703657,122.01075931334026
197.972189512794,188.07963250477894,153.89331649478325,120.8376102169398
194.2292651987055,202.1212538063509,154.71755261227904,121.1490762472187
203.937113229487,217.4868937895452,153.71051171734197,120.7008735208203
228.70044894044707,211.26911617534145,155.51616527711136,121.13243094649344
248.642063182125,202.5829859938876,158.58630211968315,120.20627135700859
261.9107932954423,206.30337169571058,159.29633372959648,119.74925506505694
286.39424252796397,217.89933435158065,158.3541545028344,120.6710325273647
318.5551421924563,227.34016200641932,157.86462293508018,121.32839012662289
346.98522283578154,230.11672003155917,158.9873451017989,121.38458708751264
348.73470653252946,217.51839011235612,157.72420038591525,120.44517285975661
332.10788876052493,199.77912114918107,158.3452980881275,120.862622224095
307.0901207933711,195.15330629462494,157.8504652175035,121.55765613090009
284.00381292197426,200.27370845811123,159.3156415376898,120.43925971713554
282.2315030356876,202.72266071769366,158.77719723097846,119.61321694189772
284.5786965489996,203.41931144787782,157.6309342792904,118.69539955469148
278.66521813828695,211.49883932496851,157.99953710443884,119.46495937057841
267.0079505339479,223.07645912843952,158.53166836719402,119.88042136275752
262.4776741341691,232.29475682782652,158.00157919134878,119.7976849117374
266.97680854712803,233.5121803661151,158.45752255415158,119.24538890918822
271.74463469148054,236.17964487904618,158.36978629633037,119.06578291189052
249.40895713603686,245.95963884028242,159.94217290135836,120.69348000223542
223.92288497165026,251.84504680637724,160.89791784658667,119.38941707602729
206.09307926287744,246.2160789688535,159.50625210348778,119.11792617636769
222.6257792787684,224.4453228458769,159.39180269426447,120.40695123970372
246.91377133525592,205.42286633303468,158.742412361807,120.53347589868895
264.1073499238264,195.00251161794637,159.52508169223435,119.34987426319174
250.93179803567236,203.66209773946736,161.01953416239013,120.08692684314781
234.46018599559176,221.3800507912941,160.83195227331302,120.59599754613492
235.25422488614464,232.95793418739177,159.79417419628217,120.76095333389566
238.49026320556726,237.90143344490005,159.89740540350627,120.2365150910959
256.4668723514979,241.0572211808588,159.90095896223087,119.58342789279902
270.62819341477143,233.08163730603516,159.53593173436548,119.91382137334227
261.66223203831925,224.54783592606043,159.1489133709368,119.34251383971261
251.10877298776393,221.76669922491348,157.5030734459244,118.28427952487397
263.5090117061731,226.5707509726924,160.66771632465782,117.40819926845185
278.4510260110721,229.07588832138276,161.80691349916165,117.99952998641537
277.09419264353414,215.22678231174459,160.6873826405486,119.25045730720542
261.195346031468,199.56516514846143,161.29731837261545,119.58050468308814
243.17681317825307,191.20870636715435,160.96515953070542,119.70489647360755
247.45881544720214,187.79088934316735,158.18284272931848,118.49252255649367
255.0721783687481,187.9736025496176,157.3461029244346,117.77384853087841
239.58107564471504,188.67116581248615,158.66124942779857,117.07659929300601
214.1077155850216,182.79883903218018,159.08076312628702,118.29681113456274
195.59791347506072,178.62551448275792,156.7511546997244,116.47299953241848
205.17761738770804,177.3365720827652,158.0365672784825,116.5258086583469
219.99058072712467,176.07495299478234,157.98629939786701,116.5290642579424
195.6161582771791,174.99278069592614,159.29789606777769,116.92304457113943
158.22317663801317,176.82710115635885,160.12139596720326,117.99570327948544
137.77294152026946,184.95611436795878,159.7870181802298,119.28446793294574
178.30116373122414,187.0597952838731,163.37545596046886,119.57402668674948
240.19825013172562,189.16916674003713,165.0277400686456,120.45565084366577
272.08788007645643,192.8862024235926,163.3071921847992,121.90181228752891
278.52556738625833,193.873584783333,160.18318894886244,120.91252555199966
274.62303635941674,194.59608648287636,158.37647083591955,120.25588626529014
257.98578733621093,186.39967517684704,158.63301310230187,120.333174285674
218.04970180368292,179.58910930230155,158.56122207018998,120.22477093192072
190.61505680164575,178.77618705194396,160.09598601225258,120.26693957127722
190.15210785088925,182.26466156862512,159.28113538909977,120.65140830830072
200.71580476873655,182.67947701385674,158.06112642584168,119.80609082202501
203.8410018550807,179.36027995412002,157.10423458393342,120.13912128640811
193.74260907141058,174.28388619994257,156.4686093388957,119.55174976003403
193.45411791162758,173.44592141841355,156.03429753195113,119.07751328839359
196.36488223052183,173.9788532199367,156.42941127392334,119.44879468008295
214.5169207897784,169.52761089124468,157.86336745008794,120.23271950012573
239.51117831841174,158.345230240537,158.82274362817284,121.02477076430962
259.57626187167443,142.30503745311358,158.58970176578808,122.63471642826775
245.45880415312212,140.8799515188916,157.4084222871212,122.61794422208101
235.52049490719352,147.40009964869012,156.97508518205456,122.24019984236678
252.36573486649732,147.11714205961007,157.96623444435517,122.4467455041542
274.5930305159544,139.30844463952886,158.7566039303531,122.44557669227807
292.43734408124544,142.14037481208354,158.80092510299374,122.27570152325511
277.84192848308186,169.5675947602632,159.02661691028277,123.65704043548953
262.7267765266374,204.3236574116002,155.70871067912873,127.08889248877256
258.1474987294757,229.3545707544788,152.58510456080552,125.47916083475369
259.02125631749203,221.29057723803282,153.1157127635266,124.92601459738194
254.09236922890994,198.98265100516568,152.27991871101554,126.0224311805479
246.22954395442179,183.69547706901383,154.28202704655186,124.4101068421582
229.7066666229543,184.6817292269754,153.84538272267045,123.45367527632666
218.57576240129492,189.1165779829086,153.46949013144328,122.51347691378274
213.3618846359625,189.3569765548087,152.23001982440064,121.23619124649925
214.79564620682714,185.086697114453,151.3231688227928,120.46043829096803
235.75246225857214,177.1975779988248,152.898653388004,120.36438033386987
257.88355112918094,167.86553988620747,153.91270931988208,121.25487410060846
267.1632556458724,169.45947925636085,152.2507555019532,119.8130196112859
264.87098572673153,173.7140268051779,151.13205303829415,119.783142996623
269.75724276066626,180.0708324710542,150.2775458673973,120.31256984236066
269.75488145500725,193.31476096381135,150.4193337552189,121.55005083902405
267.06940461470197,209.3045707030234,148.0081428893206,123.5868727058148
260.89825270347023,223.01714329411413,146.9911136734541,123.5689693449224
259.1176686523794,221.78247946382996,145.60285178677458,123.3821101864142
261.8743398966275,208.84139544579267,146.25968485064658,124.36272030012547
270.9324087810175,192.27931452445952,148.1184978722719,124.78711407638555
267.5763024259794,178.49062059674617,148.4521552844965,124.77471921696849
252.69346842560532,167.46434978739734,149.33825709261768,123.56176172067593
238.87813181755033,168.0383427969029,148.8447848009152,122.65515691473374
232.09583709172938,174.9320155021773,147.49392415642674,122.84384948331092
219.00452479570043,188.20738874432197,147.19347074555492,125.37221409826472
218.50546710719243,205.85933187829698,146.75725828176584,127.09046451854718
239.00288227297,216.5221060195601,147.85758938819905,125.45142632208044
269.1810619318794,208.40358583784968,148.90487463214782,125.81406273194911
299.555166278843,194.93302208300082,148.73251737865027,126.382095682931
300.59434564581954,181.46797724912886,148.1511557626934,124.72063452364856
299.7988561263471,175.25372344939842,146.3521158616663,122.10597786987454
320.1138806974245,174.47516506847313,147.97592719314434,121.83058368354395
335.8479541826309,172.29692121816203,147.36550155146702,120.53811746952385
346.22344647852304,161.98855707281314,145.42849706222174,120.09404330050484
344.1664436751537,160.51046995761698,144.34351375447073,118.82947578208733
322.37822158085766,165.13944645844197,145.6601312829065,119.62263495542516
306.27099345133803,176.59844194221483,143.72055769575434,120.58110310958355
325.41978247780105,180.03662734707558,145.4461653728088,120.12144601446161
367.5307530581985,176.127703955133,145.88575375302943,119.93380631000451
397.4435306011129,173.72211407537424,144.48123824849947,120.85450245173946
412.1473315729064,176.7004035581097,144.43323065000533,119.70617963556046
414.8276085694892,186.1178362437989,142.02843975841748,118.9866993197241
431.35558524135587,192.61852147475616,143.7089594981802,118.60906714668899
443.9377971628423,182.08263193054222,143.82185842437238,118.8869047373141
440.1918659427482,170.86515582563734,144.37999646117925,117.69741961497057
417.68232392393105,168.62178596298367,145.39212249100106,117.27406078757406
381.0219235357548,172.33382164777086,146.93003294752933,117.8990569152531
341.67250486470584,188.69521641967896,146.07258061677572,117.4658944466322
318.3770819842674,195.08411351048395,143.84042833077757,116.81374685620877
323.37264591224084,190.16663652635637,141.26924380750285,115.59871970721535
337.7479518745726,184.41782961256595,140.99272436635977,115.1623678518128
352.5789284604154,174.6484673881286,142.4497783052699,115.48051506069729
360.9295851902027,167.58104339853196,139.1354916324995,114.19656268588666
353.9760552522527,172.50672805795483,138.32700299307962,115.60863159183342
346.1729778168287,184.97633236233474,137.08967107803906,116.67635428800519
337.62044050576,197.0099274331037,136.7046791718561,115.0597523727856
319.18788011302235,196.1807222059141,137.97862487798568,113.90837173906064
280.91643182891926,179.78036893839672,139.6697376937504,113.06970068010122
229.8626353924243,179.42271699128025,140.39739434847863,112.04766579297734
206.46145390272602,182.24486383716757,139.46762536986736,112.42244415701934
206.5112582856145,189.34231967240927,138.49259823908875,111.90848074398225
223.04187716563038,187.94674448910075,138.5580465752484,111.83913411276603
223.00933709105493,181.0833901938101,137.34397743049973,110.65596397257346
208.56507557705754,181.4421173079593,140.7866977698959,109.89475068511406
195.09500274142334,193.33201110644666,142.44261988464575,110.56600335608368
205.54512701468283,205.7953569772301,142.8059859926678,112.26463967848161
239.75025496230143,214.21653139980637,144.57636364235248,111.97885897908105
264.3842310648481,224.76044755339117,141.4929397880892,110.1752330622923
248.26454131155464,221.84013449115542,142.03058093713219,109.65117365133287
214.91289467207736,218.25650471706913,141.875780954368,109.13917246876206
184.13245143536363,215.3526213931355,140.18393610455325,108.56435263744233
180.6928289675614,212.84919296922152,138.13920414196437,106.75349479410816
204.48152362672712,207.72679216557447,137.96299890566416,108.1470180963486
255.39954421159362,206.59421591649274,141.1518677090757,107.67018098193266
282.206368949254,208.93347692917575,139.92831299083505,110.20879915432056
281.17729157626894,216.1492302938347,138.22067608221832,109.41428964790302
251.30379512809208,211.48227786337299,137.8493790310623,109.97265034226157
194.8057234703184,210.5662826729813,138.39909595500808,108.82133407669787
148.24603763659763,207.53011725454002,139.08388205116054,108.59160621683364
132.67310253972866,207.42507502611323,138.27189892763778,107.1832707880518
146.02690970528516,195.54707921218005,140.25686005123666,107.39017679885276
169.5871627607717,185.07859486863532,139.54037997175777,109.32372370249496
188.67405703858816,183.25604814216135,137.31838890147642,108.39170877226415
195.1330296243691,184.28002557785877,134.92724388555416,107.26876529727743
211.3504887899352,184.1243492804868,134.7915809255157,107.80422770559235
232.32232825295915,185.30165865742964,136.68599861812015,108.15044108023145
252.23973595418806,188.81269544690366,136.01257161287916,109.16546066382003
255.75286967762986,196.4070403466595,132.9486521503095,109.02066086369797
247.69540910852209,200.18324054738122,131.61341230830047,108.09913891074083
235.16226613020478,204.40059781691696,130.03111389909031,108.41415162081492
232.2311603891159,215.24057645866193,128.26985936640602,110.13039642472728
232.03253692160337,227.65315642435883,127.45591393197,110.20997015117041
235.42229088411392,234.1461078534682,126.36798058046574,109.18356379105953
243.61615621698192,210.42449064343418,125.86002973040361,110.76852947333461
249.60685990340235,188.32241006914296,125.52879459114429,109.35747150570612
248.2478849402854,191.5191640668994,125.16286003976285,108.10169410864296
245.13252216512979,205.04843759992846,124.52898970002892,110.69054122288269
237.63455171043387,221.76191944855523,124.36571563597103,110.39564997435963
224.95519486489673,231.55780259888078,126.22358055690371,108.80831635193118
211.52121551850303,235.96466460777899,126.4478529551354,107.68180527816556
209.71901981428053,219.5270106667596,125.8692967279298,107.90337704570236
215.47069934687207,200.00441797859358,125.02859730782728,107.7533605482551
217.25140272684789,188.2100327597816,124.97782663910795,106.46124300064956
225.47849501075643,197.73988529285344,124.09279394964778,105.5538721477627
242.69159059181484,205.03848915353228,126.47110718206221,108.66234908827029
256.2638073423513,229.2840401473133,125.05991380855276,110.01168594348167
253.3885530100101,236.0752040164188,125.01330953149322,108.09400435395227
247.12346577168603,221.36063181947816,124.44912556392752,107.50198290005531
246.06996522661154,206.80858608428346,124.29148608438959,106.52210525423375
252.80337953778766,200.65737246885726,123.11536314288452,104.59683129795232
257.85272835605275,200.24378962422838,122.62188153266051,104.05234414564211
261.5546520503582,204.80917034223398,122.13249337256525,103.50528956540481
264.5522733294923,202.51218194591735,120.69362584099987,103.12772781433696
267.40074603183024,197.75516388533194,119.86954754371534,102.140980968894
272.71953693291584,196.1987518576276,119.66262503567253,100.92575917927094
287.0956563903218,195.1695531483392,121.09458640772598,100.48136686205368
290.04921107846667,186.23247564074768,121.58341495105284,99.89462252420937
289.65293882910015,170.72103444725295,121.18776231386062,100.31315386749763
280.64473593236164,169.64799113467313,121.65076997501342,99.32179695017678
268.295280448497,178.4450627161596,123.15023331090671,99.6190321899138
272.32636671941475,202.20267164483698,122.58747044466938,101.88708993680709
293.72671102049713,223.31052841961514,124.02420097092259,101.47618214286605
309.9409371339784,218.57474715997546,124.11534102911622,100.2785075253046
303.4747296098254,187.32856649374895,122.69572532333302,101.49021395053104
281.6308530738372,174.17453311298502,122.35000442680344,100.85085296242512
265.78801217830915,180.7800409539275,121.21860476644356,101.7776994860455
266.2377329945323,194.07695202777938,121.95421211947861,100.42284523384956
281.05643095777697,206.64186370475204,122.75952325475683,99.91486331056834
286.27499455948174,212.26904181048266,121.79951645082237,98.81699837870913
282.62864198726675,208.15181213610265,120.6459477915414,97.75503000072354
282.1245915945658,185.9191705804245,119.1612886339349,99.47546676808572
273.1472742957848,164.64938910105366,118.0770819839382,100.0438001736047
276.98168752704225,165.129929123237,118.63576692736824,98.42171749328226
296.7143019367257,172.92867556482517,120.63327995980794,99.56649221874845
310.7481451109271,185.24750760633356,120.93897617976447,99.64732636571216
295.08761064689696,178.5250479617764,122.28376108072518,97.95621736503152
255.76684735555796,170.09901330534473,123.60586780256332,96.39622498661072
227.38994239876195,168.77003007872727,122.91795103158509,96.1714592869068
227.61304023594982,171.57268049585826,122.50847807315338,95.69514242710162
245.49901507492714,166.6051013678843,122.73308372356787,94.74964920905049
260.89634262463915,162.1869504888748,122.71809933947588,93.76786815762128
264.4612148848479,157.95528212483532,120.9261901309481,92.81217851088334
249.56595194412398,154.5853893628803,120.9640438169613,93.52413343405483
222.69537413823372,154.52269092458488,121.87232894534338,94.15519781829411
199.0627418871014,171.71664550173486,121.44617575351623,93.7942662030567
196.03511232844915,180.70514186274048,120.86218077765056,93.9164556099517
183.87704233250224,186.62681411347472,121.63318336414883,93.34675078743828
160.19183750578145,197.86675015513114,121.44617419434827,94.04504413991644
156.91331011854447,207.79198809287388,121.09065277024436,94.04840050930402
169.65776545025494,207.05062504115497,122.05016167774622,93.25829970272292
185.58156793583447,190.00105581722397,121.32317743412624,93.09301096552632
200.5412326058432,184.10410382765807,120.39550916588617,92.70556519032463
191.0419586994222,183.9443581578833,119.88108700802505,92.51010828101094
177.01537631062263,192.50304838833654,118.10671234165446,94.09975144070994
178.90914813251698,205.7042689037498,117.80250657704663,92.75725074801817
195.1978468590076,197.01698269355705,118.41519548881149,93.78633557379918
205.06706918230262,176.43095996981768,116.15067547906227,95.20751508499865
212.7812005878288,159.63056414891557,115.78732069565882,94.14899352489856
232.59356878013034,154.673574081624,116.78652382521594,93.31636015697929
251.24087573539995,155.86390620351057,117.475140505497,94.72004988468747
250.43463260314712,171.68221153075814,115.52680285261377,96.85075032638373
247.0561746946276,188.20767015593054,114.26706084036809,96.50824524644909
242.44880782042367,189.2601533699944,113.11128544113195,95.99096845645914
236.83291145317997,166.96395059943995,112.90691713435959,97.03723523414035
226.7332070896116,139.46047585663604,113.36488413481173,96.47745422048061
213.1392596313971,137.4167776488031,112.44138607638723,95.77113086762228
217.09879234273967,151.3698442736162,113.8408631341708,96.01206564167771
230.2693221604825,163.9691606975586,114.8882541212438,97.8969727565615
243.76279521380422,181.74841746517936,115.9073504950691,96.08905812879067
254.20502402369198,173.53438520210423,115.45150081596736,94.99514046194776
267.6891011375832,161.19651383536865,116.14218295293111,93.56389619590718
281.07691839895267,156.0205880762012,115.9638995044109,92.5892277481166
285.5145142759762,166.24117591448967,115.6360929661231,92.35658821961094
279.8436368630969,178.91988475122898,115.2623250257684,91.94380021532182
254.86162217798946,181.564459633369,116.3770540114618,91.12430644164233
204.8924082158348,173.82613108297102,117.77251318577109,89.87910074946954
176.33097184781735,164.85739193834584,116.67037600359308,90.77086752138592
161.49791948984227,161.2805449846351,115.98839340875223,91.0998520133716
161.41491404178743,168.3411497643104,115.521975539565,90.87876128184085
164.06282091721684,177.9431478159163,114.39911634803235,90.1442399711095
173.91017735161955,179.91464368373477,115.42789896262533,88.89668518997085
192.8109531057521,173.94135190501157,115.88472071485833,87.25619256028345
225.55965679600678,165.90397566523632,116.92117258727868,86.81024267777342
243.74479208804817,164.54875523647934,116.95443975344,86.62869144315479
249.57620053946334,161.4698733126848,115.35793468685232,85.67429794592582
250.12350457780929,160.20418893606296,114.82150831325114,85.44178859209856
240.83492869132675,166.05434264226062,114.93757762772009,85.96190678547715
234.633956008159,176.7187884053631,115.74990431119426,87.11080036974576
227.57173844355782,190.77733304260565,115.35370765023549,87.16568337004098
205.00967023139086,201.47853228289773,116.49527724107331,85.93701764702519
175.41530724142942,203.68180265527027,118.36955391069348,85.93556723431135
146.40116338021699,202.581371733173,119.0294563181769,86.13871098272645
120.07031677342393,200.21781672132744,118.41469079152867,85.89291203272379
115.94858503218958,194.93323805156874,118.333391929637,85.14718518645016
130.6536254520746,196.30561894889726,119.8569658750232,84.93162966773303
149.65036428686028,194.21730367707366,118.45241642810814,84.25302320423913
176.6124121830486,181.63379210347517,118.20757707494042,85.20527889538143
192.25596209124788,179.71598010415508,117.70251308617861,84.60551003742368
209.30401227959675,178.46605728879197,116.97680455518403,84.0758444548473
227.82264762702033,176.95386858748816,115.9722868510595,83.70584963264719
239.72709913017877,166.84684135227565,114.90452802504045,83.21521889189056
234.84695112824355,153.0783558386675,115.51795246213844,82.51176099454628
211.1408711452426,150.29037627850767,117.91642910904855,82.14186878887723
199.0247337988135,155.20509436110586,118.42518161562745,82.18975482064124
206.13551265351072,162.90871014009213,119.97175993070809,81.62639437930696
225.5736644542943,164.2596771714647,118.706914153848,82.65371027078542
239.32114668761744,155.69982574647022,117.56266150971146,83.59957545903119
253.00193264589814,143.76918353555624,117.47252056238835,84.21929226916482
265.4971436209787,143.16954831793842,116.74683288041575,83.28813677437729
264.03561379341994,143.79645874408538,117.16512583288122,83.07365045768212
255.70454631935712,150.8567805501538,117.82300739355571,85.66206751449062
245.10491523041574,170.1702966213463,117.6106675511748,85.60552716287708
243.49264957352182,181.93885078727115,115.4644350862761,86.989958137668
241.58175329366344,189.19845677113872,113.64306491863694,86.17830194080686
244.64308060873356,188.758186888488,111.76575301997251,84.57274174768848
255.01306147526606,182.61835432402194,111.00073826261554,83.75012912088332
262.44947025358874,168.07395678996218,108.46045263498623,84.27885415116104
277.7599848550779,160.88956005302597,109.8864510198986,83.44521785361015
302.3767751391853,167.39899364689938,110.95655087160559,83.37278277951079
320.98582262314255,182.7152325004852,110.09168161169902,85.8968373599368
326.8810193163682,204.2332103430685,108.12608871658068,87.03304277706516
304.6678940248455,223.29414462415065,109.00414822906944,85.87723103863131
273.98514903055036,230.73646011587545,111.81386734363629,83.96459064050885
250.97046606899767,221.46709052166983,111.34901634779634,83.46521337384198
256.31399910608724,191.47544237359074,108.7093497944912,86.04999206135756
250.8065053030013,176.0901646499639,109.65766984390041,84.19013445319132
239.86743973723065,174.9847630191253,108.21321491587138,84.87996665506931
252.27849862267806,194.41827055844053,108.47153003682226,86.61525031301113
273.63320956706485,214.5460512236018,107.99291640610535,86.93122218581357
268.1795703730047,218.9477421234197,107.7206799092769,85.81723438337022
264.951719349756,200.8815464838216,106.5951379639225,87.27055614352336
270.35144974873225,172.80655054909954,106.2340869712679,88.14478354763548
270.6463433090598,175.32282623511443,105.45003932788957,87.69773003174583
274.62236025699235,197.20723546615037,105.0315332831292,89.82637632187122
281.9674526983157,219.0800108135788,104.1953160671085,88.60014325396747
290.4877289428107,204.64603649760988,104.68351304406083,89.6922702001143
299.1046774889565,186.62536778770067,104.79110002159344,89.00284513824326
297.6639153366285,187.5038076408955,105.40391395141728,87.09886724822174
293.22523699971333,205.13421044835985,104.35594999994247,87.0642045165938
294.2787319010383,214.58212703061062,104.63371127875912,86.34002891434814
289.84289479325565,202.05943859578957,104.98953447351155,86.35881925139743
268.76838637551583,189.56268965430723,106.60651548135444,85.26361207149588
244.1709856852293,179.371335520334,107.50232470494508,84.08622741341702
246.01057291296326,188.75989364262637,106.94534835433555,84.00608496949141
261.40310098512526,206.3876623661925,106.48403412285339,85.65350925331622
274.1956012341453,220.16403443732676,108.67273624627327,83.94260966976351
278.8038639163715,204.63938479937758,107.8269317451632,85.76295272312771
282.27718527714023,186.86087762496413,106.44763702701306,87.43602923626123
289.0595161829019,184.1424331257616,106.80574666934719,85.24612198909132
308.4596672089257,196.53677089121157,108.18138226988752,83.734490754456
317.8614734542506,202.78733802530235,106.9727690925922,83.42732812018565
297.7551971848404,196.60170309093655,108.0770757818031,82.72793644411739
259.6746919245819,191.64311553980687,110.53663976911702,79.4298863266502
231.47572170582433,170.8975249096027,109.3473380801674,80.49973808876751
230.35214807709522,176.1639195936267,107.22420650232897,82.05869409730647
221.73894167910896,188.04924243907038,108.16346414693427,80.89418854313783
204.91917670520849,193.6857014881716,108.17084916675677,81.34401157194957
213.31254572331792,197.1022778545278,110.80412455827225,82.0248172933692
243.72440066605657,193.1061995848103,112.18040017694537,81.7252353226724
259.17582746000704,192.58233902539106,111.83319348540668,82.59436478780623
239.44065597145027,193.91296842444584,111.90354638073316,83.18786363244267
214.54692562384537,202.6082435081152,112.23905318800351,82.9057710304115
214.4992950309694,204.2128899497917,114.1067635095358,83.47393919899945
252.3671822072719,201.7177182774493,116.72789986249718,82.6055188489211
277.9436764566851,188.1969351866857,114.25445009047732,83.29896720207915
270.01086320548126,181.09113100165573,113.6654676756488,83.03524426568158
256.5738981487307,180.96859925478122,113.67702062240186,82.21468352237
241.02259166492678,188.06426409135508,113.05259616020008,82.20702675419057
246.1131284175765,192.2757817442434,114.8424289125301,82.64412461949549
299.83630479066056,194.56418829219396,119.8989295599166,80.45289492432069
340.37955517228323,193.12311781447528,121.35932668485484,81.23133357301063
345.6772956771384,187.73846446641073,117.88147234216727,81.68646657071443
331.95188412318015,177.17649651622378,117.18106368433666,82.76128252174752
301.972322764722,173.53227951067495,117.22554788196584,82.4074230796286
255.2801181630462,179.60834496074463,118.57092510289559,81.28468919029244
236.38142842341824,193.47387657376444,119.65791639855775,80.4636696806835
248.56371988326964,205.8144379473526,122.17592091171628,81.28921693167612
283.66665433862886,212.12971467862968,120.2128040761931,82.13238688068205
302.16033335944405,208.48980001580898,117.2017643939378,84.06442262722186
290.32455980396037,193.4503699891156,118.15101002175084,84.18604925165357
255.1827879511145,189.70363423752195,118.46899281435662,84.14966025831984
233.93830595693828,202.34603511287673,118.97784663425202,85.52384936759562
238.52926037135097,211.40924851597532,118.32968738580996,85.02564788793657
259.8656157713371,211.58958628237326,117.34380901381624,86.28283934809109
270.01877547536117,191.45232750714385,113.98296613775051,89.50610644078625
267.5251080154692,180.95423834737392,113.5131334321072,88.2122685860097
253.93002720281672,187.30266211553825,112.74178916751958,89.05426325091396
253.0191918949152,203.32952586585455,112.20416942191818,87.90772225846007
269.3982934133718,205.19763672837803,114.69841923534676,87.72385868389527
287.8182369891705,193.89567858560466,114.34715665650336,88.16371819148793
301.4123882103173,178.60276572752193,113.15734550144114,89.07983184100301
318.6782612293562,171.20688010502954,113.95856531419342,89.00936134099263
340.85011437992216,192.1303820418448,113.83085480163567,90.16572203035044
353.62346211851127,212.2056104311324,113.24161019115675,91.0791080252127
355.3452264194061,213.5964497020353,112.26855440201956,89.66457442569056
353.0716200838014,194.16208788768904,111.75064256151029,90.73977235858231
349.10709989872896,171.229939142749,111.51622220014886,90.62738527814986
350.25317400243677,167.469022084426,112.0338145360987,88.8683041344809
358.05379344274496,172.33541078035515,113.17206425716685,88.523388948128
353.173247831973,177.35950343158953,113.75581020283185,88.0907727603443
339.23890262596876,181.39842914301988,117.36010013266268,87.09286833226506
305.20899239433345,190.98357364710535,119.90831628685126,85.98127034887446
270.9446685530284,193.92803468872228,120.76901047825035,85.72463576792939
258.37100032630707,191.30797003194704,120.70151844048215,86.41831208236489
244.42091166974643,181.0791960659571,121.37495587018054,87.0017183212295
216.85456264752176,163.46213569192918,121.5440842735166,87.73903960029122
181.40910591531514,157.0548721938635,122.8388597374416,87.33812775364913
161.99182470841396,170.32541408504727,122.79942160192749,86.03007619784412
167.96514003702345,182.72440498984795,124.48318111194484,86.13812504314994
207.1968287031618,180.76938330201517,127.08006836707052,85.79862427513874
248.94278617990972,163.40246679512498,126.71290164355517,88.25676911753244
271.75583238922627,142.5660878327363,124.3064022730178,90.26625418464383
270.11990711982685,141.36966006477726,123.28824522056905,90.51940310892856
268.50904007101,158.96005276343467,122.09011514049882,91.52235260541254
281.56116460786075,177.62682520479973,123.55869435964408,92.22491001760434
300.3172713929162,176.34033642888397,124.0481478122382,93.51696813679578
298.15096896822723,163.03336611640157,124.57097325602228,93.22502115800081
269.0888285469681,169.5314597605992,127.08879352725143,91.74844808927105
217.84892871066393,191.06448873323944,128.74298590005517,93.77148621332653
194.03042874781943,215.80227240881712,126.63242341729685,95.28607694322584
205.4860535674539,220.35672273321939,127.01687575861874,94.7725704289428
225.02126629104515,215.03997185985676,127.84978206802802,95.65995744483307
220.09861979350555,201.42126141618797,128.6754656118133,95.57500017360131
198.2086103768739,199.1222037042388,129.19595914600433,94.80449901653654
188.69148140774624,210.46004113809767,126.83395968374697,96.92423239772016
198.2635449671026,236.73762059137522,125.8213404385694,100.72358856684866
214.26426569885842,257.0313016348206,126.84296263472572,101.44456845993835
229.2670906151277,262.3777527827238,127.51131258856415,100.78485689136588
237.5350236870421,241.2818282656858,127.63879178164942,103.09141387221923
252.89181868127926,219.44656021509982,128.41488112972291,102.8995499184595
268.0837958406355,206.7582427642492,129.69507704904754,101.72512509726037
272.7888677025071,213.80415038357665,129.4033014741081,101.72143794851027
279.79118519539907,227.33862715672697,131.42317401090708,100.08270405247816
310.5764843941412,226.68220946724858,134.47566826479004,99.08546963201175
341.3110806802926,212.5600383661888,135.31411958286807,101.0379455316411
331.0771058261794,190.5509984769963,135.11433514497634,101.1588199572428
290.0353780597352,177.454649473924,136.22624831946627,100.38198404309935
238.25039307203667,190.03830804078416,137.22167911029308,101.87959343830968
215.92891887814585,220.20108306258436,134.84492458669772,105.06391583123272
226.5139878242329,234.56790963230566,136.1752635316818,104.25271752577451
253.56172244070973,212.09207199810976,137.613554369529,108.24703348020148
265.73356788396217,189.285202469937,137.0369209018473,107.95363371208413
267.2682772577013,192.62836176135727,138.21928266431777,106.483637074434
274.738059191787,195.4870370097161,140.40455094946668,105.17301007701447
308.5122991472241,194.13082616907747,143.69969896828007,104.2648601449799
346.86417160842143,190.6347180120209,145.89387274705717,105.47752829091071
359.0561764344877,196.3395373166781,145.3930246397244,106.62364529683069
327.24269475217795,207.81429652057705,147.34906286396318,105.06680228881308
268.80052404648524,212.25493177937665,148.63815128462593,105.52099529507859
228.1560077726853,210.63769569413301,150.14521666913978,106.57246785466498
201.81139966677975,197.4150537477449,150.30842046029665,106.68515973694315
195.36536321399356,177.196247896319,150.4781966510863,108.12848967099616
209.85125426695893,170.4008448292638,151.4184209233294,108.38654166997472
228.5773055275426,170.7646728304622,153.07836750494528,108.95800835873237
247.34785614237666,173.68457562257365,153.48679401575566,110.01728209732441
267.9525300326327,173.61866774063353,155.12887903553656,110.97683018580489
289.4236558384931,174.0741491694671,155.69182304149146,112.39681210467276
296.76730261763464,169.6190755589954,154.550583369622,112.07453458959321
273.5648655585509,166.11149298771824,157.20085696288726,111.57539557107579
255.45873786723615,168.4495127036136,158.70931595879793,111.86214281378457
239.60710890359684,171.1342263107015,159.13166530148183,112.64143347985777
230.1388700203907,175.26287189151623,158.1669971328355,112.03464023158892
235.40099106992778,174.3821125033089,158.80943250873693,111.88448570058479
245.98066878771806,171.56592757198558,158.10198899942586,112.42759641558736
243.4041484781141,171.52799702681364,160.2568513749967,112.85717337273536
233.63547762848071,174.96079969268771,160.6072729082479,112.97013278021447
246.1877784352671,184.20907542284397,161.33835130260968,114.63465881929162
287.1818125810518,197.86783454026443,163.94633708818867,116.33362770603279
326.36156407044615,203.8162615547958,163.84819427785703,118.76800002584693
318.50819789530703,194.05870090484956,165.45250105287892,119.66595862127167
282.5514094028673,188.34535933296905,167.20547928287556,119.22802060261816
246.15298857697434,186.36834294930873,169.03560798300137,119.54747228091904
212.40204820141676,185.49616082209013,169.89829806028837,119.94534448327792
194.80819531662053,189.43361980383946,171.11202769462693,120.48829799499902
200.31290911727916,189.33451540318805,171.108966823046,120.30005435985473
215.61615713904774,188.0824263972098,171.91533737191605,121.15588439798768
223.74279486196264,180.3592108474724,171.50347923870837,121.94323880678857
237.42818851550487,166.73923248257617,173.02301938523715,124.13896793648341
243.4274162860124,166.95543497244884,172.62646013023283,123.2784643973585
238.0404663361424,161.93069829411507,174.18925563696743,123.61612764202656
231.33981335912722,163.06410900837707,175.98469325145925,123.35194884503328
234.27709469907865,165.1052110477807,177.0439727537158,123.45485628890059
226.6035494057444,159.25198056166172,178.39378989525497,124.47479859201013
202.15237180383423,156.86231344069924,180.681395190628,125.96972807929643
173.84590055326265,162.80397684420126,182.8324846644274,128.58928518342523
165.5849448191268,175.0820210554269,181.77997138904675,130.59612972911356
180.41822489475692,179.90831610464565,181.21381788451507,132.03965283563213
187.43208800765504,175.95837830519264,182.34575104439995,131.50824257638385
169.91347233464285,163.03539497473696,183.7464658193794,133.0509903957425
145.60008625541823,175.35550277078485,187.8253902300259,134.3966680531584
135.22527419685662,199.47869300748192,187.93078827293036,135.04462428020372
128.0041977270887,215.15449225496158,190.0855485961943,136.88120861605495
123.55607726790589,216.8432641952723,192.14313165857232,136.4096174274654
121.33202934416991,210.0202445320811,195.1288591369418,136.28790982849378
130.40946836379862,195.72321492835624,196.48433609341194,138.28613048919055
143.94667431731853,194.48135532068903,197.85147348751957,138.51663582207868
154.8919044970129,194.33005925227076,197.05137186226173,138.7101726409769
164.77076153706804,196.85319229022355,198.44719171769825,139.04260872876765
170.88950839900272,198.84026391294748,199.7057450137874,139.44264866126775
176.57193326081887,190.65366721725616,200.46790849663702,139.87346400852198
169.31562292390194,182.71409460510907,202.17510829492159,140.92020604983276
155.98254802419717,185.76833084929672,202.43010811569343,141.50255139440424
142.7609982259774,194.99052126055915,203.41954865451575,142.0641920715132
142.17197647822437,198.57564223365623,205.13595203046924,142.8155080286088
138.10979355330718,186.7723277402864,207.74876888433192,146.01071047115894
121.13382023917453,186.9814725777773,209.39062258657185,147.54078696133834
122.35873447302404,189.48383364711947,212.55887187384718,148.43870135066916
123.90131868526689,198.9533986514267,214.71227843105095,150.1885400005019
126.98445505172606,213.5942479844148,214.57763764469632,151.2283497421185
128.94414023787587,214.0293310584773,217.95315290777268,150.21436327839405
110.56096642148614,205.0614445898687,220.85783672219276,151.07335398904877
105.23508837531688,197.57856514081266,224.81907443531986,151.64812739826922
104.86430287081694,198.80997382029022,226.39874814264584,152.2310294244612
111.44876591352863,202.70482120148827,229.31221379611407,154.12676042042693
106.42396669658774,211.25604423870578,233.0335746964265,155.9974474331501
101.38719646068822,213.79895067922376,235.65952338660935,156.87139235698473
99.48179624544821,208.82921432024818,237.13931824381666,158.64940038377384
101.66198674617469,202.75442868129102,238.33162345681072,160.4723677722228
95.34550057724758,193.1194462827897,242.12496089934024,162.4385911141473
75.36968721670647,189.10576439444964,246.09465784136972,165.0219298511546
51.24226082988248,194.40962090404963,249.66244549050597,166.10102446440087
42.179757943849694,202.90231943415264,253.36631249914382,168.50119983766655
