352.5,197.5,56,100
354.86266381287544,194.77077375125225,55.541240558148004,99.46739033318883
355.4753312719726,192.82907964539,55.804600069351274,99.0896696696387
357.76092992685176,193.54154246450645,55.843454391520496,99.34468175170454
358.2052438911753,193.78140178007914,55.80375729859728,99.34509549174638
358.663996483623,194.97228154596675,55.7878400172015,99.33085486179611
357.21786063236334,193.22543155695195,55.77518041288177,99.01826302120695
357.5155814267835,194.15026754849458,56.18115693774996,99.55104376448584
357.322445113368,192.40262987824042,56.273984394655216,98.96270332511746
356.71601844859225,191.0671346816928,56.37969575261866,99.04422881533488
356.5842100988589,189.9315246957925,56.26604756499095,99.12105252973498
356.2525806370397,187.72962266785748,56.289479177590266,99.0275840941499
355.61631272735445,186.2139010010349,56.28022450204191,98.91505979931604
355.60199869538286,184.37962842769554,56.317282231103626,99.25714220032827
356.14102838638485,181.09710544334322,56.62678190538165,99.31081751015842
357.6790918674103,179.04430221175025,56.62950902734569,100.1102153628097
357.9797392524711,175.47747425934682,57.113492887480724,100.7155981619952
360.5747430612825,169.32559689884775,56.87762450249343,101.26793953765645
362.7498272943558,167.47692610730226,57.08834957196086,100.86644708296666
365.03834732299237,171.05701136383925,57.408399472878585,101.05759635977915
366.4230942212574,177.27601358129368,57.7584439835385,100.89375421735079
367.97768998530603,190.03128413763233,56.23895315429381,102.8567467350446
369.0384574554273,213.34351808570088,55.459857865540485,104.41531945780395
370.01806325933,239.66148982039064,54.56205573115423,105.49926276820958
371.3769605448982,260.61100933854266,54.24552678120316,106.04025669088998
372.2686518839621,263.8189753856445,53.93749853613505,104.76581028775685
369.79059357461955,252.34368048634454,53.331206230717406,105.758432328178
369.4308803239278,226.3517100432087,52.90009834069765,107.50393937655907
369.48626561554653,202.30788911831104,52.531115906340204,108.49749934769224
366.9620851057259,184.6270904355704,52.66730937684816,108.70800418387664
365.51414984493096,167.8078439732795,52.86497442739921,109.24774222564602
360.93593571795043,156.45188672917257,53.422847116479886,106.95085620726803
357.2989090641069,161.0052702006762,53.91181474606638,107.40998815952445
353.0769416181889,173.05247784637595,53.45139840346634,107.20109571053217
342.241403213396,194.55759887175356,52.52574211979046,105.20803124156407
327.4386749810633,204.22174298900777,56.069633185285994,101.13120022141113
310.82942253074737,214.67213697584634,54.93660991819319,100.45925975139605
302.026437685896,209.9599168235076,54.91306682103072,102.2299205493902
305.4867789882491,202.46343505055103,54.59655167771972,100.2141865855377
324.0549884171034,193.7984283173948,55.10709403216935,97.59731017453082
345.9207368970141,168.15917750533225,53.15080077718196,100.52785037287472
349.4868844735778,137.52495608215503,52.27179103207464,100.70341678490294
336.6880226382914,111.30830587374876,52.51268029102625,100.77049482012369
329.9344799303533,112.58236666178142,52.86433682048894,102.28647017170121
331.61487334447077,138.74379026369832,53.43898242633604,103.10365287509396
349.0585289246785,183.59097384395542,54.18742489751228,103.37451856370087
366.78114569691274,240.92514243231875,54.79695896168636,103.75437627222813
378.1489914424451,274.19736177771097,54.703885649942976,104.73776198329915
384.4490855031062,288.42141774324136,54.27509664513697,103.60638245885461
385.8466900546824,271.51452685317406,54.79820567057032,103.34334768015134
385.56830277858495,262.6603057948872,54.793630115572206,103.34991601742809
379.11519515917973,177.03177366287545,53.768526117627275,104.022843318561
392.61646454635803,154.77888539067735,54.20268053479904,103.41091356412909
392.6220328243945,168.761142629383,53.994849410926435,104.44274079204007
372.15047101911,195.70598021834462,53.91742324732558,104.65755017222226
350.9846058887565,243.97465127268552,56.85828818210488,100.27540520709518
337.9707218031805,262.32233941971674,56.49101202647471,99.75829734564996
338.1315050313721,257.64328964412573,55.5015391069452,100.70436858414887
349.9542765967025,220.12519195958703,54.47302325899916,101.90958555967153
358.33618981628587,175.16391942697857,53.892002834847176,102.87249012195876
354.9584915126117,143.81222871514666,54.219270246028515,102.63059719259523
335.4257002543772,136.90696412986958,53.817880411423296,101.68783427940919
324.2646480036957,178.68625353073,53.794779605779425,102.18512553384069
313.1941865760118,224.36226495447966,53.03538813009256,103.10667751544293
312.16890591215775,259.0056522702117,52.70552662721905,104.751101004096
313.8476760887221,271.9198420918393,52.65363817724276,105.38774249426359
315.62174982308034,227.6307586097292,51.32671334761013,107.53780887254634
315.4954002136172,221.2511914225933,51.323732988947384,107.54258876988943
309.2271380550202,126.54840431342316,51.22031704430057,107.58117385248755
309.7108880578804,134.16580757921955,51.12114084152819,108.71182867038209
300.38085066553833,162.52622044175487,50.75044055602188,109.21461668432512
298.41676313936716,219.1653268186038,49.97961286559691,110.1775996093382
307.68165157944725,247.74343363867843,50.25196573092014,106.16351395991161
338.74404496187725,243.31166926565288,51.75877457763234,101.52596982235673
352.93970306469043,227.19528666081357,51.98073580730876,100.64745268340255
351.5405479874884,223.37032292373394,51.98488273463144,100.64313335046342
282.94526118081467,158.72947416633104,52.51354533723679,101.52402825296454
286.2286777234996,166.59239177352788,53.260370012487044,102.1055794368863
306.0583458216763,201.2074837446521,53.57301867941493,103.50079985254796
307.8422210913285,233.65010743896337,53.68791918304872,105.10904459039028
320.82763890079787,268.54179747396,53.24283467800156,103.40169906629544
332.82103091082655,268.1734825059634,52.78898293943841,103.16346356573473
334.118413033059,223.98642535409394,52.90037351827664,103.52927708822365
331.9035801458075,222.07162604752511,52.90120628496724,103.52844614737566
299.660717215624,143.66228101583528,53.62110115168189,102.72405881817721
289.5690778112977,156.66973908104205,52.987411042487814,104.19761467262695
278.50100834254766,199.433131014247,51.69232897168703,105.92384441705691
269.40206389972167,233.27225379205777,51.48757846830092,106.60913951084943
278.84353094994395,251.5131452569245,51.16748578326172,104.56834321441677
289.29266379722407,238.44663995103346,51.195943568926005,104.50538710561779
293.6673094485074,231.94460742130426,51.19599232373245,104.50617057175343
287.4140948657268,232.7220106063639,51.19601470523603,104.50615291032095
283.78656253002407,237.08148111601133,51.19602728695036,104.50614595016918
279.0429972367102,238.7141673985759,51.19604582828991,104.50613064097573
280.4152450174842,229.299812047385,51.195982954501375,104.5062185253644
267.6338584364628,245.22428152065268,51.997809842740494,104.78393897213955
269.9543758424369,260.0995810444737,52.476032480896095,104.19181007830605
274.2235056637937,250.52173157584974,51.581115809984226,105.68941270207742
267.21125746968636,197.47090646844217,51.657137314165695,106.03814848818168
265.74092744191273,157.3021280672104,51.74795577501687,106.8062167652546
260.7863640532018,143.24462657164636,52.78041839075662,106.03715222098225
246.20028082767436,158.63006255908542,53.273177722060524,104.96536548169983
235.977982226901,190.25049084275207,53.02048068837775,106.56983056963999
252.4539648561642,219.84113084613531,56.45391047990016,103.13810424329341
283.4498709655702,242.43460151280442,60.045586725443584,98.5446916575138
325.268009342836,236.1508893146928,62.515877353724505,95.4195320159563
343.0519323377241,218.5390592546511,62.333094535335064,95.10968002056113
343.6039020188107,202.217352308173,62.382409086087556,96.22966785760919
340.1537732005469,198.88429213454538,61.490444222767806,98.40514994879138
343.3845634026778,203.642094351746,61.179531009057655,98.69448383073534
352.66992900841535,210.85215209838418,61.859192711401,97.70520215398736
361.7524199633667,226.7454502535531,61.79478910960367,97.77528576003134
369.1651810103928,233.69996343593513,61.19171250352763,100.127184688236
364.44193207114256,228.52080039595313,61.58474930719895,100.99016851356133
346.00286847935973,211.9304294411445,61.55082433622367,100.67160088338372
341.37178670025946,213.04867026312877,61.55397948683141,100.66826376112839
246.95726619482747,164.99756685358972,61.39327440394537,98.60474487219867
230.347306492045,172.89016705237862,61.61201125335796,98.89155070020685
231.55992405389773,191.26457608720398,61.975760428358555,99.71671105462835
246.9780063179997,207.51607116578828,63.0041302782064,97.45287762048227
270.5896706578718,216.49931581321573,63.95620900813009,94.96399986737538
288.48574816857877,218.2296524688595,64.84730441396229,93.77671684920918
314.321605145807,211.9501073912404,64.86076730887116,93.63674274968662
332.6135109645963,201.60345251397325,64.4663248729527,95.10109818903538
338.3094259881629,190.3001426607059,63.72364376685948,96.16374397284065
332.1360085984892,193.03339933145074,62.32350741583585,97.31810789728108
325.4610765638659,195.31985022018335,61.443459680883116,97.93305421094132
316.3033443472371,194.57564385523926,60.76497231665546,99.2947210760806
315.1141734702109,193.6012710327036,61.10171169758462,100.40909193572861
323.94506528593274,200.33220906354188,61.499582301980766,101.64403899416926
323.03704678316683,202.6472725857407,61.55379088496625,101.43328498520253
299.93824710934564,201.9190248044796,60.996324314639836,99.85329487572768
283.4996914704441,196.79679373085008,61.0567050931754,100.55106798947838
278.6378040196054,187.52655518710992,61.300321189005516,102.97813412725169
286.4785153680436,175.20627540522136,61.09887419250761,103.53253493858739
283.96448067040745,171.05558242604536,61.29059934568393,102.99854320376315
282.79517734623164,160.8338714506966,61.95080643119985,104.84392552738548
286.56149063679885,149.71281831321187,62.56577716299268,104.85886276548966
292.9539812006,144.57136517544518,62.13567636833712,104.09296571155531
293.9772524283596,142.44276988794644,61.63803511311259,103.22460363228642
300.97210499616625,151.59476809254207,62.05436444710372,103.05818046528263
303.0085130214755,157.5073491119055,61.33345684184344,103.81417134251036
297.6504333076141,155.47144748093962,61.103004865147355,104.08378668482541
300.92983641290084,143.6966771907421,60.96690525857778,101.28746010823807
331.40848743309687,136.49961666218604,62.66864557658408,99.52694859699076
335.58395886671286,140.56529880645326,62.11303228012237,100.28086873228449
335.7330647862276,151.3739606468938,62.15709755071592,100.57697621900593
333.22821487070155,159.30431151696706,62.02971385134197,101.46178267282914
303.61497402821396,159.8314007126217,64.02430771893438,98.55448574266339
242.4140978153227,152.779863229027,65.81809658270512,95.69451940431077
216.1904719823255,158.15518958979345,66.4049547245296,95.33281798435259
207.1177035200773,165.90013937027638,65.86466057907973,97.22806933281056
208.65870131598865,172.39976225732136,65.80043527763176,95.99125947180653
207.33461507845823,176.07780555329944,65.80043728150123,95.9912333847637
198.16441809374544,181.1289086419636,65.80047060944733,95.99119338327769
189.48936456612043,185.7834464322347,65.80062496694343,95.99103007995713
181.68139762714256,190.95447603205304,65.80076180205249,95.99093560200015
177.36083664618235,195.76368164950054,65.80086489648025,95.99092398716127
171.20867030889676,198.26927661222587,65.80097451044348,95.99082577084762
161.71684018701396,202.3331423087397,65.80111806109387,95.99064354926773
152.06668218333624,207.53921716628867,65.80114682174518,95.99060988489
263.0975006958439,181.13289919477586,66.62984487973766,95.4301226589703
265.53114322499397,190.22762221126766,65.91630165798536,97.27206967713413
256.8940335274568,195.1238304714326,64.51071720479314,98.22171763281742
252.08431536445966,194.44230055480523,64.04172694082159,97.96070729853069
273.7743282337276,177.95732924106176,65.50809860218807,94.77900808031448
306.3550233524577,170.72713333231303,66.18206603074347,92.91911600804146
340.0409735654641,162.31482462423048,67.26879902758218,91.71650030042726
391.17501444016744,166.87301313690074,66.62239086215996,91.56836687402475
428.67157744728905,172.0092311395815,65.36363221852223,91.30422688154162
441.02962360994945,177.76173000720715,64.91600684266426,92.88173818712283
438.31364219700424,180.39774470404782,64.23935856168214,93.1632804944913
418.6430854855223,177.42071894365967,64.52502917458743,93.73416856311917
414.13177770523737,177.36322260914295,63.97346413212989,95.06864389244616
432.0513985250167,178.4972384667824,63.62857674061817,94.03686591557059
451.029929619566,178.4505875440305,63.87540249097266,92.980709471928
475.1711330162077,177.65482618615573,63.976277405452976,91.71701544611562
504.9168172814105,177.614162995088,64.18634014946149,90.84938676919953
519.2687877246059,177.69204577626826,64.8926279923188,92.41601185854195
522.2366589126121,183.49837812636443,63.861519615176945,96.2781768321167
521.5354328506127,189.0798245621744,63.1641282371314,99.51463508049189
516.5601790393358,190.47089668990247,63.15812245483874,99.15518050132047
491.7672039668856,186.94545260858098,63.575852079719766,97.35072961367052
464.4206337237106,187.08584188946827,63.12896647354049,97.28651740593227
453.2975906007286,188.5775465652763,63.38944938698491,97.012524205363
448.0802476481422,189.9815911876568,62.52754830180132,98.11721882176228
464.74665677943716,190.30064622373192,62.04783749160385,95.73947578547782
493.2613213050335,187.57215146624108,61.70481444016703,97.17796878709277
482.7468555331515,188.52736846932402,60.462093762251314,95.89244579119222
429.5723103555541,190.94975033200333,62.6796304675438,93.05270697580674
395.3632570325659,194.51550509386308,61.800473014399124,92.79375843002305
385.2372163778451,195.72882145843175,61.76143570201464,92.9677299966163
376.61447295181324,192.63684903968007,61.28693277746695,94.82457408033548
368.5145814814161,193.91140682653622,61.24705736254836,95.63671272186369
358.2444287030654,202.87152356559912,61.22596536675949,96.62859052608651
356.0590381891565,205.51729955608312,61.292673537674176,97.62172940205207
371.99742474123104,203.72061645093848,60.40156480120098,95.8762222259583
398.6169574262889,198.4692083344314,61.16442966790163,96.17552626719998
400.6803508312736,189.43534182436355,59.924326798819756,97.66753563926446
376.01881750954504,180.71933684657768,58.550413919571675,96.73693573155494
352.2806140549101,180.4812123416872,59.289622952865116,95.93401160557839
335.28142707184315,181.00908640456746,59.62736383184078,96.3083095613609
319.9074171607693,181.39824899072602,59.56074933086839,97.58917323181718
310.7877532832436,185.2862374786936,59.750415449567186,99.1072636386945
309.31058094605737,191.15504120618627,59.937775184364426,100.83759556054025
313.292605141901,196.49188728018137,59.82767300163102,100.56373041602905
323.0818214222788,192.60306436330677,60.833476585894985,101.3863520073771
332.0181485282,186.1284831919863,60.62982299966294,101.8401148749204
326.36905641296187,180.7678227739466,61.008354291296456,101.45483971795785
317.8127875551845,182.4374692234171,61.340973336196875,100.55114972238286
292.2471641955876,183.94885277770157,60.415026299287256,99.74393375173818
274.9029442845086,180.47128829849245,59.425521938095585,101.02692783390516
258.3200695445137,175.9872198504649,59.668969171991634,100.88072013309751
256.03825142422585,178.00434409500284,60.235403016174445,101.41287837085878
259.2354795569962,182.93631648657367,60.511406497948194,101.21545752112772
273.6195615778406,185.76444224713563,60.6605054872653,98.55644344392776
299.85233772767236,185.5096297744564,59.650393708841975,96.64221570717258
327.3647612516637,177.81137562703856,59.292584624726445,96.24786287224755
334.0371684012563,177.12004188294304,59.478587357401736,98.5397904546044
322.28808347101375,180.79282951376877,59.29286019945414,97.50945462242677
305.13585309692786,185.65793778043405,60.012337121942366,96.79800449229444
287.60400891065046,188.3095338404454,60.72461939708502,96.7665632992432
262.9225390295422,189.83644374654438,59.67305415441878,95.72305222956845
244.28739153075924,181.967736531372,59.97689559973855,97.44933346594348
239.34425943135275,177.4298811578322,60.27469601528736,100.09124446937072
237.65500917676573,164.9351036089032,58.71838397868504,101.37523697567596
225.0517325191511,138.88580617453425,57.10579781332348,103.39795370110332
228.28344957180204,124.60314073400518,60.32085911512608,99.56598767664391
253.13379812533947,145.71159707041699,60.10829067016061,100.90978209610543
266.3069447089912,197.02068585396992,59.58438901286691,102.6031813722613
286.5412742457261,243.98871460836415,59.31864894574482,103.95401198603143
297.37680999706805,274.7559241752409,58.048610844550154,103.99359797923101
297.4632348071441,270.83704121543917,57.395045353540816,104.09815285833764
294.67277897626263,241.9495816943486,55.931253054885005,105.32871460071412
305.19714336829963,196.14000094481054,55.346822519102034,105.60771954461453
318.0887129068385,165.1622985116513,55.104630402473475,106.53746675712436
331.52500386569733,161.23159349261817,55.06330725855956,106.29761470260033
342.8916665216192,188.81874791040303,55.54556002593955,107.16835362704033
341.9765029791514,205.15596407959234,55.527650669262826,107.24344826620079
345.16430134027445,292.1859629293525,56.281237239405606,108.1750582326961
360.16065923740473,320.337025549815,57.00265184675642,106.94866617658553
366.06266799274584,327.47066036492106,56.76384467848142,106.70953947545058
358.0014801029461,301.75758174935925,56.911143782665846,106.8775141809395
357.2819069387313,293.0429833267111,56.90590744355389,106.88548452477086
347.0855707121513,208.73765370192262,56.62408610704107,105.82706113274631
325.24253563497007,183.3082095479296,56.34407654948944,104.2614766318944
313.97401240813764,196.20365546609085,55.363554414897536,105.72387115726626
324.7122417289139,233.03069135339874,55.89096959841825,106.23130603548253
343.9186764161027,281.562276097983,56.49383203556414,105.62691492766164
350.21505189140726,307.816022466373,56.503414153802595,106.69056629488561
355.5314686619554,311.89879967157935,56.27310174612927,106.00027071168235
343.7780929465419,288.4027987596796,56.82679874885559,105.40818516365557
321.4687246744463,233.2627550019372,57.41829453987292,105.819009983828
306.64339174081863,198.62989564581662,57.55057738100524,106.41219756813945
305.30477020399206,160.51693273469056,56.616458951057275,106.8453987810166
309.9821678162973,162.82751785095041,58.050980857489314,105.81061141440264
311.37443663993577,162.23736245686925,58.04626246031923,105.82594727466271
304.60851334102773,164.43816107762368,58.04628303884815,105.82592369114339
303.99572669002515,165.14537871084474,58.049766215769424,105.82116509572938
308.40460767188625,166.46622789126403,58.05317887362928,105.81789995289314
307.06625814893977,167.35966637740665,58.05328342374888,105.81774063388244
300.4299126408311,169.73169140315156,58.053858732568756,105.8170201073865
298.0581496006711,188.0069710237578,57.57175405269591,107.62821242257048
313.5697151286309,160.11267635153945,60.747788341014626,103.83902008976112
325.47014602683106,176.60503286022544,59.25556988567868,106.60928525232076
323.78627911864885,216.81422603790702,57.895714571641534,108.45692062547326
315.18643772067264,270.67447187786655,56.67585124027458,109.64740154076904
311.22151910894036,307.56927768230366,56.48851240783095,106.75213044703146
305.2245819363536,306.59948498461137,56.65796868507231,105.5402003585599
302.3602290051064,270.1272020695689,55.52587571181236,106.2196218405003
310.88074921246454,222.52557110200254,55.24271073960095,106.47982957641425
323.5834052513286,192.88903039069453,58.902359141609224,102.47766914722365
342.63313762664717,216.77222210006732,58.86171320811073,103.21520342256986
342.91203658151744,243.10360804382725,58.74370667972927,103.46430821351682
339.7472796314487,321.4346361375508,57.674339144472526,104.50455305146039
334.8375023854177,336.5931047403636,56.97849847204479,103.53739306751444
325.8907137310359,314.73904251460027,57.06585667985618,104.4143827228985
328.21310490160266,306.6506923490737,57.065607019234136,104.41507482946425
320.5238097591141,308.1655034170528,57.06562102552468,104.41506451944917
311.3453821601095,312.6377045754274,57.06565897805051,104.41502388940643
302.129449953115,314.84346289903397,57.06567486603857,104.41500864981661
299.44806746927907,314.17680489337863,57.0660931845405,104.41464748846644
330.81516347545653,300.5609644920059,56.92357216217576,104.7062991469248
331.7889674285194,321.26942399090075,55.91288758111178,104.45682247091246
329.17059034606314,317.0792777512086,55.85080551479264,103.38716568577038
311.48918016642426,272.36408473542895,55.73799034550602,103.96160994486878
313.2744337269659,265.9111386047107,55.7359146018335,103.96398543689608
312.928621778957,159.5696496425471,55.353399260447475,105.2156126532155
308.14444840129397,135.1734027824906,55.50224947951864,104.08974089481285
304.3227201580006,155.0299896596481,55.462787894358655,104.4638207110545
302.566698108594,156.3755118303752,55.46025126654836,104.47021747067451
295.7836687544158,157.28117617884533,55.46034622978748,104.4701437519142
297.14012563740806,155.0505994091726,55.46945690456832,104.45319794509876
299.9858536307447,160.0255114992637,55.482587423784935,104.42568554775347
326.9831431849725,268.2523935218862,55.45861988759495,105.57137828961788
308.71095608484,231.19643914781608,55.85844376437366,106.00398100748467
298.2515737313846,176.67477857383335,56.04568114279327,106.9080199288876
298.0141021146643,139.08447116661935,55.57446394055734,107.50459696255389
305.10821933227305,140.88553446893482,56.23039053897015,106.8585198002142
305.422990772312,168.7833750612841,56.17485338189184,107.26025301370903
298.11344721549654,171.42854982527945,56.175311039956334,107.25970126861625
299.34420763160637,284.39461882922535,56.08677056395307,108.10194680564634
310.4693317303073,307.16914194740815,54.254367138890046,106.0490782426206
316.016163061944,301.13834712409283,53.88773427603173,105.90780801071116
326.2699077616124,257.5194963908135,53.09946217710996,106.96637892307055
327.30031562092404,208.5899159958068,53.690095661977864,106.98916733759577
317.38824237225793,167.19118609031858,54.174587236824756,105.96828303236126
312.64336671085533,150.68814894741223,53.99625346136338,105.40893144537122
310.4190888548405,167.63524231200716,53.98470089321123,107.08909316588833
307.93802526092765,197.14391165651776,53.71229286375167,107.58552171929881
308.98862324668454,256.5275171539555,54.462185416102685,107.95228289239205
318.53336068681926,285.3406041115765,54.053036997625185,107.21156887705241
320.38351759269256,289.2657776999008,53.496966664653655,106.79436102459199
330.13419759983867,256.60856881528036,53.383830298432684,106.92067607166499
339.80695174880964,208.33152712444294,52.271335153566994,108.34608208517575
331.0242615368534,168.8469868772887,53.00446498238675,106.72734061903495
323.64537075672405,146.85917958104983,53.13548892088021,105.65373035799709
320.1483756338969,152.49367962360856,53.46181559231583,106.24018281041631
320.9276795305384,178.00270996198327,53.17042638881545,106.9548835167235
317.2336860841061,209.27251349504596,52.88544298672767,107.50885478922119
318.40817944476026,259.2799915406753,53.34560767647592,107.71571571456403
329.2654866880024,290.33667320341755,53.548658671558954,106.13103891251703
332.40016194602816,289.3851374936073,52.84177859160367,105.20127632678172
334.4866632932011,267.03411779547247,51.312277178996105,107.17384260903769
336.5561162029792,262.1035027956998,51.303056284519194,107.18878011285548
332.7177180562275,170.54663111854552,52.65137328801399,106.44006619177343
327.77789926505386,146.1225831394026,53.00624967041018,106.33571235147531
321.37795706982376,141.08450572451886,53.396502331744415,106.81749633926279
317.6880006791873,152.54915279519207,53.8081572089645,107.63357306278456
318.4009160807895,186.1362680842966,53.86981765579829,108.38533735762235
328.29773362203537,236.03486306353506,54.430604188907196,109.24811291428217
324.930761815188,271.55999967775307,54.68179834047419,106.82087893145165
318.12792139361045,282.4484255472879,54.236922047093664,104.8633955548087
315.86212538556975,266.8996917033111,53.77339067679198,104.85448087276728
323.9997426484057,222.2867709673223,53.825691780392674,105.14570625587758
323.4149766521656,184.39371493463284,53.87302638327017,106.10394509127605
320.6928226565127,157.4205274120286,53.56615754046953,105.60032318824236
314.02914828383257,149.62729177141898,54.100582358522566,106.57878322373406
310.8806630578011,167.85875975357513,54.606938682472745,107.43855157460729
298.6185068525597,197.8374300955045,54.94212412457181,108.05303401086579
287.7649620049695,229.13260896354407,54.74074938798952,109.096743810187
283.55923587557027,253.41031933311342,54.929007524473505,108.90599287085297
281.58512275052215,275.25046275350905,54.93538025131531,107.51776306741527
289.18004489713064,272.28303652869283,55.417801010893726,103.11525227394463
319.7998073334554,257.2636838003609,59.26580818170124,98.52725256093073
343.58801696193933,241.73810063331777,61.84866397966506,95.23041932226313
377.8020957008482,243.68256177646288,62.99696829383945,93.53603205298647
404.34634109232184,248.39189848145293,63.57084628530632,92.05613179821876
430.97726552339486,254.94577423422825,63.39932945441019,90.98600560547328
440.9874131573463,261.25924649508755,62.36995902171251,93.08785327430645
429.2032417924989,261.7396005567614,63.01531476715437,92.44728461867496
389.3353673178342,262.77537155973124,64.27827776677663,90.01752674426223
340.4543434690635,256.01750080962375,64.33212691695489,89.11220005294891
308.8082678057165,258.7498878929183,63.01995390282839,89.84546064969597
299.2286130978326,259.3665972382175,62.279704297600205,91.33288741998935
297.5622290858562,253.86593834406614,61.33002355293735,92.92308860825543
309.1897954692723,246.68040380733692,62.26633327572908,90.80795353437496
346.29628153736473,230.04902948225785,63.50451012636057,89.48053418526551
367.86804828709944,218.83956434760648,64.1574587130728,92.31267246238073
377.420291561659,210.31587764678656,63.058389034071,94.14920468512658
381.5487640750976,203.3452577698158,61.48451228264538,96.44721876920727
384.18370055177405,196.32690433283855,60.54955496726242,97.39009171982188
371.8534787157671,197.8161060142239,60.12557175939361,96.24735060280163
330.4805324541967,203.13780721596038,62.79616978790543,93.06808146196292
289.5826397331112,227.2657426940925,64.1162090752913,91.13186687776904
265.2329611314594,235.75757223582514,63.84947512258902,89.56702245342242
260.7219253947957,242.5844255932139,61.74870476089454,90.7776946677831
272.6156155821928,245.22909834757368,61.97361915538741,89.75381346494117
317.7104834441993,229.27017486087036,63.66612372678449,87.83423520641422
363.0651164186587,205.23425660708506,65.10352525833447,87.05129342418991
404.80352438098924,187.1985193244176,64.90084873797025,88.05583531130216
416.470368428907,173.90465430802743,64.78328613041599,92.04989736007373
420.60937720287126,162.60281248799592,63.77000571169888,95.69506201820315
404.4369342598898,154.79815243182242,61.968285152349296,94.78372363750819
359.86182094231094,148.19302650023812,63.734593025299986,92.99693665942918
321.24753917836244,154.4800571207129,65.27369579880246,90.58621026497624
279.5206442194171,176.32728417522992,66.74846655165416,88.94574556634257
232.54017365519664,189.9297294224107,67.69545351749736,87.58109745784526
182.5745375947249,205.32898545669082,67.85267778687835,86.89981294360632
156.7017704995187,209.7673409771922,66.02978393773996,88.40446291029401
151.17481376423638,210.14334533604875,64.4247170387367,91.05651813262908
152.08860481093834,208.6633506483429,64.42530393356067,91.05451238322388
142.6110202554914,213.71803911712968,64.42537393861953,91.05444750314547
133.27637579985833,218.1919871120199,64.42541617630171,91.0543960186751
124.53842093544642,222.71920787369163,64.42555686215678,91.05430057992636
120.08142849947572,226.83539146671572,64.42581588113188,91.05416739503784
113.87258639127155,231.6128287474512,64.42588802173455,91.05412433838866
105.93123737820817,236.25703641000663,64.42591946003174,91.05411538534808
99.67457831576253,240.77305140945504,64.42606448159049,91.05401249521594
92.58749756035583,243.99421150055076,64.42612988492098,91.05395305521198
84.91929490596205,249.1505904183906,64.42630491569341,91.05378963328964
75.06979914740333,253.3729956245537,64.42635043366533,91.05372905311675
65.85191149016808,258.19694591925366,64.42638241622664,91.05368899075543
56.728062624756184,262.96702750964846,64.42641474177701,91.05365547152593
47.16294691637538,267.2275153153568,64.42644672616557,91.0536196870745
37.83120936564203,271.86247295275547,64.426494474727,91.05355991154474
28.94250473216058,276.1055216997973,64.42654664024947,91.05349681077168
22.16617614267186,280.6474178546818,64.42681276698082,91.05323969539965
18.023050426969135,285.10738328497735,64.42697144020755,91.05318493344132
14.000262426129488,289.315313523786,64.42703142778772,91.05317700251592
9.275255241756746,292.5656268529258,64.42714898409425,91.0531153962688
3.9972095311194877,297.13147958700125,64.42727116708751,91.05302461317648
-1.250271812857548,300.7864262173832,64.4274371021119,91.05287618731246
-6.56255730264256,304.14021287691435,64.4275182974412,91.0528138164313
-9.918526060919845,307.5230799577749,64.42757608377116,91.05277618028404
-17.634813879435498,313.5986258021573,64.42773099021164,91.05268451440735
-25.239669440892605,318.5528383404424,64.42779111977869,91.05259607724142
-32.21390197475415,324.73896166920036,64.4278039495083,91.05258376420795
-32.21390648127171,330.09184729009803,64.42781296254341,91.05258015394344
-32.21391737340505,335.6883870029755,64.4278347468101,91.05257972293938
-32.213937442373506,340.6627285671441,64.42787488474701,91.05255744512714
-32.213940764965976,346.9608907348777,64.42788152993195,91.05255230826829
-32.213962806006826,353.94914386239856,64.42792561201365,91.05250269537748
-32.21399137209994,360.0973609764862,64.42798274419988,91.05245995432382
-32.214024846077635,365.34549023673594,64.42804969215527,91.0524401423204
-32.21408421284883,371.00974026830414,64.42816842569766,91.05239123580016
-32.21414213694037,377.0575848117902,64.42828427388073,91.05231753579092
-32.214192161747036,385.0915797273069,64.42838432349407,91.05222359403975
-32.214272785225795,391.81028582492905,64.42854557045159,91.0521025441202
-32.214465223951265,397.5188731604894,64.42893044790253,91.0517941754897
-32.21458588286156,402.3925583712565,64.42917176572313,91.0515837118413
-32.21465873906565,407.0882290228988,64.4293174781313,91.05144342784375
-32.21471691035821,410.49039105832304,64.42943382071643,91.05131762207101
-32.214800508366096,407.0507742242478,64.42960101673219,91.05122017831354
-32.21483345492455,399.7155234198088,64.4296669098491,91.0511914679777
-32.21493792865053,404.948854445195,64.42987585730106,91.05098964517148
-32.21495318552507,408.29833870248933,64.42990637105014,91.05095806982239
-32.215015565951035,403.4234631983024,64.43003113190207,91.05088169324753
-32.21503538258357,400.21827840783675,64.43007076516714,91.05083371741614
-32.21506634419247,398.8761237391559,64.43013268838494,91.05076753025702
-32.21545528977571,400.8574678477916,64.43091057955142,91.04998431557956
-32.21551130280724,404.8119594995235,64.43102260561449,91.04987170913722
-32.2155318059446,407.37591555443964,64.4310636118892,91.04982586746289
-32.21560818647995,402.1255837830156,64.4312163729599,91.04974172964688
-32.21563414647432,405.69872635254353,64.43126829294864,91.04969301026887
-32.21565375762171,397.2650040365787,64.43130751524342,91.0496773913439
-32.21566626410179,397.8186361828807,64.43133252820358,91.04965103380616
-31.7391109317333,392.7842359417983,64.43129035826335,91.04968778306086
-32.21566795397415,395.661755429745,64.4313359079483,91.04962698709907
-32.21570256000376,398.3550299445187,64.43140512000753,91.04953969232335
-32.21572823133449,400.8187182407657,64.43145646266898,91.04947452027014
-32.21574516206556,402.49524894154234,64.43149032413112,91.0494359325138
-32.21577295898393,405.78627797647164,64.43154591796787,91.04937764140276
-32.21578573200136,407.3290010433127,64.43157146400272,91.0493483015439
-32.215844832856,406.65203964613704,64.431689665712,91.04922820820752
-32.21592052624418,406.54918692027695,64.43184105248837,91.04907425214509
-32.215984983147735,402.55117114012023,64.43196996629547,91.04900347938974
-32.21601252105388,406.59010228306374,64.43202504210775,91.0489486199554
-32.21605067190185,409.75383633773765,64.4321013438037,91.04886832036101
-32.216142504639315,405.3837811295104,64.43228500927863,91.04876152795315
-32.21619550416064,407.9077405423903,64.43239100832128,91.04864848832617
-32.21623796646055,411.3836165516836,64.4324759329211,91.0485575796639
-32.21635544378517,407.5870814325253,64.43271088757034,91.04841902815504
-32.216431284218814,401.614287433848,64.43286256843763,91.04834357336124
-32.21649229097102,405.56579078248353,64.43298458194204,91.04822088259043
-32.21651829275388,408.8347666360351,64.43303658550776,91.04816771598408
-32.2165376983566,411.6661266693329,64.4330753967132,91.04812398376947
-32.21661729001551,406.709871456616,64.43323458003103,91.04803579927906
-32.21669942420986,403.26202926289085,64.43339884841971,91.04794677593223
-32.216715861310455,406.6212871140422,64.43343172262091,91.04791118379798
-32.216743099293616,409.97952001239565,64.43348619858723,91.04785030194701
-32.21689429370236,407.4771882402953,64.43378858740472,91.04766870378327
-32.21690218563219,408.0973786683587,64.43380437126439,91.04764941896842
-32.21702058129994,402.13525685785675,64.43404116259988,91.04752418163488
-32.217083427750985,405.64099252386234,64.43416685550197,91.0474039581748
-32.21714183882328,400.48462032029045,64.43428367764656,91.04733937483999
-32.21722041458313,404.4801477227951,64.43444082916626,91.04718937787518
-32.217256548348175,407.3962646367698,64.43451309669635,91.04711459228417
-32.2172988788112,402.64541542752846,64.4345977576224,91.04707064779072
-32.217315046260595,405.3949999497828,64.43463009252119,91.04703805118851
-32.21732336456127,405.8192468999064,64.43464672912253,91.04701668655159
-32.217340573821744,399.23859050433185,64.43468114764349,91.04699734726853
-32.21735269302144,402.25637688314873,64.43470538604288,91.04697184610448
-32.217388237257516,404.927689404721,64.43477647451503,91.04690232587875
-32.217414592536755,408.0812382589305,64.43482918507351,91.04684721618399
-32.21743820870523,400.6906148088849,64.43487641741046,91.04682695013757
-32.217929822002986,400.42175182672554,64.43585964400597,91.04590484555133
-32.21799003792691,401.95297046032914,64.43598007585382,91.04579186385139
-32.218029085949986,405.6970116106668,64.43605817189997,91.0457166318102
-32.21808072474184,399.9281114475687,64.43616144948368,91.04566467071375
-32.21815732264091,404.7052105748233,64.43631464528183,91.04551495441264
-32.21823675142833,408.13975575326236,64.43647350285666,91.04535016897611
-32.218263950679415,411.89754574357437,64.43652790135883,91.04529076101454
-32.218321407856784,406.89704292821386,64.43664281571357,91.04522350812957
-32.218434281453035,400.9455723407696,64.43686856290607,91.04508660379436
-32.21845003593728,402.1999836016374,64.43690007187456,91.04505314455878
-32.21850251182139,406.49085442595197,64.43700502364278,91.0449469710884
-32.21852404473205,409.2644536821592,64.4370480894641,91.04489811687698
-32.218586102015564,405.80092178687903,64.43717220403113,91.0448288240939
-32.21860773936922,408.9342979863778,64.43721547873844,91.04478003074813
-32.21879345222911,405.6396547964622,64.43758690445821,91.04452783636063
-32.21883819066778,408.77516005909234,64.43767638133556,91.04443472671926
-32.21889516814615,404.32765592705397,64.4377903362923,91.04437482215587
-32.218913032012345,404.5564216163215,64.43782606402469,91.04433665942022
-32.21893278812275,397.24801526592535,64.4378655762455,91.04431948808109
-32.21897797405604,402.4595585446725,64.43795594811208,91.0442351736287
-32.219003142835774,406.8212200333023,64.43800628567155,91.04418833467476
-32.21905821758783,401.6888038433451,64.43811643517566,91.04413004381291
-32.2191837126333,398.26875586881573,64.4383674252666,91.04390349836477
-32.21939792352883,396.4235801997711,64.43879584705766,91.04355120600668
-32.219429232757584,400.16578867927507,64.43885846551517,91.04349255769814
-32.21948501731905,404.60600446018486,64.4389700346381,91.04337868386683
-32.219529797947224,401.85463328364887,64.43905959589445,91.04332629435464
-32.21957311028605,406.6316196091399,64.4391462205721,91.04324101062117
-32.21962500580901,398.2266867480998,64.43925001161801,91.04320263419056
-32.21966664825978,402.3227756390768,64.43933329651956,91.04312728448762
-32.21970894375966,406.8737796841329,64.43941788751933,91.04304695163853
-32.2197542090503,410.1688361323181,64.4395084181006,91.04295042031941
-32.21980991816264,406.3494150144615,64.43961983632528,91.04288903817373
-32.21985979497671,399.6796224499264,64.43971958995343,91.04284499396512
-32.21987836430363,401.87430664720677,64.43975672860726,91.04280460233409
-32.21989006716095,403.1759264625439,64.4397801343219,91.04277780506436
-32.2199330868768,406.78511434830614,64.4398661737536,91.04268711731065
-32.219985170454976,400.5706963709105,64.43997034090995,91.04263761220196
-32.22001829421639,395.15446993447057,64.44003658843278,91.04259861038703
-32.22004274603021,400.3590370268345,64.44008549206042,91.04255351409905
-32.220066803391376,404.5973520578789,64.44013360678275,91.04250597917094
-32.22009886799155,396.7872269243717,64.4401977359831,91.04247693405154
-32.22012467653681,401.46314049961006,64.44024935307363,91.04242781397032
-32.220149394485084,405.30632786711095,64.44029878897017,91.04237386067628
-32.220179902742586,398.9900715255759,64.44035980548517,91.04234488725226
-32.220230247604434,403.9440281102611,64.44046049520887,91.04225337315533
-32.22025931127417,400.9658042393742,64.44051862254834,91.0422187044982
-32.22028458738187,405.18475237095754,64.44056917476374,91.04217148613135
-32.2203140824313,398.70857546321645,64.4406281648626,91.04214226023174
-32.22033463239402,403.1702253563621,64.44066926478804,91.04210220904783
-32.22036892569109,396.1398402722764,64.44073785138218,91.04207277852541
-32.22040209367253,402.2999938825419,64.44080418734507,91.04201416181516
-32.220474437032244,407.3985547386791,64.44094887406449,91.04187197224586
-32.22050464111992,411.01784838101014,64.44100928223985,91.0418057866743
-32.220611993698384,407.5152595356043,64.44122398739677,91.04168677033275
-32.22063001826363,410.0931631034059,64.44126003652725,91.04164802919964
-32.22067333710335,406.40004929482416,64.4413466742067,91.0415989244089
-32.220714739933385,399.09361939467107,64.44142947986677,91.04155799076725
-32.220758966096064,404.19192809065055,64.44151793219213,91.04147284825902
-32.2207947352163,408.1343002782919,64.4415894704326,91.0413987305446
-32.22087628051656,402.6339078122645,64.44175256103313,91.04130246753104
-32.22088800760435,406.9977956665397,64.4417760152087,91.04128039820192
-32.22090643959134,410.697742812934,64.44181287918268,91.04124219595896
-32.22092399522141,407.5000148737914,64.44184799044282,91.04122173299663
-32.220979435364534,399.92097113502143,64.44195887072907,91.04116998171571
-32.22102196184548,402.9528560946206,64.44204392369096,91.04108691020413
-32.221104816346894,407.5673228971341,64.44220963269379,91.04091307080215
-32.22115213092025,401.5623729393137,64.4423042618405,91.04086234862548
-32.2211744249782,404.5312508718683,64.4423488499564,91.04081438451739
-32.22121231807102,399.1875828990354,64.44242463614204,91.04077335416991
-32.22125484544706,404.1051315199467,64.44250969089413,91.04069713132924
-32.221282068753325,407.8339306824806,64.44256413750665,91.04064122569501
-32.22130203492814,411.60732620386426,64.44260406985627,91.04059977475515
-32.22142407531662,408.8935462294204,64.44284815063324,91.04046063459259
-32.22149949261282,405.67860763725236,64.44299898522564,91.04037279970258
-32.22151591707736,408.60773098592387,64.44303183415472,91.04033475867058
-32.22153435018532,411.24291600764536,64.44306870037065,91.04029228328181
-32.22161059486378,408.0905073489371,64.44322118972757,91.04020513979138
-32.22166555257224,402.01698270712416,64.44333110514448,91.0401520674602
-32.22170901190393,407.3156071951063,64.44341802380787,91.04006724554874
-32.221741235589455,401.24665111395205,64.44348247117891,91.04003423268624
-32.22177719148239,405.4119234711261,64.44355438296478,91.03996151083088
-32.22183039931586,398.7663001326917,64.44366079863173,91.03990836775338
-32.22185362520459,400.7897602615168,64.44370725040918,91.03986358694036
-32.22187180832806,400.53348317427384,64.44374361665612,91.03982884321715
-32.221894872929006,403.71276400367356,64.44378974585801,91.03978340069585
-32.22195732990371,408.1899122413557,64.44391465980742,91.03965715238222
-32.22201092111412,412.6945059938896,64.44402184222824,91.03954195108648
-32.222139321318686,409.43101418120386,64.44427864263737,91.03939926420206
-32.22216646879972,401.64267187629764,64.44433293759944,91.03937412670008
-32.222203477325586,402.4604106703632,64.44440695465117,91.03929182703632
-32.222249049606596,405.3362158634288,64.44449809921319,91.0391992135798
-32.222299630634474,399.4088017835004,64.44459926126895,91.03914513314112
-32.22238280500782,404.39803117670704,64.44476561001564,91.03896641417163
-32.22242556359283,407.98478979274455,64.44485112718566,91.03887247234931
-32.22250346571248,400.3914089141478,64.44500693142496,91.0388018015643
-32.22255333900565,401.6776405512023,64.4451066780113,91.03869379784113
-32.22259596907956,402.45497459048863,64.44519193815913,91.03860628853573
-32.222644972678644,401.9986183422961,64.44528994535729,91.03850625392633
-32.22267750848169,404.63039350524974,64.44535501696338,91.03844088285302
-32.22274564003495,409.4055655381897,64.4454912800699,91.03828774257123
-32.22278519126019,413.7963870357514,64.44557038252039,91.03820183057768
-32.22291883563848,410.24496420005386,64.44583767127696,91.03805401366108
-32.22295564642213,406.0274191728998,64.44591129284426,91.0380139486455
-32.222979417351745,399.2165118966491,64.44595883470349,91.03798993150575
-32.2229866037428,401.41780131640155,64.4459732074856,91.03797227974492
-32.22299984068077,402.9597002587832,64.44599968136154,91.03794085540035
-32.2230035011912,404.31083049549903,64.4460070023824,91.03793133945776
-32.22303984423394,396.9769921580535,64.44607968846788,91.03790152478572
-32.22312915797702,399.9763731442214,64.44625831595404,91.03775577101695
-32.22317577788959,402.48817384727545,64.44635155577917,91.03766815885413
-32.22318882052128,406.35531870481594,64.44637764104256,91.03764138704092
-32.22321351302759,400.284565863569,64.44642702605518,91.03761321791127
-32.22325257648611,405.1220184094198,64.44650515297222,91.03752711882441
-32.22330215834183,408.811097584024,64.44660431668366,91.03741194435959
-32.223339975444745,412.0918137765151,64.44667995088949,91.03732847447753
-32.223409571427354,408.661827476782,64.44681914285471,91.03724991885349
-32.22348445336032,402.2614609748627,64.44696890672064,91.03717401613687
-32.22354315110521,404.3277190478739,64.44708630221042,91.03705981332125
-32.22357061163893,404.4881856883129,64.44714122327785,91.03700494874305
-32.223606185690876,397.881115656284,64.44721237138175,91.03697169584528
-32.22366107441462,403.6676336400406,64.44732214882924,91.03686701800491
-32.22370027872848,408.93403978356906,64.44740055745696,91.03678960185869
-32.223778408985815,404.93622492156703,64.44755681797163,91.03670275405493
-32.22399475634303,402.6414815772745,64.44798951268606,91.03631088352748
-32.22428358452886,401.6356170016125,64.44856716905772,91.03568780668677
-32.22433606514337,407.4820274671535,64.44867213028674,91.03559014983568
-32.22438291880224,412.1791052300578,64.44876583760448,91.0354899905432
-32.22448472276306,409.49789507960236,64.44896944552612,91.03536480118923
-32.22457997710559,407.03847231203457,64.44915995421118,91.03524451982697
-32.224624754723806,400.79270256295683,64.44924950944761,91.03519733280174
-32.22470919525814,403.29829927781515,64.44941839051629,91.03502790134566
-32.22476442924999,406.391624170727,64.44952885849997,91.03491728864813
-32.22479027719306,410.6267713953578,64.44958055438612,91.03486057132008
-32.22486970785533,408.0288372308005,64.44973941571067,91.03476265669089
-32.22496043823403,412.25821308187756,64.44992087646806,91.03456426874567
-32.22502435918891,416.7245879874787,64.45004871837781,91.03442687667186
-32.18921367790022,413.61324822996414,64.45031954279976,91.03427848032406
-32.22527728690865,410.61990702891114,64.4505545738173,91.03413636994831
-32.22535692820469,414.7827899559128,64.45071385640938,91.03395778858912
-32.22545521274165,411.5368856632858,64.4509104254833,91.03385162469756
-32.22556164764618,408.6378408506671,64.45112329529236,91.03372681435764
-32.22559180333701,412.9697236711611,64.45118360667402,91.03366223080363
-32.22574231012746,410.2745271233603,64.45148462025492,91.03348707002702
-31.941744226758573,408.113467358108,64.45182708610076,91.03327088046949
-32.226024951134626,412.8512227843278,64.45204990226925,91.03303316035402
-32.226146027687584,417.42706811586277,64.45229205537517,91.03278311770644
-31.871692762411136,414.02827737765455,64.45245763785938,91.03269422974302
-32.22628103635958,418.9695605442066,64.45256207271916,91.03258181509595
-32.226321230408786,415.0371262891252,64.45264246081757,91.03254258371211
-32.22642383223726,411.95819659014467,64.45284766447452,91.0324263079977
-32.22656303157262,409.539621687215,64.45312606314523,91.03226436916698
-32.226575089078864,412.8912302221425,64.45315017815773,91.0322361954912
-32.22662465169897,409.87342635299626,64.45324930339794,91.03217985221022
-32.226642507293846,412.7084017428881,64.45328501458769,91.03213759598611
