228.5,236.5,80,64
232.15946828347077,234.1293987746107,83.796905298598,63.45719347098125
231.4566961529751,236.31190903025217,85.83140313567733,63.81977973307475
233.2276582877052,243.59489367276646,86.50392064249276,64.92850737034841
231.3941758374188,251.0069973337499,87.05487821503212,65.68998100999048
226.54074028619195,253.55884974862477,88.42134576066205,66.22913420865257
224.88756526285658,244.78999101818295,88.67061911475162,66.6533606111866
225.04388281782337,231.69493319798494,88.56286686500175,66.2413682498736
224.10755907780435,225.03068629534883,89.05902041422313,65.68375747140561
222.14558980059692,240.3964465670541,89.5736584029184,66.4141986742109
218.76257016396022,259.23634142129106,90.85535843897866,67.53131829801234
218.93995877031796,264.2961383820615,90.3577745770551,67.2445691106634
222.65739924197027,250.49788088213478,90.4816776417766,67.36517392374924
228.09418367599682,226.8316619514587,90.36487890769571,67.40273950116585
228.93763441764617,217.55886518830042,89.77742765499546,66.60865903151075
233.20880682584988,232.03704706578316,90.92474672561197,66.85373227300519
242.05764408682256,238.80190578635654,91.91268202117149,67.28392617829397
249.58447670045877,231.6290794184656,92.16162528388932,67.450147952467
248.44813881488454,214.64094650576746,91.9408978587029,67.1834557090156
234.5264014766519,208.67682620352366,93.39090558570531,67.40750892031474
207.50329798706304,208.29634491857888,97.076818222842,68.35753269976372
181.83763618953185,224.33891730626073,97.21432467923248,67.96902221700262
192.8839324051337,231.99844715313597,99.95352507944969,67.90853319433364
221.85526867171365,241.3775972176656,98.72159168203197,69.37969282784762
231.7600713403218,246.89686128813435,98.2372274336829,69.2935162570395
210.93951390558115,244.41198427020245,98.3477446163966,68.66233721795213
187.87355838092668,240.35229918725904,98.29428426677974,68.27870140239365
167.30869502822182,234.89627862167697,98.46035740773635,68.26460460936349
160.68421844126254,235.68773118602402,97.21493344542442,68.15878840889202
175.25170858889018,237.97089468426196,99.09627051772289,68.44223052786413
192.232895625146,232.9410236387874,98.36184368031863,68.6694683463523
198.37026155062617,221.61946456125196,97.06692063673135,67.96239347774154
190.30285490511082,216.0523759756507,96.79746947768884,67.75067106703489
192.13363922933908,224.39747238613245,96.37207231322581,67.55847553000697
202.09516493191427,225.20244712602926,97.75853781481374,66.67330970919463
212.21345256603135,221.0780251893255,98.4748109810278,66.27486239913047
210.03086760492084,215.98415982400962,98.05828839836602,66.045181325563
201.79409447148552,221.96631427034782,97.45922571748274,66.39258374422695
201.51447742068456,241.9905009369086,97.47064354253442,69.20892980197455
209.61485687102714,262.6755248505902,98.31119972058458,69.78511381665236
213.66266288946906,269.8881024166068,97.15323550321975,69.49347118156743
204.02305129757943,261.6364451528556,97.46156864183303,68.71629292647714
189.6946837422839,259.678286906788,98.1102185015696,69.00966792462414
179.83050253095246,266.7935908386982,98.2012785255508,68.87325256568656
180.8719394897326,273.9300869327157,97.52482257387955,68.34747946334491
192.5371190509857,274.04225669954525,98.73363467024542,67.65581221571954
206.10485961756058,277.8944664379177,99.52781433421478,68.5801845480566
213.65709296994737,283.2310440087327,98.7727824820413,67.97822977721526
212.93148707327992,279.4272415251271,97.95393397454919,67.06384969041028
213.88672141913304,262.3456032443187,98.30769696466663,66.6815062874275
224.93444894269288,242.76905792640372,98.94271448224424,66.93990927066952
240.1224331406165,239.89837121548973,99.15186533383353,66.97109048897578
255.05914307730637,253.12067287074194,98.32588312830045,66.24008352246551
254.88427531136398,256.40514239362886,98.40141330334896,66.34862326697483
231.36101743704106,250.80343418112085,99.10232129442643,66.800605365819
208.6936730067237,242.20891297206984,98.50739513430915,67.16781321971207
196.64893609909092,234.5756075896669,98.29681439940383,67.16546207808481
203.35537776874483,237.18355737621482,97.56801118399738,67.1800117046655
211.32270056162443,244.93205252862194,97.99422833017178,67.1342228387551
223.14612149326697,248.05579340371997,99.78728400411813,67.38851921432195
231.01128531555554,237.87450337534042,98.63979918638428,67.98956553389843
231.6751742488517,225.85389004423877,97.77920982711042,67.01396938116036
227.8431807429795,223.51274249536235,97.33390099382306,66.53615734314047
236.63785288410782,221.28172730792244,98.95686750258211,66.40305536709863
248.92094740757767,218.39160153171417,99.96841435652128,66.10903619426493
270.3877366673633,215.70242521896745,100.9032821870477,65.74861356646252
278.96549205237096,220.49906665048627,99.40525928629503,67.11044888274616
272.05257537385825,237.66663293933834,100.03886051136247,67.42213637340139
260.2587677526762,243.12797482011774,100.0934900664707,68.1262636393694
247.0093284591415,245.2884704641509,99.51478534055185,67.26452423194887
256.08037522436473,234.0761237743647,99.4253022074443,67.43431572553493
266.2727835917606,224.72890637230267,99.07240113732541,67.08501311815996
271.58027915899027,222.68023851642056,98.36351790539283,66.12624416989
272.6407550640306,212.5721975964727,98.85061191173374,65.724991643941
258.23219121731364,195.0001768629412,101.04072163031411,63.81860662784973
236.85069734326515,178.8742776405905,103.31076656835248,62.503884381633156
210.39106169252796,166.86153454933643,103.94664400996363,64.66233946672918
196.66768836602247,168.4842526149231,103.70623780042575,64.47895653913861
202.97650485924544,169.9354685461588,102.56820190565462,64.94873923240758
213.60482458309627,163.4820508158146,103.03880206671764,66.01259812296658
218.14742839674238,156.82808384122052,102.41208481112949,65.9366962796132
225.22593240774424,169.63423189517636,101.1663040153831,66.68696235126698
224.72016377295574,185.77093181477312,100.69974348852,67.29146168199532
218.31774524427414,195.39769277575584,101.194099474411,68.68322059804254
214.22591835803024,203.98307466708422,101.39624260770812,68.47298805012704
202.41792986711292,200.40053821177312,101.87383763153497,68.95498314855439
182.72221782198477,194.17105815149063,102.22793872374436,69.04489610420237
179.20717075653783,181.82020874955984,101.07188707216753,69.29385137779053
188.36093834826124,165.9942087037744,103.56794075590827,68.75019564660752
208.5268849006914,169.93942795558047,105.91042127775691,70.47397299382541
231.69005787294427,202.4380476134288,105.83472001708905,71.83320950820688
240.7621724141955,229.38015919513538,104.06418249342445,72.4573405318055
237.1019223958823,240.80631794926012,102.95915400374477,72.18932401842903
230.62105057464916,240.55691631595914,101.79192750003182,70.46964049914229
222.30417798847083,220.82865194678163,100.82633986294027,71.55558284223369
219.59564240507086,209.56047870953887,99.69226499931418,70.21441733856977
222.71556643778385,208.57758525587994,98.17519763838646,69.62574944242084
227.7225144260523,212.14475221639532,98.33256249558981,69.02567770171845
235.26856068854528,207.18675384518895,99.77675537099445,68.75080797379425
237.8663615384577,196.53439100197704,98.2885556620601,68.43386389093095
224.02581289961122,192.4734375250436,100.72688942046597,68.9461750691936
213.89680031620867,200.80447647160562,102.94086246324764,70.23997066544943
214.931390375639,219.2770623556957,102.44436806292333,70.37843232012082
253.99981785579405,221.51395364236475,104.1690777388437,69.4690294388604
275.67009801336457,214.53059050334497,105.06265591247225,69.53220842991269
276.22042233135215,206.32722729242107,103.0656249446489,69.78887229072531
250.1167262990609,205.10701338089402,105.26901539179978,70.40752884970318
227.06068975156893,210.5308906635626,105.86259483443993,71.4083231735262
210.2937418865764,215.11428436069326,105.7158036137414,70.40429365279996
207.6062006565995,208.61881968277203,104.56313939629653,69.64630066061999
208.1517711850296,193.896584375293,103.0698383803585,69.68193872552925
213.5426160343031,198.67018905259545,102.06654147355952,69.09928320393217
215.29962822809335,209.14422260246306,101.76236024470097,70.56037290351333
243.70687441315764,214.57860839102565,102.7053942722775,69.25368457071187
280.47543304538345,218.90667402559959,102.05443881202505,69.97211175035552
285.474602006897,217.40285079142419,101.51593975618549,68.46898265260525
270.6561563527375,203.15650869527698,101.37378023747809,69.63740422588108
211.54416001871724,191.8089420966581,107.26859504907333,66.37131191347532
152.8920783614608,182.61641513832086,114.161579774719,63.33945756598959
124.91437886817482,183.29025260815607,111.05880844268745,63.82013114373713
133.42296896582621,186.3257433182662,110.29101408112487,64.23431865738526
149.22594288529837,187.25357575588853,109.39378740306928,64.33067240072428
159.51448697906235,184.6374060706696,105.88855666793388,64.62479985328491
168.67461987717894,182.79143506806122,105.36655442150538,65.05674639799146
186.14516965606325,177.57537170824492,106.52578521651999,65.08488904779986
200.65048108070278,180.21626256804106,106.27721871794893,65.00929314592604
212.3662647236863,192.88638009277312,104.51443843454538,65.88945223098342
216.1481796827292,198.56402035634406,103.03469636512288,66.51547682621704
221.09055218492992,199.16390059296796,101.40819301416383,66.51291295579057
224.81607471179976,194.5561518472354,100.9598091886041,66.27192946733622
233.52899856708865,192.37939011689224,99.84999579504289,66.01577609010144
230.46031024622584,199.48306672059854,100.98134664560027,66.33943064941248
231.7328351006106,204.13705858706666,101.02536177333288,66.41080711545085
248.42993593861837,204.53440531352288,101.4590447713896,67.83277440052976
268.8095391968365,220.31536659373882,102.34079894831267,68.99166559131858
277.42551070023313,244.78644204787742,101.11203930638764,70.05356970623473
276.31581826698306,262.9081090565047,101.10655921317098,71.33802194386293
274.46384249818686,278.4146262515912,100.85866033648716,72.09714140806008
276.9255282992826,284.40572443647096,99.95288831696796,71.32638512466526
274.99106474108333,277.8196265889853,99.73101848588712,70.00218856957561
277.0900398074971,270.0424022780732,99.23251741540706,68.89387359581872
278.42191251363147,259.26968777895036,99.20664779850264,68.39846625983591
275.181455606331,229.2604061788545,100.27495489694768,68.72498615558425
280.1221893397758,200.1842629041651,99.49579379602486,68.0782538450998
273.12884738162177,197.76885884919352,100.35746340721806,67.86939816338645
262.1369463505872,226.16293832590054,99.29817655632334,71.05216740211105
254.08553811631154,263.18189870661456,98.10847631650067,75.04506176519476
249.54959417114966,292.44045437899274,98.83651979306713,75.61676038747942
248.67293352087702,292.2816851088799,98.79323932130403,74.87177901975376
237.2463962742096,258.1147918797425,98.65638270807153,76.38218596142707
223.29837053415304,251.6547945702903,100.07931445246689,75.54667215747979
216.94222222326755,255.59364598028878,99.5815366494942,75.43142909242668
218.3924327900752,249.14367160205725,99.2659798938544,74.25668321540589
218.30601798806458,233.37695250256166,97.69643579296533,74.2452472231129
219.06945172301113,227.44278136023257,97.73541667359711,72.9691440884595
231.44942699449865,227.89409531203987,98.61697041834177,72.990923190155
236.20858351546815,220.89765493925034,98.14146209442039,72.55186194965006
231.3878590936017,194.73898634501236,98.14623128880028,74.2151273302647
225.14150220869035,167.07690377806148,97.93819756869372,74.21390641680321
221.44340655874112,162.01997359201422,97.49234594561858,74.15913714259642
230.4968884210427,173.1995504189323,97.49326185968728,75.65710400267633
242.34692720073787,181.947402618056,97.72440149390047,75.4904439464699
242.99417411889772,182.81366777016473,96.86469946094078,74.31890492948386
230.99030306236745,180.82782901808253,97.42611436452864,74.77901794046898
213.3642634842463,179.94936183629252,98.65250916408148,74.8664101106362
187.53018476350053,178.02806706375966,97.72292261753594,74.6316962461255
182.00652892736025,171.92886725473687,98.33028716152054,74.36599025809197
196.94616843178653,156.43830358433087,99.36475212544632,74.34019773806412
212.57479134957055,135.3236856940597,98.2437653688578,75.49270088310843
209.15518560826337,121.28488952315956,97.25525334835936,74.67558649883448
204.45130572904742,120.58038357686954,97.09258044382742,73.7087753704795
206.87055957863572,137.38730210763708,97.22448070744984,74.36696055625887
212.8028715843844,144.06133371550908,96.39600095254428,73.93647031567355
224.12045382344257,140.20538930006336,98.1743439359758,73.17607482954841
232.0604834119431,142.0443237922635,96.76085561316175,72.52701658466532
231.74295736443574,146.94196169693635,96.86705494738469,72.4634006645408
231.1293027907791,164.76788710237412,97.12932150360302,74.01841707168285
223.7647533177395,191.318083307525,96.86378009934045,75.41999685986741
210.54026005189013,206.87472171604858,97.26662786761139,75.63559844553022
206.97464134713806,207.49355909165826,96.1192760284583,75.20815859860008
207.13895031626464,185.5755099004888,95.46201259264468,76.59004860691557
197.5318189907067,151.0719985910093,96.1185130977644,78.3631692483355
183.0371182061724,105.93855853697875,95.26031563729204,78.95834983247083
182.79975143687722,98.94361852064173,95.3399385389329,76.39380367190756
193.79554856333698,116.72503055101889,95.66415353589124,77.91347625421966
208.67623026514462,139.84045992351818,96.09270292829646,78.05637010321523
226.58484413415073,146.99346645278573,96.3133627635265,77.50968588684322
244.1047624917416,151.79764925084754,95.13550267187983,77.24083788410339
244.00116242059647,145.98536743794085,94.66047043425678,75.40467381826639
239.53594022970918,139.2551160362329,94.45257291234485,73.08352512479506
246.3445051617242,147.7243476986479,94.76511147482852,73.64106781192794
244.69900038337641,157.2011685931807,94.05600468325748,73.69595759329691
235.14198208515603,159.8397643864519,94.00694389810641,73.208571419047
230.7621832498113,168.5740470278497,94.98579701618362,74.12847583229629
232.42309085463512,179.64948610511374,94.15359438588169,73.83952661758761
234.80720189817606,179.5727723875213,93.56640209540015,72.29891137012476
242.6011073062798,179.15085696894016,93.15459759633129,71.03316169047187
247.8096542387995,172.60215300378852,93.37342044119183,70.3978034693469
247.28776802606583,158.04209143470302,91.90253584609029,68.94618741074052
241.81652155781913,167.3716724349124,91.93481340477611,71.96921725907666
236.3893470478124,213.31354450854658,91.62692716477974,74.65863900536301
244.76375577286203,253.5636835874908,92.27810170381628,76.51951349640035
254.93784274628334,264.6826385467434,93.80308716554298,75.51218104676713
265.9834066392872,270.954510318602,93.1606326278263,74.47196514434641
257.46337199675185,258.12573876023276,93.8893768396548,74.38078236997157
244.48798284304868,238.616670320104,94.3013596758697,73.51556887791466
245.04601909586995,247.8576685836693,95.27423470478833,73.93067661408978
256.4680121457622,261.13589003530154,94.6828368770986,74.44636391407235
266.04068650101254,266.5281774322625,93.10194129159787,73.64345568509184
262.8797533604061,252.77981463999808,91.9535440916707,74.05802031991361
255.16930694106955,242.07822481638328,91.24031598918162,73.22514840769497
246.3198598263681,236.0183125326117,91.18975572029355,71.98660219429331
250.44457577197988,229.6851090858858,91.55362796725355,70.62793508261811
263.0731409106808,216.54702184154962,91.69699512637513,70.94796523840475
266.0168130247737,190.50934131066975,90.72026872655856,71.40396442272308
259.9979646497494,183.25468129353087,90.67063370475654,71.14548317221085
260.1437762442271,201.97057792451085,91.4035195881048,72.91768847592468
264.18632694226557,223.43702428666305,92.34770839130769,73.50299567227462
259.61079398167664,226.28097202257825,91.51840569828884,73.13557387140365
248.35624819576688,216.82769764078427,91.8633985304843,72.72988394175435
235.5791628186963,206.81005809329292,91.54322350520651,72.41617736473994
223.9130212241318,218.5805253410432,92.03763895751914,72.21921984372673
230.69398197797827,249.12239430307275,91.44095697466747,75.21475132884727
238.77312456864544,263.24372462103497,91.5855148872052,74.38234993974899
244.33462180490847,247.20670372707542,91.01012688287986,75.82114926550992
232.7087564804176,215.70934366036562,91.8840747102063,75.1930247028846
226.46417905421285,204.87025301070864,90.85403209862653,73.79879160400522
247.4185348871929,213.1837679935605,93.7750056438481,72.13433278240547
275.6273395859716,215.41054246857863,94.20427811274574,71.80285462170639
290.22692079064245,203.42264623927056,93.65019626981031,72.2150598916018
273.5369675192328,182.78253634607546,94.95534237561785,70.37822950709356
238.07736837196987,167.2193201384054,94.92639003537813,70.79394567487509
200.84184283329233,176.5217515522221,95.5757705805066,71.81669210017138
178.78550160117572,183.56634584334472,94.45082792266952,72.29709694749161
174.2811049411578,177.21426787582476,93.73495464724641,71.78318094497048
178.4711989914146,164.13313477146272,92.43250960016906,70.5082256265949
192.21175728588446,159.92326421967962,94.45840251745497,69.48603500561279
227.9281650546,156.61599026415618,96.41646375004342,68.67077000848707
253.39503733432446,152.43305856378564,95.75045753287966,68.4231213700436
255.2683533413067,151.40855806087473,94.4625359509678,67.43553179969354
241.81052007552586,154.62054448761876,95.43027691490248,66.20461600644718
215.84618870954057,157.38722772408894,96.21639966884574,65.03830828747408
193.65981830664066,169.7246389088648,96.64296585306352,65.69000683772222
187.06290491338257,185.34018535336833,96.12059562572475,67.76179709690847
178.19276739137234,201.88474009549424,96.15188820209379,68.09111412632856
163.4057739270686,202.12186875185603,95.89701198678037,69.1847922803713
138.50667192528329,190.1813510855104,95.6053264639838,67.79598546523536
138.57993997929873,170.82685486107135,94.37793522480362,67.58603260161354
158.82856775642725,176.16759810967463,98.2816806471091,68.31596883389916
184.31993750413002,202.39569039566925,98.64776469906684,68.32225527021069
194.31008150647995,222.62274843095642,97.87377361514339,70.05224793376719
192.90719749401433,231.6479645104294,97.29383211591995,68.71430013456242
181.55604120854298,227.9533055651559,96.40238896481671,67.47212541036339
172.91709646986382,217.6760882154793,93.74502720621315,67.70777921066875
175.25577159224653,221.90004857852372,92.25531333687498,67.29868161232643
188.8235489618392,225.36303993775005,93.2041301644621,67.40871774229298
221.756754930311,222.6100675715059,95.40751192869038,66.58769905009865
258.16662288554807,212.22743234661095,96.59532148940764,67.12382635718839
287.96449155429815,196.64937198929147,94.44628138701488,68.12768533781855
287.8281921316584,199.27775571670094,93.96329325052103,67.65664776810092
267.0472238044996,214.37319928386881,95.66754481572724,67.94721548300836
256.20140673456166,220.68082013578788,95.33497279410416,67.14065049883575
246.6601404649934,217.16938545826937,93.73177344542327,66.71872043065497
231.4596642750783,194.49663353736764,92.7232562207613,67.47422411987053
212.2895047366444,177.82026768016232,92.4592738449924,67.99055294121479
189.8126780506715,179.96039277451075,92.17618328993619,67.30368940260335
190.64220848835424,198.34261358159347,91.98510577962965,70.7019713296977
219.34499695808066,227.38860419432982,94.87757876693463,72.28855226853163
247.3765467491102,244.23277352223812,93.39453442169196,72.71692046085954
239.48678984070648,237.9492759169416,92.86713295529623,72.79241386328616
218.11217317847672,221.36132264807733,92.72668350998035,72.64772561341698
200.90218289801726,209.00409939990203,92.25063745957115,72.70211313454783
205.01783234486345,219.91192620316144,93.29226585011955,73.34180849653492
234.2566382351855,239.73275620794604,96.69568129115507,72.94084444033484
270.687946330186,244.97879650667915,96.0413475718573,72.14937781839355
277.71051384529613,239.72396724885877,94.81492096143675,70.67492454814563
265.7027296680455,222.27232356884934,93.87083355421927,71.57228768331095
240.07793859635095,205.76655340523047,93.49260426572363,72.12233737944516
237.09852824599662,196.52063341775312,91.47251213607952,70.7552334151909
260.19635818011943,203.2435928959184,92.43933929786313,70.49021503259081
282.80525860734105,212.76348509917327,91.72876348004108,71.45847010056838
267.36698918947354,206.9585903692682,93.15120838267062,71.56801255873059
242.29297270813765,189.5851155092521,92.1720936707818,71.87278927461239
240.33851909984128,184.66437471066655,91.18030699394193,70.89949445119022
257.5935760617756,180.12812382063788,90.61510502686036,70.4578799440161
274.40185205760474,179.11876615077006,90.4229381060029,70.1756647837212
272.0532496812066,172.39482816899962,90.20700780707188,69.85787664661513
252.84276573869263,162.20925009043322,89.43841194087913,69.69748144266396
249.8568134412249,166.70319536029825,89.87454659639201,69.37787818015556
255.25410681916327,177.3295930892382,88.69518277142346,70.0443637281351
260.1121129831904,175.64727573152035,87.78793204004893,69.36000247189104
270.71285912910344,166.80102109934964,88.77111305754897,67.86593870766802
285.87775423896755,166.5180317589228,88.98333982085296,68.87421779760027
297.7810642847263,185.24880325701855,88.74352842989694,71.35061730629161
303.4747839815625,204.8777553374779,88.0041193172915,72.31248548424007
296.05560424621865,204.63107390191465,87.54796031721499,71.69035279281319
292.02552017486124,197.64602863473698,87.43403425979558,70.81690313551816
280.59777127233303,192.323824037704,90.20932424014492,69.71184734087564
235.24827224064333,189.8788168192373,94.05514237188372,69.6929033427504
191.32897479813224,203.82956255965826,94.26168769635903,69.29926632357844
201.1297596118476,205.22588942784077,95.2110290186354,69.93683152222621
224.49906309732006,187.4379386531672,95.90527956111814,69.50487098050888
240.90759750351816,180.13221837564691,93.28350226788703,68.6383423659328
235.94308017630098,177.8808088396321,92.0698739203072,68.4589071235398
224.1025067589404,181.86687808535765,93.99389680788484,69.04578295246225
229.55394578639488,202.7584595881757,93.79178722374004,70.36355302177732
256.8763946713288,205.3683476116274,94.20388484571788,70.36555632133997
282.12492241225175,196.85752982335939,93.75763731675288,70.33050549650882
296.810437677413,177.06511038974293,92.91905078667446,70.27701962619287
301.2292619963647,164.89203881275273,91.6222661395548,68.99141839540769
280.89014190210247,167.44180580433937,92.78877231929015,69.96300705856616
279.19991911761883,195.798404734668,91.53178006782282,73.28803627920772
301.4406068718699,213.1030606428513,93.13160802001414,72.22087686762632
322.3929269101156,205.45907714322598,93.71180070719457,71.39544245391306
333.17494768427554,181.70573594217797,91.49717398431412,71.53818366338211
323.5550519805685,176.57443014769564,92.52595350513151,70.81753414394836
307.8694992113042,184.4567373335272,93.58941896797657,71.98865738214855
293.0831256408275,193.0531624024107,92.62148045524343,72.7356303950163
292.95891822021946,200.6671150068231,91.14686544454602,71.57560486301034
294.2380859410936,195.31339583632865,90.02296250935913,70.14757090633074
287.84321557365166,189.97896442352342,89.70508872703097,69.76027852716828
286.39539114290665,185.12077279142107,88.8546974827013,69.05924235777923
285.4222741515622,183.46140948098244,88.07824612832354,68.24898023582811
279.6696075096755,180.59456310625455,88.51568066179185,68.4351480562373
268.9111145090041,180.9850205926544,88.97014758964829,69.2256291958796
265.56268720403773,186.91131615666023,88.28936672060759,69.18860794549244
265.99721618334877,192.28372023253263,88.4599690965726,68.48612290623542
264.4109690810641,198.80715736508046,88.04769429059826,68.23248823464561
265.1201578302712,198.91403027801,88.72207711666215,67.86308566871719
277.66465950411,205.93832520669665,90.22145076788598,67.47815681445667
292.1699257273766,214.1841709515432,88.78254116986345,68.6989668506425
287.1748635275937,218.91740560782415,89.76442296231258,68.20501455163037
271.5846390647607,217.6905817390669,91.4407272193994,68.51173397875064
263.85114962725766,209.5014536993182,91.06096727909785,68.78364011317962
267.2638655355204,210.64233131883572,91.21035846061932,68.58715456370454
284.9340072049648,216.91563281235076,92.39340962490427,67.39660302168177
276.9440324594041,216.73606469258277,95.02413979382104,66.9019129172045
234.40070475809162,208.58019087994512,97.05024069205153,66.84555942248474
214.35484140921744,207.98379826058635,97.04016074917489,66.51910428186874
228.05733657642156,199.28813323493034,95.74003072055282,66.10655554900106
238.95007775946232,196.9525479268329,94.25095033201038,65.5177187837568
242.09681828336699,196.93715717868457,94.07903367247613,64.90997056213122
247.9267455650178,198.56800477289852,93.68450179441622,65.11335444284087
241.370456290498,201.98100822144923,94.85543567487673,64.92443870556004
237.5224173282885,207.31333192276105,94.88984196080698,64.7236537220648
249.4138155598763,202.35916787406913,94.96425374958451,65.05209633666057
252.53744296159658,201.31129252195046,95.15314425177749,64.63866315723088
240.39075315648077,199.0032941315366,95.32213039887431,65.94642429276445
244.03698345565653,193.5969673030675,96.12987712931921,66.07316963213675
256.07257408975653,187.19372543022104,95.19643504263772,65.37250749617678
244.97643845738105,174.23643475716028,95.88523684022564,66.27441260328466
243.1992458645737,174.31001212446193,95.54661188637498,65.76944671574633
250.2107291386257,182.93329294756194,95.05032246992381,67.41838525265177
255.291604925484,190.38926400671937,94.78364860159053,66.8058129463486
249.40201801501598,190.88978684474063,95.26920994236295,67.32408167860844
227.89493265482685,184.47092864389998,96.25375190907916,68.3740020597819
218.27919801214722,166.28662604814863,95.38996629636713,69.13036359894086
