57.5,156.5,198,173
59.48826358400065,154.97249389459702,192.5405383272513,179.99394987483794
63.748103210560515,151.831942085329,189.16695244266185,185.14800011336152
64.81852694704918,151.7190070642595,187.16460172623817,188.29386307923704
64.28108249173779,149.91788189410227,186.76462460426055,191.41612380148857
66.88332137785333,148.96254087666324,187.69321491674626,194.38900912444493
67.36804765292261,151.5123528203972,189.91884193165592,195.07692710327942
64.0932639750522,147.7810558951229,191.67715333646902,196.90552732818716
71.73694951994332,149.907923321319,195.02773886594946,196.75931353292387
66.39661308771545,151.97328494642528,193.4765019785131,197.683993992123
69.22394891600091,150.85547962406505,197.08860831419074,199.23729953926346
67.1483663369198,154.09397699217322,200.0126297078571,200.7922881785964
65.20381206710313,155.87018800712144,203.45656623563818,201.34707106279302
63.27240107158012,156.66685808978272,205.9697606126629,201.83862102465247
64.90968194345513,159.59184561316084,208.15141329686088,203.436468548697
63.777398779865294,159.4599607490315,210.668377161272,207.25832276487077
66.0235430445317,162.87079772854221,215.1665223248713,207.89473052810882
67.45608181088866,164.03082053792997,219.1483147376835,208.61330323552042
65.50078088424942,166.5784272075339,220.11823084190803,209.82569039451204
68.0968916357587,167.4455255925193,221.1581093488077,211.25960423359584
69.04034843042814,169.72695065369845,221.95734678714825,210.8970815076303
73.8594647325773,168.43720922976541,224.63380095805746,212.71625424206636
76.31681295463426,165.42880842919243,224.96162055474554,214.9323449266932
80.65842013081965,164.74738943063983,224.77446371275073,216.28962429055287
82.96625015321047,162.4236816068059,223.93718835348545,218.95640977884267
101.94717387564083,155.51378815606492,223.71856600628098,223.90429326083
123.78714406373143,148.35324780788093,222.43574705954313,226.14380714659006
126.35909196411977,148.90508849929165,219.7169794802783,226.95198861395784
154.52773696310908,149.99893440080848,219.23746993884265,226.95986322671092
159.80175816501549,147.7288198566189,220.39737145135064,227.17573337496555
172.85420185389313,150.2100617933771,221.2526510047477,225.91693597720297
181.02869832374813,152.86528050568663,220.70788970871445,223.32178933741972
212.66128475730642,153.52566881488144,218.1356985615686,215.70268622672054
212.8865489659802,154.99241970598885,214.55824968256633,209.96853742416573
211.41843697929056,158.94015022994193,210.85362263513264,203.00736314946434
236.09760793563504,160.7605743409264,209.80652950174056,199.42820710947007
256.208191493541,145.67396341976473,203.58496184271573,196.17515179114892
272.82689020610286,134.60074995196544,198.8324791972551,196.7298142766742
264.2619903657627,141.4467694654208,195.42279676123616,193.37011453656768
257.75980209877054,127.56945375078902,189.46592680474205,192.01601564966916
271.18356052949787,122.50126254327886,185.7583997961927,191.80005832012162
262.2881027889697,129.2147047891531,183.22915536513966,186.8820420458414
273.5291785650562,125.05701451634245,180.07876421946077,187.31240996481475
266.22569018752955,119.37344781131642,178.07257798012924,184.90452372917588
277.24515962282806,118.25247155310117,174.38351360599228,183.2869879967813
269.9281516225409,118.25711686367326,172.99135315392977,179.97637062392815
276.6318706806436,127.91232952351189,170.56075219592748,175.81660581908244
269.51999954890704,120.65552408630998,170.3703766462903,173.0130627628222
278.33510223111534,131.68428089407377,166.1339729710216,170.10983267085422
272.2095718978429,123.87550793360747,164.98912528185355,168.5219056456198
286.06811262383326,121.66280980212716,160.6629263219384,167.68639521226083
282.13865216740606,121.01275624250349,159.2814068661404,164.83435074688293
293.94699868889927,129.55403918973562,153.64770027334924,163.23025374737716
294.18702134919306,122.91451065903931,150.4105040643187,162.21892079412135
293.132919637627,119.23838494659356,148.01824447857018,160.64907501289713
306.21723508286965,128.15376017631388,144.6682209184072,158.57772015282174
306.83565527820457,123.6466911134388,142.82668198895712,159.45087851172616
308.4025878384207,119.37104660708445,142.77790440629036,161.93095523271734
323.05209281843577,117.43559465395892,141.46370050705133,162.38629007196707
320.3096779025442,127.82943903541474,142.2201763616311,163.73680969833765
317.36620510992,120.26910319939235,144.0921001458846,165.41367472212804
334.9377804740735,115.39704152187682,144.52323683212825,165.75176742225187
353.3151764803168,109.56305707080065,147.50418548126288,168.01269477472158
370.35419803827074,110.67359778711722,148.09891000451506,169.33247971705794
379.9639540211328,95.80973213167648,149.25289504806835,171.09994491465815
372.3996989576589,106.74818469318762,152.28692179946677,172.46503846412122
375.2466724089986,106.2429836923776,152.84261202370996,171.28476473026763
377.48798056829924,106.66924131696257,154.17321334503188,169.20602851571226
380.48812655770087,109.8063629271049,155.19099254085023,167.0148808459647
387.3960676152886,106.78560670743714,157.43608836146572,167.03329433968256
396.7022923531878,106.07122818241058,158.80589482133627,168.6732499580798
406.380744712589,100.1108353783621,160.57024216247046,170.6490110758203
415.14702101514763,98.83412833641395,160.74720798997038,173.61907706429957
419.77644605872666,97.15998928569212,162.0301631701462,176.8474321031207
424.2595936183213,102.23733264598188,163.72399282970454,176.09879224991178
427.3553486635126,92.57994816937799,167.30505811773997,179.08972392284613
432.97278429735337,92.48934590632598,170.26264309548074,182.15747792175898
433.7553735527677,99.81380069852669,172.2579518550073,180.21348338404945
435.9560285759745,104.21828845468434,171.6509721670989,176.48251843081619
436.0007584229788,106.74442629645509,170.902916434272,174.04482409378653
433.49771269252506,113.95411319557539,167.87680803556032,170.60789029035794
431.8634992255146,118.80728916484512,165.44878807398186,167.45714376334803
429.67481868805976,121.20602251848439,163.96103827471552,165.83683779596817
425.45247174280496,123.84893056159036,162.3464222058135,165.2958365824979
443.98964410166485,116.83470517744882,161.30343048491991,163.3861893969846
439.33263291780594,120.18034603425889,161.2394297050547,160.99370290660056
436.32340873497037,118.93135422143865,160.6073567923445,160.0466837379753
436.49069792434636,121.0385747191298,160.54514365583526,159.49776794057578
435.8539443358092,121.02390423643249,160.69334386898905,158.7879419905537
434.8437641074832,120.0563876889594,160.0816983956942,157.25970918965635
433.19238578220006,119.75317533043722,159.29884370287664,155.71626756415617
433.7536884665395,119.2510802733534,160.25180462600687,153.25485265780074
433.99705808754175,119.17831790185677,160.1752572179753,150.35354722348686
432.89242236594714,119.44986224868542,160.09969618359486,148.0650718101259
434.3203050490662,121.68166533945205,158.44031179021908,145.1938173036262
436.09294869719906,120.54461498074346,157.5922715223041,143.95873485263212
437.2317132328777,117.90081033574488,157.66275561355977,144.1751337582604
438.4342161467738,122.01564401932211,154.57829194246398,143.0834563889697
441.4739223029071,122.18321657152883,153.9888245650422,142.35438108779417
443.77571870697966,121.74135446644898,155.1467516658022,142.33252322760322
443.38297068984787,121.6226786686887,157.75427311834736,142.63659630718882
443.3242612952614,122.12293741596105,159.57757660257337,142.92273376183238
449.3894867039112,122.12167960023956,162.7980168985551,143.3686322525054
448.2093698750808,124.56782342422107,163.57006512664267,143.79965688710462
448.4224327088624,126.06647684927198,165.76993414139153,143.53579329719568
449.7698998129558,128.1368099423828,167.2561684894181,143.89703207542104
449.85301542785356,132.30778625691153,168.471993615099,143.71850489192022
450.72072201013395,133.79622998560123,170.9448653054272,145.72578834823713
456.82269595513685,134.73970791876584,170.73207876185683,144.034225507783
462.17437154317605,137.9965279858395,168.94220929811982,141.9490669524626
466.43533127361866,140.86415288531856,167.96978601109322,140.99848702960313
463.02321555929024,146.60757047363052,170.49539626207675,140.87612424220035
458.6117818918225,151.1359616072426,171.9753084845549,140.34439786029117
465.23836727187694,151.44312714139733,168.90051106123806,139.26969523808384
467.4746344496009,154.3877926874038,168.70654020524086,138.2890669964127
462.94645901567617,157.2936964517209,166.2798702906196,137.75071937912492
466.48735893157516,157.77430202599513,167.83802693312572,137.6790360878801
462.1232884498797,159.77821534076836,167.02255255533018,136.9901112356011
468.177015444353,155.3064354837282,165.5318120902483,137.0598725793201
467.7847860210469,157.99444454468042,165.79720794094985,136.33452212480455
465.04133966911445,157.8276077470357,167.55319606565214,135.56876074828457
467.7639314552216,157.65056635273407,165.80794959861672,134.50162013486454
458.00026571059396,158.11361296448626,167.8090626735653,133.7453994635166
460.1669214956381,156.14576331897047,168.22407311351725,132.28786640896715
454.6886402000922,154.8321893144432,169.4741575857126,132.85491314734597
452.39482765170817,155.0132781545986,171.18947562033162,133.80396278865996
448.3120765649068,152.57901707459177,171.62516755604986,135.46629102472343
453.11029099945273,148.81963739133033,169.22368306867193,135.4077674856677
448.53997451783374,142.48148108354135,170.68936877009958,137.7355254900396
448.5052496870186,143.06532131561204,170.70877381690826,139.18929640376686
444.39154615742996,145.11034527471898,168.98974017936916,140.24134119032595
440.9908590676789,145.74288291717326,168.89981749531535,143.02119016460318
439.14609015729434,147.98540724426448,168.07739814750536,146.24395000498862
437.3400237825014,147.67163237772598,168.6352441787227,148.942175111143
461.9221600504416,138.2122165201211,168.2383819211626,149.46900662798848
461.94452190571735,139.91830396321384,168.51089931306814,151.28501167344365
463.2878978564885,139.42479038174199,169.33224243754213,154.50798382273075
466.86125099198745,141.05473755666503,169.23503949296028,156.4717137023158
464.24091197484336,144.09022996456272,167.9651250666161,157.93306607524113
460.65073444052217,146.41694366205172,167.66046855765228,157.6923498237568
457.755708986285,151.45164833789414,166.93034639331162,157.61461012691814
452.80659332347716,152.71409890096157,166.49998255748943,160.13745804329426
450.5754324916612,158.5510204629735,166.15231286141062,160.20145366438757
460.14804021201707,153.49877761517402,163.89223497868227,159.58491103204466
471.17193208164974,151.79128019073343,160.6874592807988,160.19763236903924
467.94560189236455,152.86934740410973,161.3216167563845,163.173989054042
463.12937960268977,153.01142026933098,162.73867971341966,166.28675828255336
461.60187872749333,149.75104045323857,166.111346087073,171.4545839118619
458.04224118208595,148.82998396109815,168.9776905367134,174.88260304409957
453.1638634499439,150.24698815485002,172.93974537843891,178.55476826728312
451.1370269650853,143.20226380403207,176.31947971614483,178.39956612815973
443.07233173955217,147.16135349045703,180.1215758175406,178.00441942056247
430.616216999798,151.16995858326703,182.83460180583796,179.82769290040883
421.0297730867098,148.8101960531065,187.92390484655303,180.80377161063225
409.2893774897041,150.17561412097353,193.78838592093538,183.54423321583442
401.23199979273414,145.97358759523752,198.1528189729564,186.6918914041778
390.11446291213406,149.03327192129356,200.62107754860978,187.88130914427762
384.4300356944167,139.820425818802,203.89315788278716,189.36689018898247
376.2757422480653,140.53742787033758,205.93214486093922,190.78900071184202
370.1384111979463,138.8724734272841,207.03338510143595,192.68452191408062
366.9669592624411,133.63958080940375,206.2011013847083,196.1362733554382
364.4468927708535,131.58210377496044,206.684191292322,196.20355038422477
365.5429960253159,119.42659969881021,207.29250067351865,199.66884778213068
364.78533398385963,111.48138879756044,208.38367431931457,200.5168530120594
356.20888626366406,124.72946380514375,208.62950722918808,197.6855684906672
349.20429092581065,135.75725006922482,206.92372254783922,194.4181658233449
344.2185558386603,134.97019509079087,207.15939674740852,193.53643590785256
347.764131272586,140.54526940454568,205.8390207208657,191.94605214240352
351.8225645540099,127.09405849598036,205.5389971908549,193.06152670916794
348.58365765335185,136.60762451036857,203.7002140073076,193.44666236532805
360.85968259885067,124.61520227520762,200.08127149240863,190.5932309262261
353.08109989622073,133.61431731218437,196.64948044625245,188.18167840354212
350.5743647638278,138.22293667074598,193.46820564725653,187.06337481367723
352.33691830739235,130.18065173816856,192.6367376001208,187.42092822985745
349.9406739759577,137.82584814955652,191.73679862779733,184.3818066549453
357.87939159199914,126.69425643818887,189.93117697908835,185.03907119340326
350.05924005032136,133.69731631800488,188.7098219661304,183.41589649450123
355.4895593437381,118.33193964514903,186.49177008736578,181.97199774060354
362.1127976708611,102.32892257059952,186.1256492680808,184.54091908147504
346.1231267762421,131.33094456231544,184.67269811908633,183.92136987953734
337.39846007057315,119.70995963537685,185.97649129299742,182.82398235731588
336.1152210893197,115.16931464961637,188.75708694642526,182.86766990421526
327.88193121825327,125.67225773811944,186.4639487472739,183.44877408365443
324.6870146857715,118.30352392431371,188.73204290156238,180.98927554000124
325.938349566194,114.83297845029436,189.1186610893257,180.461613627017
316.93325309522396,122.99065073098517,188.84424328297487,179.83634398628968
353.82774859213043,158.70215562316005,186.08600637851737,179.7218058816274
376.91734941735103,168.21895371279294,186.81902854399414,179.39067666708334
354.59421985953065,182.23378751765955,186.15548465060166,177.59689086277
310.5544671357376,127.87621095613274,183.25653550834411,175.84464438865567
315.8979751555348,123.47914329029962,180.45656962057453,173.67968853379847
316.15722934849765,135.7501762922522,175.4978389713127,172.01702850523512
318.38482450815604,129.52733087842296,171.62235645333797,170.6095947143633
324.6795784637826,127.95649695579138,170.81564444815177,169.50356282207764
333.67289801634604,140.46976072264135,169.0010214868237,170.2016980691394
330.75646100976337,136.38270240436572,166.63582974223752,169.872885971865
339.6447051630604,149.21353387651072,163.42358856699116,170.19882335411305
333.61002459866796,145.47396527866704,161.87044355411342,167.61915699145086
333.5150550088371,147.46827912608273,162.32788787288757,168.75854338429647
333.4402240555346,148.83127161001897,162.071445036012,168.3663279762842
333.4104306489452,147.32916109330583,161.29610172729218,164.88888149109476
331.80207398106074,148.1548944864619,162.30986625439095,165.9599000086614
332.73782878301154,149.68716120690294,162.42587841810558,165.9677485410459
332.42290867669317,151.27333715130186,160.85882279295862,165.77919968607685
330.576903826583,152.04709270730115,160.1792399715114,164.69354857516544
329.27977402143426,152.07970978396838,159.06367430448046,163.53563468283255
326.87908994548786,151.87777514269527,158.1309120738354,162.34318035602666
323.236636943337,153.83439803052187,157.40643583021233,162.84143646483392
320.00298835669076,153.61654389489692,156.76539798534677,161.6790140331114
316.50084027407013,155.15294155356247,155.6552723061056,161.93647589313318
313.42118314606694,156.15257767647822,154.2667941274196,161.60075366656594
329.79790386172965,157.09937615430013,152.75702029863334,160.55180477410494
325.9616935233259,155.7281465897846,152.78950309778577,159.5299339928577
338.34293830743195,153.6745270423868,152.08576558951017,159.94048705821905
332.41384203788766,154.2433558180335,153.9855993639503,160.86555767350586
331.08900021344255,149.23901123243837,155.76021214291788,161.2214920610658
331.88212176172283,148.85213568039967,155.81791414428056,162.10513724709335
332.33113167002057,147.67277124113357,154.6873571773022,160.57762325910943
333.8516515321961,144.86563894082255,154.0739948459107,158.83948278847294
336.40849267255146,141.4233488922747,154.49020787083356,158.24194857053567
338.63345073433396,137.24859138270094,157.1329674331511,158.7333731889874
339.1015804286337,135.42390948977925,160.3185375542867,156.89368515598312
339.61448698791196,133.80217764632675,161.1086378745272,156.5843129015734
342.5659529254598,131.25305363912008,161.84169137388224,156.97996663574384
344.3808114434871,127.81116876862284,163.3577401192301,157.47181724069097
342.51004828889546,121.47346809989419,166.1104916519547,161.39158999233283
343.75180234998834,117.81598929312281,170.8776434723959,166.11550532567844
347.4799369650517,111.51443093456858,174.78369800325547,169.18468935693485
349.3535759945847,102.74336735481336,176.69230134906627,170.8261359744531
351.7531382758343,93.95158298450438,177.7382032796395,172.11766102915797
350.879543328942,90.62285598904616,178.41908050271638,175.35921312073665
367.11050658308943,74.74805602559377,177.7928168362184,179.15759730362288
381.4997403556718,77.62774675910987,173.87511856290428,185.42090279490367
378.02565539125885,77.60600805636045,172.9025640997929,186.92795007993436
371.1545744483375,70.44811811027094,172.06717891227137,189.40660896228673
392.43080853912323,70.67630810088191,171.44989902415693,190.91800814061068
384.3138654107188,58.78160021444744,169.87751086690326,192.85465215444643
379.37064245182205,63.3865991282576,169.49709677645708,193.62979321995354
324.0506203560024,51.42718512491251,170.27813217903383,194.50599198470036
317.9775456746323,47.720060106215314,172.32828754610748,197.11206168991092
315.20355813231146,42.92517226190401,173.42640491895722,198.89161618331258
305.0039422603455,38.38109930283133,175.3241336721665,201.63957169084392
291.458862904919,37.56572511897092,176.5989504335566,204.2033600814148
56.3546063427294,118.53739253562475,168.80319109699832,198.49943564849775
59.45860221636751,106.23023142924306,163.18972140868587,195.28562141716932
59.45943075751097,112.35528871338512,157.83293651496706,192.8317772193686
62.06183504567153,119.47059242299281,152.19979373230325,188.93060419498966
65.89301185871884,112.67628574056828,148.1490731685713,186.603468009973
65.32113313006522,116.952160571853,144.5153562224972,185.38295518669798
63.98208442294742,122.31039621571364,141.06732877787658,180.96903087697353
63.97817287330834,129.40991931016808,139.14524217103903,178.2925238268586
64.42230144019348,120.60900332102057,138.11471557492172,176.63359835886456
65.28421521460305,127.82816813097769,136.98417471919873,174.46773635217053
65.54471237372502,132.95618864954105,135.96365968190344,173.0461975351976
64.66933561377172,121.1266077667577,135.51930812597385,172.59533008018326
80.39992264591865,109.19141863377435,134.23262975870148,170.56925830342536
77.67395983487924,115.06047635490127,132.85477098746975,169.80760999373987
75.8191363980591,120.09099242541802,131.8316016417802,169.56633245323127
74.8479790029109,123.64914033269712,130.50313563030352,169.87049638598754
76.67410318827947,129.37394797577298,129.63869257839877,170.35908014310974
75.1889292057257,120.1891340317213,128.89048413939256,170.3116815114377
74.4574596845762,124.33943576576713,128.36266678921262,170.3380204871937
77.20907370697083,128.90851637769686,128.25918468558547,170.40239393893242
76.35731240836121,120.37138339777383,127.86951756646559,169.38451016428138
76.09309286558502,124.62194370976573,126.86835638937606,169.49517542896945
77.20767248808426,130.04535395118714,127.0436423157338,169.44995826338737
77.9778183464592,119.75376156186667,126.3538280560304,169.20431613773144
77.41712506054532,124.1178119964208,126.23359098779775,169.31750955725843
76.89295705423055,130.60694827455532,125.33954299583438,169.20412709956116
76.52570166222999,120.62781247266507,124.99064649700622,168.0984758212616
76.02733522052404,126.14730327091952,124.819828458978,167.92779084798266
77.43889405190771,116.767106095674,124.74969675049533,167.76856277720907
77.4203539579797,123.99867817454245,124.54551076224679,167.40229094918408
77.84834950149012,129.82921569472677,123.81588018104529,167.32919331817823
78.52286475795042,121.20570944970063,123.46621624956467,167.3591590705596
77.88128262744014,127.99712759909629,123.22058073832264,167.34570734665843
79.85159923676395,118.86216539965068,123.18237566985204,166.66795222589633
77.41630841331973,126.85706889344053,123.41932227264257,167.05943185941038
79.09002740624288,117.41791856231356,123.3674539450757,166.14881688750904
77.21992997297923,124.26399600567822,123.7344328978304,166.89087563908538
77.97017609108488,129.08346791594553,123.29567498035233,167.25000825745457
77.9061995130819,121.35444932735663,122.74854664488795,166.95086617437846
78.12492478747683,127.98478565438067,122.91326107984747,166.96979461743732
77.13342076800683,135.90263736952699,122.57590631246727,166.63259487214228
75.94861991334838,124.69356262505758,122.07801296181715,166.4333317939424
90.98533256548785,107.4474194339413,122.17453623541904,165.97601795644837
90.89482762670463,109.30348757280615,122.71970453474034,165.63014125360883
71.59736951724813,134.76722560954846,122.86752679003031,164.89550957099337
84.54955668964004,119.95256557464398,123.17353872149158,165.50707031768218
81.01474397335399,123.31550077079223,122.79587468720578,166.34386348053096
79.12867459696847,128.47795059835843,121.80912138065065,166.42827321260557
77.19416337152342,134.75864987100624,121.50367197637716,166.60443589320107
75.01825840922041,122.8349993105707,121.18310431461845,166.82755717398427
91.35670602353302,104.9838180606339,121.48662061553424,165.97477059548874
87.34450354914861,124.41838915924926,122.00536884509528,166.60198536236933
85.64407106416957,126.4548921823576,122.04390910039274,166.88871003667268
81.04964753419223,129.83662900404883,121.88774254187817,167.4699357760722
79.56823713524341,119.69049032089228,121.3123076482475,167.44047966765385
78.20832855603797,128.0237936654413,120.5482137692133,168.0401731799718
77.53239570176873,118.66228962011479,120.54977427812865,167.38079983141586
75.41304857675756,125.52678944012308,120.37329547440956,166.81328490972203
88.77791963423377,108.78083678634714,120.34214649910557,165.74073709227392
82.79805317247603,130.31691451454026,120.09059097047262,165.76679483168846
77.83756440644997,119.65202177758738,119.40925259981478,165.92829302837254
75.21410893570581,127.21111170351719,119.5885899939398,166.2067940084221
72.09102890264168,133.50318757603458,119.80185211084934,164.93467305562365
85.26570699006949,119.85214556466582,119.61109578950933,164.37693766612972
79.14037400270931,123.45051545284295,119.36121149414915,164.82443111655158
77.43965149633871,130.55187459231234,119.80250936448006,165.15729538003225
76.45223164874899,120.65928883253838,119.81680983789587,164.79984299821297
74.07305479336833,127.1080039876146,119.7006680423706,164.48758248023583
86.36091358172062,129.53833815339536,119.84017568539255,165.05089104686766
80.37065752329283,131.2569221256283,118.94758752148641,165.5757721098175
76.5138180013753,123.11477840611258,118.7360875606523,165.23059444569958
88.18350169205601,124.5596580107582,118.75588537094126,165.6747492779275
84.26218606705774,126.97701293159861,118.84939686233183,166.30161589803868
79.0917484149108,129.84666188938928,119.19897444476294,165.75385488583865
76.08042011159631,134.49838474691532,119.19219017157015,165.5363647905986
73.4235448288565,123.93546764275195,119.48244172505633,165.1848010802242
87.31259689907125,126.4294710124746,119.8897547599198,165.36826355235726
81.88499456055581,128.02424637983256,119.71846731811526,166.30079838893042
78.02227691103069,132.7481683114883,119.4535666758508,165.86952175584352
75.75528147911696,123.01065933811576,118.76930154297415,165.6739788657966
87.79037547086767,125.24991220004934,119.27095384572759,165.9732431843489
82.43840069017223,127.31360682269298,118.98128253462093,166.45185054779574
78.53051824465393,130.67008760434857,119.27488880291583,166.2680790479611
76.49205769464766,122.29455306107279,119.37079898907949,165.5847361319492
74.54791096874878,127.91108705365971,119.64723621872454,165.6163432871562
72.33642132724742,134.68711517530835,119.83077696794429,164.88434395914217
84.79791884209163,119.66468173877828,119.88382182473048,164.67325227507337
79.51523046910927,124.72823726826297,119.86680110975773,164.74809605771776
78.780254649839,129.87158435122294,119.4631750343319,165.0197085858286
76.85700929187935,134.62332710463244,119.63398463605441,164.81686509255942
74.0185724111856,123.23118409924905,119.8665863561211,164.054323787042
86.12195634407794,125.32350523821373,120.74297316868115,163.83027354059152
82.31280583107961,125.82209607872734,120.7951383113465,163.83595896218728
78.44956784439759,129.3611610262448,121.33273288746324,163.47666060630644
76.55963120799774,132.10346335493287,121.7438071890868,163.02719884748984
74.54611089392014,120.92024789201251,121.73572828370317,162.55791924781786
71.43312540539041,125.18338078408242,122.16028334050506,161.4985809920594
83.95079994645354,124.23724194154956,122.60107904902821,160.35674455473438
78.64922106068258,124.06513797889924,122.5512617381727,160.3098533250858
77.32690992535335,130.03464299423592,122.87835170788205,160.31502282932456
75.43768680497809,133.39195134040648,123.15781694963967,160.0626272826133
75.34556861737497,122.21172349534045,122.62534925427781,160.0780951034827
71.53016340635959,128.38338499716247,122.46208180307858,160.27349032341044
85.68599599775058,129.13990222276806,122.65351033977902,160.63778164543837
80.25233080479079,130.5328247624988,122.05750950316443,162.04611276302893
76.80051617142516,135.25578999578454,121.29179243734565,162.2054393307592
74.95687417981347,125.33761475698601,120.90686896970233,161.8398950482244
87.15487024047496,127.35563236381915,120.99113006798383,162.44204533565676
81.25961161179619,128.90574620010193,120.52867758352008,163.39627532758098
76.77894489101735,133.5753639289357,120.19709854186245,162.9129740129798
74.20472769194123,122.99665716732142,120.25551228342897,163.01362674824452
85.16772635867517,124.59119415856908,120.25809428040542,163.13634275522062
80.22173975638728,128.00704908633097,120.06442943871656,164.2417743181539
76.94717603500865,135.09658022487235,119.67238618902998,163.27632650487726
87.12121300211291,119.20877583609763,119.59095387164272,163.30163964338863
80.14669927009734,124.11858469580613,119.12524458793216,163.53978120894476
78.99688698772587,133.10487707836452,118.82444462455315,163.60345132664048
75.3725796970748,123.95430230451144,119.07454884513754,163.66952397004977
86.14669838454859,125.90152413907865,119.33093602768508,164.49195680772078
81.10080347344066,127.82504407686731,119.25416009977887,164.06130139068532
77.59028035590491,133.84489659174824,119.55852103974539,163.97721998763248
76.17447012197336,124.54718487576962,119.39327861927231,163.43226065286606
86.9523142373008,126.6024635785094,119.3662578385686,164.82201509888796
82.10905404491592,129.12049329346968,119.50540826636815,165.0710184588844
77.6537599988578,132.9430607781494,119.42084769973194,165.40659924117287
75.52440631629568,122.28577868895391,119.31670058411278,164.56697717078458
87.59813091365749,123.96674342893948,119.76175779808057,164.96864613289108
83.35181011173563,126.80114002663814,120.02923117377487,165.6699262559752
78.33703933823142,131.66146699901518,120.79503790327838,165.35039821911909
76.55878670185105,123.01149576352816,120.47802065597384,164.77831424661167
89.07412901927187,108.16817954846715,120.19499379701111,162.8087443604495
84.20512134126668,129.8844897519138,120.26109600604882,162.67338423798
77.61474322931201,133.16885499997142,119.71175159824428,163.5056046505257
76.26130684266386,123.45773121228927,119.66934487248665,163.04765851556283
86.50184462028403,124.9231171145785,119.51722401390157,163.85302934632983
82.43354565754464,127.77063273151603,119.3932790698125,165.063841847196
78.60281658391338,132.96434528932235,119.27118313992658,165.41616473268195
75.77876020709901,123.73580091453563,118.77234183395447,165.34062256184527
86.86103435071274,126.08255668702154,119.18129131894382,165.96046884692106
81.75914706141546,129.11943813413214,119.57342038972587,165.92581852060147
76.89121967117562,134.10492925716198,119.6052289208159,165.70638694898022
87.55142886392984,119.28511163105274,119.39363049685531,165.0593171841089
81.55207276141302,122.74944483790861,119.29360403153984,165.40041280958172
78.59309072359747,132.09251366954956,119.47047399477471,165.10804727154397
75.89905429824356,122.53651911835425,119.70343362526766,164.82357679446682
87.14027591731991,124.83544294149614,119.86949273696847,164.97800747612493
82.82938916027584,129.0404845486072,120.10345840498731,166.04801821789644
77.83770742560236,133.75114625040084,120.41303571100417,165.92543329392342
74.96035315722838,123.7644411562784,120.38372763856025,165.78376550975622
87.4383036054646,126.02730440417307,122.27229390517375,165.79668285094198
103.55976862585342,110.31198081580696,124.0463507113199,163.02409440145348
97.62674118131406,112.37726190506748,125.47568761333811,159.28791478914604
79.50074374087282,139.29995861818634,127.01513137727723,163.90834549010563
74.0737110208704,127.34539002107526,128.31790249049982,167.65825531311194
72.00712121870849,133.6587790709032,127.41368327966862,167.33385491426174
78.34397616954794,140.36753779057022,130.40969593505758,168.88060329829193
72.00765773550012,125.89318002630974,132.46716900005265,170.46322042288224
86.41640515447565,105.76149207064606,136.72918771190626,172.77241084836976
90.97918845872013,108.62890739354036,143.93698559011165,177.54768247461485
100.3474513036695,120.24334623300172,154.80734390289845,183.8579588484265
93.8035196507365,130.2674480761218,163.85775594152202,187.91886122602912
85.22853529617457,130.69748677390257,170.72488678290907,191.11851149922978
77.72300237618796,130.23306086134727,175.29760385274068,194.06971268194536
71.19421880933194,130.96602319090923,178.18532826642098,194.20106971723368
63.67656038054204,132.7705988134782,178.15049188761162,194.01671028499248
61.318506422375165,134.44250528626458,179.10658574678595,192.65064561422287
63.59375837409945,134.88208581188383,180.27483422752317,192.74928916417687
63.70136936153986,136.34510451140898,180.70440492861434,192.126955073232
68.41334493593902,137.39944166336107,182.3913212801212,191.54897179696914
65.95394651444298,137.58009493822252,183.14130203348316,191.78175523214003
68.63602159560439,139.34348054904638,183.40889816327459,191.35405861261935
67.60908574933676,140.70655375914168,183.87272976810996,190.90632834919754
67.31505218593192,140.14009578424535,184.9017771207211,190.67814434057044
67.72558215252354,140.23069616040002,184.36981458605737,189.98548978090713
67.0787533632011,139.58065000906146,184.47130357129558,189.5062176169171
67.0857164302643,139.3525293517964,183.5781219039508,189.08911582136267
65.59087473000359,139.4349708054238,182.04152680868364,189.19647444691043
65.61555853440521,138.16198466056028,181.35158534066562,188.45576413089407
65.55043990237925,135.938909329988,181.03743174153738,188.28516598222419
65.16758201139824,136.11010196676918,180.7584126878747,188.2194366210611
65.68736121147856,133.9984282439207,181.53028104648024,188.80967878874293
65.11380663929017,131.90610679815558,185.20338234593208,190.95220384618202
64.46650711084747,131.72925126991078,189.85243425125194,193.76064326761608
64.9768484454079,130.94299489840816,193.5204241247031,194.91599862884829
66.85167703926388,129.84568017324045,199.13103648349994,196.27783132673085
74.79745038119974,127.61863169369457,202.89925885785576,200.57762548016046
78.33027481320651,128.23401361805378,206.30947726526554,203.95560911374184
82.48812587607242,127.7819618646522,210.40135551520513,207.33050777511653
86.82571615045973,130.4715627316333,212.1343075195311,209.774257834825
84.18459742084542,134.12716231642358,214.86522466435235,211.5124609021829
79.30993516823995,144.3312477325289,214.76911593439485,210.91670805398104
83.88770287715559,143.22032890922236,212.79452114461532,212.6747099247419
138.38166720400494,133.26925934184032,214.1336341168932,217.74986465398842
136.3474678180197,154.9332765542248,215.17940648886977,217.1428347153035
54.14417126676244,111.44726343190295,208.24522505525147,212.03942150682215
34.21283403415093,101.03012545612401,199.98067555196863,211.01021212207633
40.18010578005807,115.6222894126535,190.84222361670342,206.38521038089235
64.3958343087663,106.24958229091138,185.0334777409276,201.98332581151038
43.464623273136695,115.84424159859655,177.65510467668875,197.63664425821278
48.05043628767875,108.5023156767747,171.4819868625552,195.42331363725688
52.13568221764618,116.64958449439771,165.28732472311748,191.80166666515782
54.334240080905076,125.09883584983078,158.7111168277917,186.84499268201387
56.9648081957977,115.27751543334132,155.33574102452775,184.76710395871837
58.355714881660404,123.04263852171752,150.4148993420266,181.65562952574038
59.523121507833835,131.07551321104557,145.40302119404984,177.29001442442805
59.63972063678443,121.32218398544086,144.54051042088986,176.2478466579861
77.82066814679683,123.2728173886231,141.75563032396076,175.27158600282095
75.83627226393476,126.0084261097737,138.89146196090073,173.67786384936863
72.20532723192126,128.17884061069256,135.5402195481211,172.569220449719
73.54686729973137,135.303284630958,132.13229304943323,169.7898405802697
71.49825099658518,126.46732805065037,130.4070363940984,168.53708447513787
71.11883748112862,133.236691641076,129.25091746496668,167.62642049619092
69.25042080346225,124.97883935048516,128.49386291899327,166.3095197154341
84.59456043639614,128.04102311259237,127.88077515092823,166.88680614858666
80.5766492446223,132.56399738878105,126.82501237517413,165.97200402717849
75.18851384763825,120.07647148348023,125.63710603748942,165.67599107947936
73.4866676493899,127.76265501069011,124.36897636291067,165.3832768113145
85.70213262548124,130.4535692031211,124.303130105186,165.79151228448475
81.66974732098572,131.66323317011293,123.35531030585186,166.98078019858457
75.66470206599486,120.52008473052963,122.77392056070661,166.1228853358078
86.9448101488919,122.38517296373864,122.28597383460979,167.78470906775405
82.72094046671366,124.20759289924209,121.73910527355125,168.13095019612155
78.27148060306368,129.25642146999974,121.82445307091955,167.69612150004082
76.59041817180466,121.45049602938437,121.42646827042796,167.3439220883028
73.37579069172195,128.88588816214528,121.75423893188733,166.2946262032131
83.72343473235156,132.17205932880265,121.60545773234196,166.410518199122
77.9896925540126,119.44634872785467,120.87643272775279,166.38951584755117
74.62294346964953,128.16101892763487,120.59143533678656,165.8091878228687
72.32252017304978,135.41407869080595,120.9126331491633,164.32774938783513
83.91253790219409,120.95234088686911,120.88616214399967,164.68136072263752
78.75022059748841,127.10040245714607,120.4682754674003,164.65228260314072
75.79264788999569,132.8604995032569,120.20765012280322,165.05937370531606
87.988201692028,116.79437035609881,120.25203598797688,165.3890940815414
82.02475497099454,120.68501493455538,119.54244528392564,165.60115876831722
78.11075890475082,128.81171244367192,118.66236380038524,165.9183547229845
74.941025477192,136.55672724227418,118.39196928160152,164.68288178166378
84.61467866823101,122.9714919203466,118.65775532200885,164.5419644097719
81.34059122985789,128.86036339845205,119.09294887932758,164.66115691651265
77.08736678065358,135.27521680319887,119.28929912966493,164.67223417989496
106.10056392526756,117.17309019927706,119.92800493809321,163.58588756474057
100.79673273775117,118.48134482052362,119.85455883839455,163.30257210123915
78.28087457487808,127.19348712431832,119.60893141414074,164.5706569547093
75.38423003111028,132.92330080149725,119.81473614193513,165.2058295957738
86.56942453345079,117.84594284863051,119.81243109111155,164.96002517680026
80.32862277826254,121.73279859644127,119.07130205754272,165.56951528029984
79.30047161847,131.89661492084238,119.39407838568798,165.3066657278111
77.59869471272222,123.43510093971489,119.62976334456818,165.2070477397487
87.91784240187553,123.50664490025311,119.25554419917172,167.03226826746376
83.72502934648575,127.03212272971022,119.29558639424081,166.91089949590915
79.4300156637703,131.26784977753022,119.4040110909095,166.13408603671326
77.10141785918418,137.5528437959067,119.68444764780514,165.39949953499442
86.58736395703221,122.1193334513802,119.47543577742648,165.30085059208946
81.51676613831611,126.41684688372293,119.41164007422144,165.38624555662764
78.77647175646453,132.19283805456,119.20554756732527,165.55469454277332
76.71331529624061,122.27341244216925,119.29087824137417,165.14284386325795
86.91043655131165,124.50579285728892,119.21618910647624,165.27208527987528
82.91271529235284,127.31283343735183,119.45288738458672,165.71371777331393
78.45130682047127,131.15671133255847,119.64661268406275,165.317014801199
75.93170590530951,136.53791455873906,119.74863733314238,164.87761116408439
84.36730781568835,121.66898354966466,119.8183629252265,164.3981536937078
78.44658999078646,127.36653793345324,119.47821707783787,164.8223560680984
75.32478788102665,133.26892329038398,119.65232514257235,165.302099781422
86.39267107710178,117.44577845410487,119.69649992779026,165.3116649819343
79.94332144630945,120.83460624978903,118.97982176322743,165.81432049820148
78.50858388158477,127.80124930832898,119.62713035443828,165.7275052139463
75.99848764827624,133.54409356168082,119.99680535737129,165.68274421273577
86.8341005725816,119.19104891326167,120.13901029489334,165.67433689702526
80.9426079076093,122.72861706397771,119.74028061324127,166.35021196720572
77.77414239325445,131.82520735405114,119.80775859324493,166.16811117526686
75.78791814233256,122.5262468213604,120.071427044811,165.21508886601455
86.0510859617791,125.43178450082011,119.84488655667477,165.56098067018107
81.0061023113691,128.8303887485415,120.084497755505,165.1098138541206
76.4656876485738,135.24307931699158,120.02636719645204,164.4029954155847
86.7623374589628,119.96284644550491,120.11631991026877,164.48747849254244
80.71577648433478,122.79613039077286,119.7235610077792,165.2474199823471
77.53183689669898,131.74263598824072,119.75809238565702,165.02335791460865
75.97421758681261,122.58304807035256,120.01747410998297,164.29604022011154
86.18799769152929,124.77308392145166,119.81466823404571,164.29607258285475
82.45616824408145,127.46188697867387,120.13487210040746,165.07844771917325
77.99504340995348,131.70513763421766,120.24423934526251,164.93274955444798
74.95848954049369,122.89073687109415,120.13587239851316,164.9222268924626
86.27080962911671,124.96217150668676,120.00729354634034,165.93350095471243
81.88429454233751,128.18848051114097,120.36321423045783,166.28280669763507
76.54571311826389,132.2747425320814,120.35349601323642,165.8861534557725
74.82295332603792,123.20681949584795,120.80716379104774,164.93382470829312
86.92023534551521,126.19199599633232,120.78686084523281,166.02226620576798
80.73457243583573,129.17166684903037,120.60422872544382,166.23385917749593
76.40558209446746,136.2939576759982,120.45583676566328,165.41765562872382
71.48575110559551,125.63950116473445,120.7244032767934,164.6937012196107
84.64948119306467,129.81188778780495,120.75747776982382,164.53382348891162
78.8726123694881,132.1819742503371,120.70436670024114,164.5944327675216
76.09088279893581,138.4535614827243,120.86036419812672,164.2072984943976
85.93146047743096,122.26142990753316,120.61535080890985,164.59956487964317
81.3504682713219,126.93410258117056,120.53244596178959,164.5571141246535
78.2079690215244,132.98830510715567,120.53014005998689,164.82670074901384
76.70938600858243,123.16875876742986,120.55104113225755,164.5644567585436
87.27150406531581,125.82837152924341,120.56784009874683,165.95100363481885
82.00328917180937,127.98946665185049,120.4186924931816,166.41048062211811
76.21751335552388,132.32683143128486,120.57370874825014,166.1960372036913
74.4723618976959,122.15965191260082,121.20099243592452,165.43731572042947
86.08246128663316,124.62831798823541,120.74407834127753,165.5378058157118
82.42789553957388,127.12193724490179,120.77550655017883,165.64040771451894
77.66693172264016,131.53689407893728,121.02627405831383,165.6002803852541
75.65563786519418,122.2785389183486,121.07200196523766,165.29765858362873
87.0040869720589,125.383483027506,120.65663031705998,165.58175315721456
81.82567292197007,127.84963138092189,120.80431477862679,165.94386572543772
77.39572863337477,132.3975760329115,121.04646558573684,165.87775394831394
75.75221565248276,121.66015878108853,121.23844025891611,165.46703509197457
85.81620173234812,123.93841921784181,120.8218938804354,165.74139724459104
82.07032792708489,125.81421493873486,121.2323355102795,166.48501788089942
78.42938504084407,130.60768970461297,121.1192775686193,166.5942172215187
77.00495907266932,120.41831716620739,121.07135568981373,165.9334305905662
73.33332669841101,128.1937655923548,121.33298305582305,165.42065305437242
85.39433517798183,132.5704211864289,121.63590048388843,165.35619417640493
79.19067535800866,118.97313713214992,120.7893968435003,165.38077556010936
76.31338731982336,129.1013029700037,120.27897877543121,164.35282980969478
73.1980502322055,135.04078343336326,120.62879166831829,163.7804961565352
82.52860803039223,121.97076066817243,120.0311812446743,164.62524597158483
78.09305107933251,127.99607319763716,119.88624099335138,165.0580727559171
75.55384121090663,133.6505200429566,119.99374493583058,164.9237090945751
86.7060976579269,119.48991831186169,120.00974099869923,165.39722388183816
80.66626644160374,122.34943008240428,119.5943253444925,166.23106393862284
77.61693676927626,131.12519033363682,119.48784028378249,165.9780721074224
76.25330584330689,123.43599738854172,119.72365349489787,164.39818315630401
86.49963768213203,125.67274883789034,119.65012967930811,165.8177280672076
81.07259692915179,128.10242068394166,119.59688353329109,165.5527671380139
76.87222544646508,134.12285133824315,119.92589683863031,164.78406635950128
87.20138462254933,119.6007083557467,119.54040372755068,164.78314625454786
81.48117853943978,124.36374487007917,119.0418167177444,164.86599236955968
79.00586035532123,131.65772239208155,119.10200880726444,164.44258143108473
76.75216196940355,136.74049466904248,119.51594740344063,164.12969705630104
85.5007894395457,120.73138604431564,119.5716232950655,164.11287631136994
80.07533755398903,125.84879954483165,119.56119798750453,164.3776935898179
78.41643420988405,131.26126485653515,119.08883114513588,164.60488317515112
76.14877583006094,122.71835148182514,119.32531167355042,163.83650765406335
88.20190582901864,126.08604356130658,119.39905770285667,164.25699488639685
82.4130186563394,129.54689606836286,118.96324600390365,164.57455292999305
77.07890149355507,133.90162326386636,119.15758716388395,164.27109676896652
87.37980342285923,119.03916760929586,119.34371284018772,163.9087907471749
80.34343234394726,124.21637594737332,118.74052783584123,164.5423205813349
79.9285992833077,132.81688532404212,118.94347388628142,164.5748375945989
78.30494320473096,124.23680896125994,119.03573433521346,164.42319985385464
77.48197286337765,130.31592979247034,119.55531352862414,164.73802356771557
74.41888292429721,136.57618080414085,119.27101243068027,164.0339602193013
83.75683114096611,123.60004701196785,119.33079180911007,163.82267838042955
80.14041242243987,129.5812953459858,119.8167100910417,163.72558774877058
76.38779428072931,136.8523722436374,119.49058651118156,162.7976059352789
85.12220693369865,121.54772685518977,119.68270709757687,162.54425823866345
79.40419778209005,128.20900265160117,119.38608131967835,163.19215227877518
76.13583520655534,133.81740488762236,119.79887077128487,163.40923338107365
73.99717931358114,124.09919480382113,119.98252983201354,163.50385858102473
83.79868198011589,126.92970178733115,120.29140117741085,163.64403117558916
78.86106078477167,131.93978344789508,120.34259743315054,163.4922064393612
75.61527926395678,138.48660259718633,120.28960290336921,162.96262453726308
84.99173845025382,125.4685770217693,120.18237163404659,162.42313323814597
80.41698455701055,129.47664556701372,120.23691634680267,162.65193404438565
75.98520449261154,135.78411554443014,120.03059599006602,162.6495247978658
86.25695432608188,121.88810082980365,119.98175383960482,162.89278332257777
80.54784560967568,126.13603531644088,119.67879417128198,163.1212729079581
79.92826941229798,132.66546778085572,119.78327416270182,163.44718218719726
76.84052714794174,123.7801005844148,119.61062798844188,163.0625210722666
87.25676573583661,125.84583328838657,119.31220842983964,164.23663294246026
81.93819676088088,128.6337481951423,119.37207301091564,164.20193987058698
77.60696330207944,134.87298693303092,119.48682378777148,163.93322973642353
88.21101052853275,121.02023605341967,119.48422898391269,164.07635356595853
82.90270529895895,125.396615522609,119.63896352753295,164.29542499562186
80.13571635310112,133.07822108042697,119.76329538500791,164.04274377958308
77.01512751929462,125.39126824994507,119.31832059442996,163.52374515893067
89.80645232552232,127.94375463323196,119.51455396232127,164.39194791802217
84.33111687525874,133.08986823051333,119.63676130846606,163.25754142505858
78.47017684627042,122.68016643743026,119.32274315782456,162.9110457344913
75.79620855323869,130.13713359687387,119.58696478188241,163.1861716267857
72.27617279973869,137.23670749490398,119.6634623562347,162.56069898636514
82.48218317912011,124.74557109851004,119.79559481097283,162.5140983355495
79.38397552558537,131.82410932771268,119.0405669226993,162.77691132721748
75.51460138582911,138.0754006752672,119.34906980273672,162.6245102116983
84.89415386758657,123.96668145178771,119.27280518651186,161.8695098464014
79.94491158417478,128.9039204915884,119.18231422843307,162.1026338862458
78.3303315082398,134.3178473918,119.3082834814078,162.31595783545643
75.92862465961447,125.8588921164698,119.05564878540892,162.45662763294297
86.54284482767252,130.9981545478915,119.3477906483895,162.85118607545846
79.84702741094085,134.53277009496605,118.6115978375047,163.09422800682208
77.37863218687505,127.41934359895153,118.03906421184479,162.9938276571763
86.96489779066803,130.86063393864015,118.58840151927346,162.9373959646155
80.76210772275378,134.59885453191032,118.11519461439153,163.6627026723622
79.0436302765227,126.79139884891687,118.08131525163517,163.16765157497022
75.55504834915654,132.98808431401622,118.00806549781649,163.68950853478617
85.83163644015589,118.73531750354493,118.32039071962637,163.752907298551
79.28429700293307,124.46945046125613,118.60112477748264,163.73333179755733
77.38295625745289,131.8004761168968,118.71066170858278,164.68896008222328
75.58935312061612,136.9241312268934,119.31457850204696,164.125752874315
88.85422832406913,124.03863293255928,119.96272268742612,163.72998806466782
107.71156274713786,110.69064503827408,121.59647303074176,160.65747973763763
90.73462993216835,136.28699518222055,122.66167060037807,161.7030378115611
87.63457278857236,124.54194953990505,123.86963505770555,162.9775815345466
105.93565528487152,111.5638887970776,125.54600400065411,159.77264459429819
106.20450056262726,116.10536899535067,126.59764817147622,158.3276126836224
104.51873388434785,118.9564094069805,127.37177132600868,156.9326807937734
103.60096566429672,122.27130199053036,127.92339379611735,155.84321745360847
103.77184210878518,124.22494469174532,128.37169320187158,155.45535458230648
101.57161792111862,110.69968217266768,128.32809937139416,152.82069132700474
121.11076749582982,115.60134279807019,129.50975658183503,150.85245117666358
102.307452296638,116.46376460400614,128.88351497094132,150.8839447306242
100.12754654141682,118.37549259631257,128.48779850820864,151.42979387983092
82.992304696942,142.6440602999889,127.52808047596687,155.5410158638357
88.29094723253363,147.96027336150155,127.89420482861176,159.001214405117
89.48876757480835,139.49755330620607,129.48237266151835,162.00967949434568
88.69312896621437,126.66529501609016,129.35949265500483,164.77534849462145
88.12840807516783,134.15994030958538,131.81460646754684,168.418231445839
82.91245633244084,119.56254999940346,133.04582254455354,168.090467205363
78.796235415143,123.23022747356204,132.77858576739385,168.20588025097285
77.39780424888156,128.19335119973576,134.7336647551711,168.22106956620354
70.1037447382505,135.27213915641357,134.9544379664967,172.08148567250123
68.63700237938089,137.75784962825531,135.53693858770882,170.45895050343017
70.21170804822997,138.2996333023927,135.92781402941435,169.0253706739428
70.1284968945479,139.80265564622306,135.02653022868523,166.76116062678497
81.75721085252613,126.52876718119374,133.21043989817798,169.96778727303015
80.7312471442247,132.0862789324821,134.83622527786602,170.0326400979681
121.25863837518699,160.17646770662412,145.6008931943594,181.50977139978173
110.9639884460971,160.85652370634583,156.65739714647228,188.50293279206193
98.7145063749014,160.5936711247787,166.06105775340225,193.225107262142
86.40196361103324,159.76942418517154,175.94585454670255,197.19543212928662
75.09272734944686,157.05417097773147,182.77377874529034,200.86119974602525
69.6283365527018,151.74484685684592,186.9872554872485,204.93717726102022
63.031889248808255,150.83384904256883,188.9004011784096,206.55396907327972
59.69214151226976,152.53968046278328,189.825310431699,207.2935251239946
55.38248385900721,149.35559976830928,190.8150051861611,205.79825505923785
58.98868526618284,152.30556613323193,190.03584612333572,204.6395351742411
46.90466864504448,147.1959905989327,191.10513020484584,207.05914810731105
54.4484424843543,150.87771278626582,187.80485211851135,207.01440118518994
46.917414443360286,147.89302889215136,185.7439261753529,205.85633090502898
54.04199906646895,152.08718863107214,182.53650974438216,203.94470505740594
49.02791125224232,153.9138319102845,178.3498235030234,201.8040687503698
52.21354522288178,156.54445704815168,175.59120047255686,199.42965714918066
52.215650896183575,161.3824712944999,172.58181639646108,197.26357357225572
51.53261460062234,165.79429072122846,169.33671011261407,193.86506556291482
51.638654677158044,166.14673807525062,167.3282474131178,193.52794483477277
52.680633782357575,168.6473553335407,166.5016479921627,193.04791812764088
54.666397021680936,168.53773944233635,167.52607078185704,191.02048490913404
54.072015443615456,168.80962855795855,167.14939554820987,188.88330953738674
53.49820875836026,168.57130811140115,167.26903300185776,189.12447341512538
55.663282886008815,170.02465477748007,167.82781459046325,188.89486214473519
54.59501943726772,168.67290447571042,167.4200156593932,189.7758019610735
58.224313432634716,166.11126529181752,168.09898727330398,191.97363763324162
56.70237051803667,168.59864439630414,167.9515281260749,192.81384228819053
53.47663000903448,167.3370442924668,169.7957636988278,194.35119782413898
61.29878178630017,168.08961206117306,171.0309462282808,194.28177641235973
60.483580470318316,168.61611648512564,172.90615109680152,195.92148559347675
59.67549162639395,168.9652061864481,172.75474243420928,195.60432628975644
63.999537360139584,169.76368542332335,173.77236046226244,195.16009577754622
62.86666792544705,170.4496937625941,175.3294173906151,194.52719153577607
63.55833475241823,169.14266767365476,177.28846378351722,194.98497726277282
63.23215861727422,168.71780192306616,178.40213180488098,195.79086196302666
64.71970400684194,167.7402170197889,178.5565890985605,196.1851047361568
66.68351784522314,170.78505748738678,178.4854920881494,196.07879744292882
