478.5,143.5,80,111
472.70241244694546,141.5429871931493,81.22999985891674,109.41274769011744
470.9805323129747,138.7143796126224,82.66241974714332,109.00787722266169
469.1916630125032,135.72359972879434,83.77733638763704,108.97990501552532
467.8551921005823,134.54241576323977,83.63232104862172,108.2040979359533
465.8382348811212,133.1566297705666,83.20824960955328,107.03160697307274
466.3775162787866,131.61309652047242,82.7675267275907,106.11194196309874
464.4624326608726,130.73190755553458,82.32139687098096,104.56014929399066
465.01168268579596,129.06561053239062,82.03636092626346,104.2278005988845
462.79642447787364,128.29230488491953,81.47541940296017,103.56872127149701
463.08722135124566,127.57535162133776,80.97427731607438,103.25095934544399
462.9744561138571,126.7197518399386,80.53498062286361,103.15636466919814
461.52843323218747,126.6183614792113,79.63423597330001,102.91437010731607
462.4716692259661,126.04291858529265,79.29151558314727,103.14382906247745
461.8920666020902,124.49414773712334,79.1453332147415,103.41690429191239
461.3221902473607,122.41613400001143,78.94485224061444,103.47678947411349
461.1848545193783,121.53633471304215,78.68787661043578,104.47183533561157
459.6757821968436,121.71177095797348,78.86603087807893,105.60473107046508
457.6340245100797,122.87357768313255,79.40911189110264,106.50056237188645
456.27607143195866,123.21513727626578,79.81925742532016,106.96909051495044
454.218806948834,123.43494523467693,80.14538240368496,107.4532169520443
451.79387814746576,123.78679647286984,80.45844486710868,108.42253901083761
448.0711786662911,124.07110635230276,81.45783657771861,109.14780579429203
445.05945633589937,123.86497549270248,82.26401610941264,110.21327970316696
441.08893145711323,124.52437725282806,83.15631022123294,112.20260239408219
435.94712060328106,125.11740246065975,84.38151842334314,114.07605100376367
426.8516581085372,129.37832314991738,89.32717649846317,111.8493494148297
416.67626456317686,133.64345297815703,95.41075453614427,109.79001985783773
409.25092543540137,139.24033458415838,100.97237982843839,108.58646908632575
398.40229072998375,144.98751198435258,106.08527767250126,108.4257829947386
387.40830814068187,151.31691867530444,107.40058583816551,107.6140794074516
383.2944863347445,152.6257762912324,113.53866083508059,107.01829034022276
369.82107764576267,156.0712934144178,114.35420112869363,106.15536516749086
356.43155542743574,161.75123967472715,113.04995737259847,106.68066170326863
345.2312293452562,165.2982218605536,109.86963877279727,107.12771963233595
336.93047244073443,164.24437831702988,110.0376904388965,108.76162763708513
324.26175270063396,165.08587329345204,109.92669699673424,109.0050575384049
313.2820001463362,169.03489827792626,111.05035806541272,110.13403565325774
299.7745897448675,172.9000143412718,112.65599155145556,110.47567051570243
285.4356350805631,178.17026192065325,112.10833592339935,111.89408534534284
276.229675362214,174.89770410801023,112.21788147398921,111.77227601716818
265.345538757125,177.51703000469374,111.15916264925511,111.32954507264759
261.116922367899,176.57114489781907,112.1376032371553,111.66862668776409
253.1894353373115,177.62547426007797,113.42440293614773,112.66030594542408
249.49798558772994,177.56213321203867,114.38700099793292,114.86041023502987
247.4676274456432,178.41584503537882,114.5899334877033,116.43350273596309
246.5591277377698,180.4565524734897,114.41297216526797,117.03961885415666
246.978854054752,179.40066334480088,114.48939556222555,117.88094389688888
248.68829112028814,179.28480237208595,114.78436859149264,118.37098894550823
251.54970010247482,179.35564909090172,114.88058234251235,118.70719467183807
256.7107386647949,176.99350941764732,115.25490490659283,119.4698052885648
256.59817704553654,174.010482778655,116.27707558134699,120.44919808605015
259.183124221944,172.5514828716507,117.25048033131515,120.93247452283096
261.3088344011266,168.14517911444216,118.1035416700325,121.8095580504316
261.302103156005,155.81590647109252,119.31385660587821,124.80810921176469
264.0385374156378,145.46637468501422,120.49365322485725,128.03826256663615
264.2471118221639,133.39553651148208,121.21984952937392,131.1079689277385
266.02663056640944,121.31289105335729,121.29111852319795,133.67463656823125
267.33453343114127,106.75760555885952,120.73929241943623,137.68602733566917
268.1030205332027,93.87694491989517,119.70651926988639,141.4015550802727
268.6981637124691,86.08807695906638,118.80424908161682,141.8307285705948
267.62946719056777,72.10059099422446,118.91539390879058,143.39333363321322
266.30375908470296,65.46915014704562,117.7189915074677,142.04126514751718
267.5439600885149,58.40198594231015,116.5694936260112,141.94617861710776
266.81914495401884,52.69014699648059,114.83006296856595,140.541255625283
265.03919844248776,49.05017215252184,113.32809447658292,138.47200220345928
265.5466456663186,42.30024953342132,112.32609332663074,136.65286054896012
264.46984599237686,40.483008306134025,110.72183439814707,134.32906911590044
263.7916987696819,36.505478351339505,109.33216646217406,131.5355604906384
266.1884333758742,35.55752004856578,106.77462864627383,128.349991824732
268.32299682303244,34.20209558165972,104.39701748376883,124.79465785906902
271.06838032098835,33.71921645627228,101.83331800609128,122.06918247489517
275.2884569052143,33.21843911164375,99.3986556175162,119.07361892951783
281.0241837624493,34.97871809330889,96.39542070645193,115.91632579510791
285.7633309662012,36.5545792238744,94.04713308910927,113.43890307211242
292.3286348346419,38.49858570850884,91.61928128026739,111.79644478843619
298.6849933814844,39.573832693106766,89.47603363848671,110.05070974944664
305.5770970720065,41.18605488718377,88.30615368816754,108.69687130687979
312.55755945423823,43.35480255337238,88.07750297918503,107.46467377838135
318.35218888811517,46.5392252757982,87.7972946714288,106.66444424692082
327.12866799746536,49.30572578818091,87.17431577706921,105.9989959794186
336.16677892042617,50.89568277010335,86.42801756090826,105.04397320133421
345.5894167401433,52.172425764052456,85.88581771187937,106.26333915740572
355.5226836237714,51.86314055372629,85.62957256461817,107.67019852897816
362.25269938488253,52.40306461476632,85.71391455466407,107.01464633895262
372.33202974720166,52.60465100107092,84.98272689826305,106.54950433452927
387.6158945245073,55.45098464514054,86.1222841783685,105.0267593982272
396.73221744424785,57.85231993705051,87.91909543117266,104.5879627729949
408.756055865443,59.13797363703094,92.0064455205451,104.47176997607664
420.1740673340276,60.5346065895932,96.53014853552426,104.72281368704098
433.06582547945294,61.20771052845356,99.41913857707104,106.04115444480306
442.60089549097887,61.19709170621195,99.90323591974187,107.22405156842751
454.21961057095825,65.75446030578799,101.10234254872354,107.9671987763189
462.37640957983746,69.26522960802325,103.75029810457349,108.15518146548852
473.43631621520444,73.99652267323961,105.55002523911303,108.59540733914513
484.41289416818177,78.2321016457721,105.54213224209391,109.25921815170955
493.5974268847151,82.6151247294002,105.56393785700078,110.12517481495874
501.9893758914615,85.4348356755397,103.6804543103659,111.50618873276883
508.5315104681214,89.71825127116637,103.16094250415307,112.5238063559076
512.9397871052294,92.0503848306021,102.00645616643011,114.02647849561157
513.540767076609,98.023513944835,101.76207035277555,114.35286431011451
510.46112458417326,100.07504117351897,101.61099776699874,115.32313930144655
506.05404669357694,103.8403635994247,101.40105515189006,115.70060554506352
502.47792651981945,106.51787958223858,101.38455522688312,116.88968387759253
497.507300712807,110.40824655518674,103.53569863702,117.84766510351017
489.16307182064514,115.04873326049886,104.9769134937925,119.11702853065448
481.3634834008004,116.15214197103379,106.20720910789602,120.30702283329373
471.508830686984,118.6489201981834,109.7068664032046,120.67303926641515
463.110685097163,122.5475049477639,111.74866196211904,120.73296453196363
457.4714824936196,126.36345531695807,110.93759344484066,120.64078718987655
449.5270187701761,127.3054434728029,108.98765370422771,120.35327062454766
439.2289580972626,130.55164472023034,107.59792948425877,121.02196851726603
430.49267745606613,132.70428626142674,106.31753246892217,120.67078747421037
424.8178520968249,135.26504690628516,105.78679015914544,121.41817220561171
416.3694875580906,142.45981413353965,107.330525271465,120.21912656641035
408.42568985291075,148.5786137769348,109.19973956305034,118.79185767055023
401.8266372984143,153.3517808214836,111.39158475383036,118.95439065451174
395.80031888875317,154.55424717671005,114.42695720700269,118.2476752168173
389.2227400978122,157.91581759670333,119.7470632523245,115.92527166244471
375.0491116520763,167.31328090767568,120.03127273473879,115.12013881796591
372.23849924763897,170.1736556221511,120.04159189633558,114.47361481473524
361.9653091197852,182.33020946355327,117.42219303827356,116.78249542843972
355.4446236165204,182.87944450576816,115.20730603393896,117.98438006317187
347.05609760817595,183.0322213222319,113.17902586679001,119.74127636234283
341.93992765805217,186.28395301534823,112.95187212995253,119.6566033165337
335.2859941661628,187.81498202994158,112.48628826229088,120.5645310108425
324.2830385347971,193.67816470431708,111.40955220141394,119.85959853867843
319.4701837314273,192.70012329878546,111.52006596159586,122.3988606448047
312.67853879674226,195.03836137327175,111.77375454312411,122.93196157941973
309.4137150006825,195.0832789423572,112.39785260902909,122.89536840195322
306.86613997761435,194.9928543963323,111.93780780042898,122.44293483256499
304.933700240957,196.24869710135772,111.14095412326157,121.53318230577676
306.8237819538444,194.42320491956698,110.60870429650102,121.08461451481725
310.01297796402497,193.88107184698657,110.54626123930515,121.44477315608708
314.6422529269497,192.38067268315626,109.53780858823593,122.65106874860975
320.3110176004635,193.57401168822622,108.52186108172349,123.30012062357119
327.22433540279405,194.45482592305945,107.14849257453555,123.56639308812404
340.09685172416516,197.7820574921197,106.09509697097792,122.71313987660878
349.5208594771805,199.8057463386889,104.66814774912687,122.55024337510555
359.92309330088625,207.37071854441842,104.7593214286197,121.64535751924949
375.59487156604155,211.61721798458652,105.89524182702007,120.30869590011328
380.9711716080777,212.8182472767515,109.10232325387298,118.80020767930489
387.1800345840732,221.8269270291213,110.81421213189911,117.17689877270982
396.03680674158454,223.72478709274876,112.54139314341455,116.19075634893086
408.50990208602406,227.6499064575812,111.98832417389585,115.88305912317216
419.79995080300125,234.63404682826544,110.79464031416018,114.46302858016799
430.2709228396372,236.83141981172594,108.4890373358591,114.82881451556024
438.98570264285166,241.3985696597996,106.48661415063371,115.58220727088995
442.9601962399236,247.8425975909891,107.25861904480766,114.74205065472677
447.0989092461755,249.533603040536,108.8804278040325,113.95460705452211
448.2047160137373,251.7007272561524,110.82146557887586,113.08398214700148
445.1547328138146,249.20502911276046,113.3849761090467,113.13275911005492
442.9439378736075,247.30027900807954,113.9029970063827,113.3253896313827
438.2673897890635,241.1694379462815,113.45753303295375,115.39349971060616
434.60843579419065,233.6731218477505,112.29954132634924,117.31659665223604
432.8378789386378,228.1821747802197,111.27171630530785,118.40150477960724
430.4235424129942,230.29628204405668,110.02960049627394,115.98386096879118
429.9686678130622,228.21690496213358,108.64139799783466,114.90641861469305
429.97778015927906,226.3002090180698,107.11024970711156,115.71297005444109
430.14890725624895,225.49169461141577,106.69733669528446,116.88141258263488
430.9369486158004,220.92180423863846,107.56510711605878,118.45051890878639
431.1333871264189,215.96782993725472,107.73952290430826,119.2784876150085
432.50701647084844,212.32534380373164,108.32007784078488,119.50817967346697
433.22388085760207,209.9070771544031,110.17779003102274,118.641759633501
434.12182096159006,211.60243615808412,112.0725633855925,118.67960402886425
432.12932388860634,211.71136061395873,113.22335500356004,119.53282781475446
428.8786269027263,212.87876340723557,114.58641946939969,119.81975660892286
424.03548050196684,212.45566187794702,116.03831629008374,120.74842781209557
417.8283834855641,211.38654402431095,116.87092443879499,121.33636554382751
410.2709871285711,206.8250278316801,118.03156313819349,123.31082023896471
401.5061309023504,200.0674700637636,120.90895091412133,126.31441920375278
392.3714863853498,195.50110247741912,124.51329720672842,128.4334963297193
382.50906119761373,195.04952444602304,129.13104804911953,131.00343441403405
373.2621595631693,195.63062731923117,130.74266633570855,132.5930940545807
360.4980641047573,198.33357859342095,131.02811089938308,132.48449852066642
337.99775792700876,192.85233604144918,128.71430064745834,131.77459459415346
326.24501542754666,190.8357227523473,126.79990764040114,131.11802806246337
309.59921829178865,185.504643612146,126.98131438139951,133.47358195749
295.19016097590094,182.20189661425616,126.35976417247676,134.66588606526923
280.0703775469065,181.70074161771373,126.23985112629082,132.12968883522475
269.16428314693684,179.91253841756637,126.28308278816856,129.08379031913768
256.13941721486844,179.1521767426202,122.2974886482771,127.0198967695396
244.67606733480278,176.47211993325112,119.39264353230976,124.38329770364643
235.5045119165991,175.8440553077262,117.54626118939582,122.15209723324551
230.3835267247605,175.17256035674797,116.59798880573905,120.0671713236633
223.6441224704651,175.60710723375007,115.72530633990357,120.71101440017969
217.61213770956107,176.3613552241935,114.89159462544453,121.79197450068322
210.5424615016955,177.22483305433929,114.74607307877335,122.86171812589886
202.5980838838633,177.522603099719,115.61044000114427,124.19035961568298
195.27468547490605,179.17815773407867,116.68095241048948,125.72671109372874
188.93047105325408,182.99811517458323,118.14932853467718,126.09554808192124
181.35899134867444,184.8094322789412,119.48656856822613,127.56926597357764
175.4044029863336,187.2333001941024,121.52546502709973,127.8564264216366
170.0393583055027,190.71862305943446,123.37472076296804,127.1695412386104
165.06096353859195,190.78677378464607,125.02502035233154,127.19151497520274
161.3693941769377,194.31362589382113,126.40104132737949,126.83627371995686
156.8263968736186,197.3707343369951,127.95027846484047,126.4349913276275
153.00701087141783,202.1183122868377,128.14155548556892,124.61552274102212
150.84738608906463,204.51845197214544,127.89278232230905,124.5523969005275
150.08846495271672,202.76394877625148,127.745634169895,124.38865258087435
148.26718514499993,204.89083775976738,127.937434612889,123.995430977902
147.34140436276044,203.49361945748734,128.06900401657083,124.2010089780309
146.1910553100514,202.62208646737852,128.01702382303867,124.43165704576535
144.4767146299112,201.2152030300206,127.88303972082517,124.758002646296
143.57665909894047,199.87855916182505,128.70819760817562,124.27049445563937
142.15218022867919,194.23694378335694,129.75001928989082,125.91869637346426
138.78658850037323,186.77147504507693,130.88881411658937,125.94428125755604
135.9305497636165,183.43494382508672,132.07240200041167,125.2524211740379
131.88937905294054,178.0008604290858,132.24052404233856,124.68321575839816
127.36246437065341,169.10618841746688,130.53528205681516,126.85070023115992
119.72032246340103,158.59332664147075,128.13254270847813,128.66582197651155
119.17768130522876,148.86103877812053,127.18988689730497,129.67493620113683
115.0900791141022,138.6389797239686,127.0374068770923,129.37651013524632
107.66866446366436,127.90213683999956,126.12170746855634,130.0026140397811
106.90197434194225,112.71897817609047,125.16436267156476,132.11558206340004
106.33130923826016,100.92837045571362,124.43705174085216,132.74718393298676
105.73636384432335,87.51903178570791,123.36910976314655,133.63966040629896
108.74663425475484,78.14670519298987,122.40191462252041,133.85400200726238
110.17468410710774,69.79998094348278,121.90692536665186,133.79602190215058
111.98574407717736,56.98042231061133,121.51249731532184,135.42438172160442
116.38105847864355,43.03095956508608,120.66686200833063,138.63338297254262
120.98465176301156,34.45722654242414,121.9989067399486,139.2107921025833
123.90908422254014,29.37215300956187,121.80991196859652,140.35878722128635
129.22958831143217,24.748432904824142,123.08544584403509,140.8869138092408
137.28551871847316,17.47717200173429,124.8070277179414,139.42993247973936
145.52304755869997,10.393708568519912,126.36686307337645,136.17842711045034
151.84578061434678,6.053724086854203,125.83097032634069,133.00517036577395
160.89418459664495,5.984292827663708,123.48817828429074,129.6734170203549
166.1067228170065,4.587716325297187,122.3972016131599,126.3354235941187
169.2656471412934,4.907588252971372,123.19067489070301,124.85241629148562
191.6830100495544,4.914157848409928,119.85034528389778,124.13927752976196
200.34666843741203,8.659124687581524,117.55057443713766,123.12196481546906
211.3336117606266,8.235357292635072,113.89931199725146,121.95290877169802
224.18377116307622,8.609065137469742,109.11412571493527,121.79652141473895
236.17975782445086,6.750881245989341,104.63656813315275,121.35728578888627
246.39742750971325,9.215230539736865,99.78523697948587,119.96895528153038
251.18294150310834,10.145058596222157,95.98376837608804,117.18260221240212
254.61367457306727,13.385811517682377,93.0910791774696,114.06902582809984
257.9562403696975,17.201859339358876,90.02009095579112,112.47056913890944
258.5279586483745,21.48249528538347,88.19987137317237,110.69405343048452
258.13588518688795,23.866397893944516,86.42308971300041,108.85585179002258
259.2860250885297,25.804258308707325,84.988774680034,106.64624016478926
258.39185424376905,26.864746105160258,83.33496792251859,104.23604921577187
256.3769445148344,30.81357512441768,81.73075608461146,102.16795145710321
254.83324039528756,33.790258448696534,80.36117122067783,100.56592510242979
252.47766875062433,35.24465932806148,79.75620103801944,99.82748200153681
252.91601728120244,37.748073050586235,79.17313395099,99.08625428411791
251.62961988180464,40.11638878737677,78.7500839087822,98.82620533769749
252.2257025749863,43.338220245817105,78.07565817600624,98.87124233384172
252.99395572399436,46.90804784622786,77.67930778943568,99.05914278945332
253.26046903933994,50.637466431835755,77.58798480611968,98.27861696619895
254.8994952946586,50.27487196962247,77.81662971178787,98.24050243193489
254.92283777597953,51.902708491137695,78.57192840364509,98.10257073526368
258.4198875092692,53.20163831337965,78.56198936034461,97.85937970802831
260.7496242449205,54.55452130122528,78.2483792313271,97.27584712314516
266.5369090567475,56.98312201294284,77.52151544873752,96.40116985628046
269.2778636205278,59.91830312112753,77.26540969642112,95.15158477003804
273.23048288188005,60.338371078020494,76.80935177674392,95.69399325455991
276.50850106075706,56.97205248953834,76.64892622831607,96.38240330826372
282.18860691872084,53.67829199005515,76.61935149053798,96.94926915204822
284.80770335654415,54.13946885616221,76.11740758492311,96.80953805519863
287.1553529609883,55.82200753627504,75.55028935671714,95.7031753708763
286.598635007491,57.09264100302371,75.01199031555353,94.75704257643993
287.506923621473,58.0694311648497,74.20665058968763,93.94335220830857
288.362031966376,58.471260715955346,73.68078129101013,92.98164945332438
288.495090414237,58.97174488852845,73.65431877239095,92.79009072655586
287.749711489262,58.55269906537637,73.83951269564419,93.18591352444082
285.7839334459822,60.57674213122944,74.33678194939432,93.60144328705232
284.3614517799416,62.77150602412232,74.78405760790682,93.49380350938424
283.65198688798415,65.50169974630623,74.62480743633922,93.6246288144976
281.749488949825,68.12645686029867,74.84113329732251,93.79112735048977
280.2640351684447,69.23144386409194,74.69366698923338,94.01722497719584
278.44949620816203,72.93391500438469,74.83734089521133,93.60909551704493
278.8109632321194,75.10365736646757,74.9769585364446,93.02130904841809
279.9081753783226,76.33718518190943,74.86810362575201,92.61616738466692
278.788720712109,78.77210289087026,74.92914030040339,92.73727539859955
278.7111029646451,81.81819410245961,75.06691056152846,92.82354928187834
281.50045918577575,85.90717387682406,74.238429862126,93.03879537584966
281.6672392947347,88.76385099543768,73.58720028237832,93.53794647919858
285.0228102633879,89.99311455356886,72.36557603382309,92.9874024275877
285.1632411142167,92.56091948366637,71.94034860426403,92.5547907287086
286.075438249904,93.92819223335877,71.72498124176394,92.82197400244087
285.9869263542326,97.62987248466516,71.52729587397098,92.23094088477684
285.72331569633394,98.25676820299861,71.70953528097007,91.84867413969164
285.0180800680291,102.30826770829097,71.78708276762885,91.24234966676563
286.55610048696207,105.45995674712704,71.7554116273337,91.214351723676
285.59740474945977,105.72464297421718,72.27269607623815,91.71760160683704
285.4918368707762,110.53628816609324,71.81195295930337,91.40378139978169
285.8873712525521,113.69923190857091,71.71884355921209,90.57666462863249
287.28516243881836,118.00629249117026,71.40686537941335,89.93799064132077
288.728386939231,122.33978305677255,71.44653880557482,89.09232003028832
288.09046039856526,126.99199563701606,71.65886322994672,88.96317162608788
289.8771276517059,128.37480810821768,72.27914654440517,90.18595858706601
290.4546624815037,131.74816801737774,72.37133030277836,90.46335957639363
290.4784389915213,133.36513908007834,73.21450682929014,90.88092721280269
290.9971988515628,136.36879480639763,74.07496052744285,91.00285579617486
292.03617243140684,138.1662359175722,75.2446406260556,91.13085703673158
292.238449440914,143.4927976356884,76.57594743162626,90.76794241702754
291.9299144616265,147.12430961402478,77.84325471205493,90.28066099117751
293.22248597902757,149.25452018760734,78.8876189804906,90.14251805751337
294.5942512012875,154.90439903525493,79.86319830960664,89.54114655453999
295.73850902659365,157.16090309974828,81.01129383453147,89.04158714076321
297.71615018190204,158.44755551876915,81.94191583604848,88.35046943078851
298.8575625934118,159.61580362634464,82.56002284820357,87.8984226976016
300.84744506242197,162.235917430642,83.21287633745973,87.27789313664488
301.47496864920646,162.04305775994473,83.54737298331827,87.45140028800739
299.0121969991397,166.54654393650114,86.15226832851104,88.40041872621538
297.9752029540296,165.8727255801508,87.63979630520578,87.66487071983033
298.9431101786739,171.51309760843355,90.10628459792154,87.54412269597967
298.90121964587036,171.5973935381492,91.13507781572363,87.05221265312635
298.86850483786105,172.4482888742017,92.31405022692357,86.3563454906191
298.5837270344764,172.94796442380394,93.3757461566165,85.64800408575245
298.25932895566865,172.51986154038815,94.1557467554218,85.37769124544442
298.19992663608105,171.7123764995854,94.89961743654337,85.1342119871833
297.52303283224063,169.26798095865013,95.65252489819764,85.57731815923333
298.4126903209864,167.55558852791603,95.53555950242442,86.36064379409324
298.19722082593006,163.22428854070156,96.07427734720537,86.96432100088298
297.7584360951827,161.686953502488,96.10827103307679,87.89640556133418
295.8796068645584,158.6965727051756,96.44879807037509,88.57651417515451
294.22956887037793,154.50604635314147,96.00285088063552,89.36957182688512
289.3435051653747,149.13803514512787,95.32001460655992,90.00464209447485
291.46424313035556,145.24773724237338,94.7378132546927,90.52087651845305
288.0397369324682,136.77510474625188,93.84696368528799,91.30946807929958
295.5624454513417,130.46228930992294,90.76215512990179,92.83945400109079
292.19311443983355,124.75120181980903,90.1898101300604,94.35318648406516
298.2409419891954,117.98206229985838,87.68478460897347,96.04261145902504
307.90505102016414,109.79088404393356,85.16660225260244,96.31132813933172
308.1212698091928,104.81372138321203,82.42067547586035,96.84735569313564
310.7004943324749,96.6956465026277,80.20554694206781,97.42932397389657
312.6726606438058,91.59560313880982,78.78651720636884,96.6645240361881
314.7001292772271,87.02381885873717,78.13524953524467,95.87381792287147
318.04982731440174,81.14217814884695,77.40850208150086,96.27447326690728
321.53048035654126,74.2367528273106,77.40335511205944,96.24793014929882
325.01978631810783,71.50127285774968,76.89185286910208,96.40336503348904
328.6214844923178,65.1359310901385,76.93373297179306,97.12396823118698
331.5157348445783,57.61073906471689,76.80862099636747,97.77175390098772
333.92929912814645,52.87605184361517,76.6572622351394,98.1782821594143
338.0805317458724,49.74656407564012,76.27459155916621,97.62444202916566
343.7814313170912,43.61298818743809,76.35644739261977,98.28513323428066
351.07969890224604,41.10658269358819,75.9654175934038,99.39718214083423
357.0461015995373,35.22305754066289,76.15223729037409,100.11960907174586
363.9946994472746,32.27854734555575,76.26893376866644,100.27149357481414
369.9409810859988,27.027050070253892,75.84797007007549,100.44823518810097
377.90571014321966,22.298541602883645,76.18001517523831,99.54268326755582
385.74587370450945,15.422514330602347,76.10341825437987,98.95271873100269
394.9651673042839,14.52863805162135,77.50518025221872,97.30301277379745
404.3782931436379,14.834894865824147,78.91107388295896,96.76372224450436
410.92579015818137,17.01503591230278,79.24124026189196,96.81694665942064
420.39673233770714,19.35607179133366,80.11608830945671,97.24696501213768
431.16594924262876,21.58040128246673,81.0752054639689,97.54748110158785
440.8837037499603,25.46907360546698,81.79480394747478,98.30897102742573
449.64789673939947,25.419107328833036,82.49718998702906,98.93602661469401
455.4476724708301,33.27331736784181,82.8324195986917,100.75972056560713
461.0766966693286,40.6330410709008,83.80506883353065,101.61179110382508
465.11305387772614,49.217574332936124,85.28181959617889,100.67223584074077
469.6427811118504,57.630128425419365,86.26159165991281,100.20266316297644
471.5479400161569,64.44722574161996,86.49629824628892,100.8183264331021
470.91448191977275,70.15806516954595,86.90384581675418,101.37146962162268
471.4630759215104,78.76991435615834,86.98195149728468,101.07746637779243
470.31958457493744,85.62817569239226,86.19703811422815,101.07686796832508
468.12675520201674,90.56250014239862,86.68451661371631,101.27935077455015
465.81313638497033,92.6929635088608,86.96914055075717,101.8366236761778
462.7453379319776,97.28937789786318,86.69513576835763,103.05321872629804
459.091049268894,104.28006577918887,85.32877584629493,106.1534584116447
457.1796693139863,108.37280675003716,83.44273257923027,108.9429158162616
455.4000673351804,112.79699839245092,81.88546381574236,111.06270651214697
454.2162734647726,116.2207403047244,80.6763790025418,112.27068361747061
452.79963696559713,121.3889987143972,79.59600482605751,111.70908344698975
453.5835509095864,127.49238496152046,78.50214556314774,109.36912365873688
453.7536405890971,132.81342653361787,77.20942938276093,107.11808799226421
453.81938493606617,136.65663751897966,76.72587122151657,105.44262040157604
454.6311675770792,142.4759530765548,75.76470427780839,104.38885008812257
455.1139399724895,149.06182260283242,74.77769677082561,103.21591226695156
455.2467391040396,154.22997600523982,74.17986630066557,102.56502549845271
457.9164473571043,158.39460248307995,73.5187735402638,102.20043032628072
460.80022870634457,164.12382845971865,72.46097055400236,101.70882007069625
463.94582677437927,170.1231602517882,71.04505289083339,100.37526612095652
467.1077416135726,174.52521333460288,70.61941895600751,98.53582536823001
472.5708903001683,176.88594372600693,70.51418080980595,97.51847330047926
473.6346114472603,177.39687458307623,69.88268241954492,96.8295839042747
475.95671242982985,178.49530383107015,69.10135686965846,96.03162412902817
477.37487377297487,178.87056778818155,68.94449399362541,95.31712177992294
478.28278729897295,178.74225970455734,68.58151513765894,94.65763142508808
477.71568200272515,178.1304704736271,68.31882829496622,93.95178786603637
478.15255192894466,177.38094156469975,68.62714141245974,93.62362870104961
477.9744178098409,176.34236168879997,68.4229500368673,93.76111967824438
476.8468016197427,173.5411974936839,68.98124640574932,93.82252065835075
475.67382238768005,169.48045759412076,69.09150473941187,94.76619598741482
475.1215864395728,163.52237847667755,69.3533399311815,95.37214017963764
475.21785902715897,157.1710614502294,69.81787355859473,96.72643229070044
476.6834170369796,150.51119214632942,70.22685806576317,97.87231702429385
477.23283514668833,144.13313966449437,70.73889530711536,99.43317529149178
477.7594891480734,139.3529703206496,70.9484653646862,99.84537402556805
480.197355677533,134.78374684253524,70.9588645460624,100.3220492075048
481.35710804269564,131.40522082429538,71.17111740889199,101.04814735985977
481.4611534566395,124.51567879017932,71.55794244785602,102.37211801714216
481.20593912336216,120.54682417897068,72.11492253942069,103.33289757494762
480.1943501745502,115.82132516661031,74.34722476375057,104.12938033324991
481.2970233557994,110.84590272563787,74.53546360633023,105.58105968022164
482.6837749181085,104.21789278261974,75.07179996878787,107.56117586447567
484.1596399466356,98.80182236367807,75.83634488846407,108.97078271340636
483.0606853425752,91.39277949884351,76.53047313554816,110.90790225655208
480.4717269020718,87.05241546485858,78.08868004798805,112.17147458187665
477.19747190054386,78.24452979898467,81.48774713989593,111.83227841484518
473.7272698263456,76.54149045417813,83.42691484954122,111.1565537826199
469.4715431336643,73.70969977326068,85.36079875019313,109.39939644740278
464.76413544598483,70.18712456453144,87.12731252414207,107.2458068593681
461.67632987879676,65.15703095595114,88.46339700522839,105.51153377989785
457.65889371559365,61.023115811613025,89.73803354519674,105.79089208371079
447.6070347492342,55.880001841612064,90.1598514535016,106.3580381450506
444.69352017872507,52.818935113978014,90.21907168033519,106.37528888318613
441.5815496702662,47.83053121642289,90.22496460154974,106.37619507459765
422.1712436920585,46.46615513861868,90.31405876621719,106.52054109273963
406.15050261978797,40.51333799360832,91.09759871105119,106.59164455237706
400.9954821185173,39.07882561558762,90.7594072535705,106.3822140986864
393.7825309917908,34.06189571142522,90.1756373421066,105.85546027480905
383.0860872988081,30.999854080770504,89.03334368253981,105.53597482960603
374.22355574295784,27.76661327418632,87.2590819956563,104.74641062444555
368.60800042184735,26.41159990924261,86.13544200463748,102.9109652092524
361.11959893808444,24.22181326325611,86.77241171258078,101.30583925195782
349.57325350532983,22.121443720583365,85.1861570367082,101.99745238935104
341.38831800685836,20.90956536870624,87.08066620961554,100.18806576348493
328.14978243675273,17.664613282541772,86.60222625668712,100.15688753453823
322.2939097114611,13.837999732066486,86.81527442638662,100.48591257478934
316.5156954045214,13.467509090849944,86.4319189902782,99.71410901854597
308.5567634932397,13.403339614371959,85.8152903201658,98.7928651324898
301.28888010383207,14.256376584596524,84.98069100248445,98.25141934011958
293.82755209614123,13.632170883586348,84.00336456547355,97.6489576294614
285.7962013676103,13.542423796990313,83.48537373127564,96.86246412031095
278.3549673558258,14.567690008205311,82.68215755074316,96.78919228748056
270.70090464946867,13.743443858126064,81.80106062764193,97.96234606901952
265.63438922045054,12.91720625959227,81.74102584236768,98.52854139700752
261.76765723927974,13.592866829011236,81.27932512422827,99.30017486517947
258.72484464244184,13.071513446243891,80.40450634436284,99.72754151707433
256.3711821255238,15.532188140146665,79.500346373774,99.88730165304197
253.35297305985875,16.634423127295136,79.27868068476096,100.7148863414495
250.6588405164937,18.84369837995545,79.10058815888118,100.98220552988498
248.3235212922857,20.373530320819235,79.06629296395616,101.07637408376532
248.0602898185502,22.515648868614562,78.58286070592939,101.10909064723228
245.3466345715755,26.11197827107607,78.51550748451626,99.84771054790619
242.50864787919934,29.64032772078553,78.37950777432837,98.16643174202365
239.6438149129951,33.29304730278405,78.47394078132179,96.45664468145067
235.64436892633046,34.70559205021705,78.83407838682272,96.64838324673482
231.10963368181712,37.53470990905052,78.78597609142558,97.00911134284962
222.35070763679718,40.56316212063767,78.70326322480042,97.88279897976443
218.67716648693175,43.71798714344487,78.70298872826663,98.11112138440637
214.3089937569311,47.849831953576704,77.99965504245498,97.12375365211268
213.9361304563374,50.37316917022634,77.41407697426219,96.77424899954461
214.21182771720265,56.12659397622307,76.29851811203561,95.01206453342517
212.14294134704767,58.38144844418832,75.87568198851503,93.70589854526384
208.351603007732,63.50214514691106,76.87057056213536,91.0075406470205
204.81751553317125,68.04618846912092,77.98168660470166,87.93167057059397
202.31505764746026,74.6238983005052,79.04873449625609,85.37027747337714
200.15015568672248,79.77530655544155,79.1518395423044,83.39680952765241
198.29308755112794,83.2241426664675,79.26435537777876,81.92506446777091
199.68894038349333,95.12153651116563,79.27748264838127,80.19999609294983
199.90749028594257,97.92442290497185,79.05529589878348,78.14775495206592
199.91282100160117,100.87014783944974,78.95080704848331,77.75909887202006
201.18147095446514,113.26518182031805,78.85649482319052,77.65809684351098
202.40538199703252,118.13024232284029,78.84420101640661,77.6580144813498
204.8832150251255,124.68944662927117,78.84423726506071,77.65796352687424
202.02766108581818,163.18820197103489,81.81568464219528,75.82105922762419
201.11924066688522,159.83763391788796,84.26640973117887,74.41475820012897
203.00911867767772,147.54063901498438,84.69009819048989,74.45666403681992
200.65059872407465,158.26421441507068,85.68679689209911,73.85575041926451
198.81465129632255,158.74042020465845,87.63213568490492,72.70609404691228
198.5318536171812,159.16596895837117,88.60334997901104,72.18109757436656
201.16811277738097,155.55620193980727,89.18854774213814,72.16890830293113
202.82545577848634,153.4683809579371,89.80991573124513,72.43699897806677
201.69582225668438,151.43081105108496,90.1464909527971,72.68444580623637
201.79315398985796,148.87239306303235,90.41706292837306,72.79735550518092
200.96909365969222,147.77953197474912,90.63964826746889,72.96526185342402
201.14869647579275,147.4371491303828,90.81880591317997,73.28808039311832
201.09008288413503,147.56873872744765,90.94073614278376,73.43577994669027
200.12733611231397,146.6251964370795,91.15749994246838,73.75904130431256
203.69651055813947,145.52296061204257,91.44143470026195,74.34561234441635
205.34323709586073,143.94916468711847,91.95657966635382,75.34685857887754
201.9495718512003,141.87145187404911,92.02964957751917,75.87312952285687
205.76183352903928,114.07960338432696,90.96347440070474,76.50991564414686
208.89871597812157,116.64468053942292,89.7753604234081,77.45826780368151
209.64352707944198,116.39911391136332,88.81307249362874,78.60343382661974
209.61372023485097,110.59049925616821,88.37944773371406,78.3328562446149
210.98460121978002,103.41210746590227,87.86006020309551,78.43631245545686
219.02635238248104,97.03495778037802,86.2431840449908,79.45062159213036
219.56771656060045,94.58936823555355,86.21069012574085,81.29085063142529
223.5680089579974,89.83746871956062,86.66350498915006,83.19888121172048
224.33329624435186,85.90082194494869,86.91283633170141,84.67481682027051
226.12089915706895,81.50152247800955,86.75624036382646,85.69372405798181
226.78989382893664,77.66434383031799,86.79082701839735,86.17898347204779
226.76047847495352,70.93155844331179,87.2948967338366,87.30387126266174
227.96234844178304,66.10493755250687,87.48126519480039,88.39280964613926
229.22338664972943,62.72548923168898,87.25044234564947,88.87619454613684
230.5080201151357,57.930264507011245,87.35196203402336,89.55733270093666
231.8652594096062,55.64471203632665,88.03230198947018,89.33526432916497
234.8584930951146,53.31906651824545,89.55812318885745,88.63002851367332
238.48295887249125,51.75371384764436,91.75764172260511,88.53650165806764
242.45877266861612,50.66291600521533,93.57309253001355,88.0726808447415
247.13066432086367,50.133794123318246,95.70765128179289,88.51262643558492
252.8922323863111,48.525411693688426,97.24483219038783,89.19061322820943
256.66767437210126,45.276341521122355,99.16688198803354,90.59218117420217
261.95531257982316,41.77469030471279,101.66985550392525,91.82325393554302
267.2550606025466,41.48578495834508,103.86748241380052,93.30455892673655
274.2721311340248,41.52499782446086,105.69545530348088,94.67786594921232
280.81290085570555,41.03074447512708,107.97081035322239,96.3679578810914
289.62968932178967,41.28181260298854,109.42583167239698,99.70437410034407
296.49015838396286,41.46912793325721,109.71185632423462,102.91328411783101
301.0379935926493,42.76379356966187,111.20137858722072,105.5884711059775
307.45819200121014,44.46989031734851,113.36874658638317,107.78685137921995
313.9547821022691,47.29114314524911,116.07748212523204,109.50515361907915
320.6085998574138,53.09294398413399,117.9422165719128,113.08392689553303
323.7267167377893,58.028881227382215,120.47657550067603,116.54276854215425
326.8351309277792,63.634732312534354,122.66419849093548,119.45383954232116
328.19980233609164,69.93701753621815,124.17331955294219,121.35633677531246
334.58950019613394,73.75675837665169,125.0400725144982,122.61674408675495
338.74490907599596,81.30695237975051,126.23978045820436,123.10116824486394
341.5400562891612,90.20368460389646,124.70450922523321,122.82278329486306
346.47962665229386,96.11232117447396,123.43438014905333,122.24083596700152
352.2459116221071,104.35539147215806,121.3812747403718,120.22464700127199
357.0567454271652,111.57997499920268,119.73184328671914,120.01798025235854
361.2521437282913,115.38237969186743,117.32737051793256,119.68663936144432
365.08762615074517,120.61875443023273,112.95038698673022,119.89282302832945
369.5358414562486,124.91597771735188,109.2279962164216,119.7955545317889
375.865667634853,126.0719718958131,107.55214760829716,118.16209633147884
385.10473891860505,129.38952296234964,105.54510107961154,116.35509821757083
392.6382637458402,132.88669230120183,104.55859685055619,114.71953229453561
399.5089046867558,136.53799494472887,105.33116899551956,112.07491555576037
406.8476834399482,136.2031756467674,104.18175632556051,110.86422037044093
414.5993073821345,138.10100143078614,103.14251963350961,109.64728269629383
421.62774908029155,136.7489593750441,101.94173631959299,109.70791702445267
428.78243965582743,137.24523802424454,100.3549570590852,111.30820015917251
435.70611886673015,135.99788368268912,99.22447371357372,112.01874202938663
443.7102405300175,136.64858526983156,98.38033961704058,112.62527352078172
451.57133763363595,139.1845389165393,97.52062271235492,113.02131990931203
457.99702587994307,140.9220383422343,99.14144756709175,113.14193668330354
462.659685689956,145.75451662467972,102.44396894285445,112.62396040405717
469.04757467704303,150.31306592377484,106.0879182941198,112.65645420546409
472.54727663022067,155.98004661875052,110.66549116388758,113.43200609828864
476.85514098820687,160.81566718680745,114.94712420328631,114.03734481904732
478.99822642486214,162.6414771261094,119.52586345570816,113.38520828738248
485.11610569801235,167.9036466812485,123.14594463871684,113.12729335618148
491.70582265815676,173.9045815887081,125.86716551121364,114.03672229309332
509.51835132562354,179.59544545164346,125.87132341675867,115.09101732570652
511.28782090213554,180.4993297113406,127.18966404126144,116.42779555351984
514.4023316721634,184.17865709140244,126.76396910795613,118.13238275201431
515.6139522020949,185.75906620029738,125.65217566848517,120.34483552268883
517.0250535714142,188.721533134167,124.2726258705966,121.60017423414268
517.7952381639027,188.8496935512424,123.11474520457307,123.27949600005137
517.5423663775834,193.45916956152217,122.22816576009117,123.7779874456784
517.486160126766,193.1866699138727,122.00274074446455,123.80373259297092
516.024166015472,194.1089140374082,122.54470753989779,123.6927579395736
513.3015520756145,194.10672624077893,123.81724788909543,122.70949780113503
514.9478968560724,196.28371986114848,123.89085318901948,122.2160044587877
514.6200265152123,196.345573839387,123.87183919153651,122.14642336102189
507.6126046293405,193.42464660991396,124.92428252687876,123.49138727507662
498.969193069322,190.45716295978826,126.30395633203541,124.86617772596273
483.2945047861011,187.7028939545321,125.16092033133862,126.09405176934249
467.8930252342399,184.3480814715354,125.20505985498289,127.22447503703269
452.46392564722487,180.68958945337943,127.34288206062908,129.2533736126818
434.88069702043936,176.99778303881806,132.9846925551669,130.91561526794587
418.02792702051636,174.879420034187,139.1667397419026,129.66211882313695
403.09940852465945,174.5021804405024,144.17039080832336,128.709611583199
394.99083761450544,171.30410327657646,145.66897050247178,130.70563373179067
384.7908234948196,170.66727792679356,146.72304575417257,133.26163997830776
379.11643504837485,171.46727559297136,146.58068132778715,136.07001037242313
374.30119146915155,169.37169155658935,146.85904999410727,138.7591992133527
369.56600823775483,171.65446772836594,147.3853132159339,140.5976371385068
365.74917439604553,173.45780202527325,148.76190940429638,141.36993201515116
360.9120396672211,173.0614740102327,152.9209205497199,140.52422682964084
357.7971603718263,174.13417028029696,156.10922983211407,138.5792144658181
351.008029254537,174.26913171292054,158.17589347965657,137.55864816843058
344.92037284347873,176.4459111128809,158.23876809986882,137.28965548484285
342.01127145443024,174.90582618022785,158.83569936307322,135.85339163432863
331.34335439352617,177.21983251119846,157.2123221353941,134.92846582541478
324.58134816537313,177.3308560741122,152.32541921694423,134.298407918776
313.3996015090799,176.53412348743598,143.8042956777241,135.73726278610386
308.8232835593501,174.20943931389786,135.46392010257426,136.92749965391678
311.69934934992114,174.20089590894898,130.5975872737402,138.29104597175677
308.4183732869118,178.91501364288231,127.15937250675344,136.84515894596774
295.33679956669107,182.0965560139295,126.40075748076421,133.10103959121773
281.79442930660366,184.89835231690677,124.97134738143217,129.06197127820906
271.7492613961926,186.22765669775592,123.5766730551596,125.1773150006416
260.9927876312988,187.07521859448696,119.6964034981552,122.80695629335354
252.1324417181274,185.4701883695683,115.3731442899521,121.08667263842403
245.13279283085234,184.9919914973231,113.79657441160921,119.459825397044
238.0941740087638,186.0284129096362,111.26929316540543,118.30790240798534
231.9570660886587,186.18730601874577,108.88263463885532,117.09047062282588
226.05358957498225,183.9600808829664,106.79948432605933,116.44221064734484
219.0891222925661,183.5137997752696,105.53281647389946,115.67340496951942
213.2377825807332,182.31990266471647,103.93577036503348,115.7740371251197
207.38060049354567,182.69123685817272,102.8303904293011,116.09861195662913
205.12995134753277,181.57154089866395,102.10300524964728,115.82447934332853
204.56811269849896,180.78862874044353,101.73210680880798,115.07932596239696
206.00186123076872,178.33692931202677,101.90526225777249,114.99121538166946
209.4296918957986,176.5501909734155,102.62367471921661,114.19213871035075
213.34421874853223,174.38956940863443,103.65944530879337,113.7221187364278
216.23347828329767,171.78399135419605,105.34423123575294,111.96886549395566
218.96277857072772,169.91178900987865,106.55744557941094,111.13585662363049
224.56708660090388,170.77093255355643,108.04054285218847,112.42102040678886
228.95035346755296,171.88125642490746,110.03634584984735,113.01369067823165
230.6971892667557,171.04417555555384,112.71652097309105,113.87579182238021
235.39551322399512,171.78521416561108,114.85863991957407,115.1616284206251
239.45062411160438,171.49946955416232,117.21599035657482,115.70151470951973
242.17354828846854,169.6752696159553,119.90940801694562,116.67574480710996
248.6284076821019,169.68236302508458,120.95197499628046,117.0194471344641
252.91709530002123,167.6572420881559,122.63428336945061,117.7262947288415
259.4837208934121,167.24874168380492,122.62682850072306,118.50990996645106
259.7594523576737,166.46856989014603,121.37525215648174,119.29857284106896
258.7864501499399,162.35236031900303,120.49285429114184,120.29597468370287
258.57890120091,160.55099447544703,120.00691229080614,120.64667814396245
258.178048158671,158.06665953742277,119.44462890289489,120.86413780730344
256.8768332995955,153.93211251788176,119.92452816068825,121.16509172111077
253.9820188518605,150.83980472429678,121.01665778095077,120.86779612587719
252.73787876023385,149.07475756351187,121.62127132964439,120.35469138509961
250.95382463758688,144.13134234849542,121.82250702588132,120.35799501306948
249.28684085758672,139.87880378742062,122.14829468285124,121.32490322805356
250.3495182791887,136.95163580776557,122.25502602128797,120.14171925557051
250.87609748949876,134.15109284030225,122.68174244998724,119.16182727377956
253.69332762667713,130.49811282597864,123.60016532382389,117.98688939898443
256.4749203845697,128.08055328028757,122.63761962813766,117.40215003470861
259.3161816628185,126.27353785032653,121.97324454020695,116.36289920594051
262.7046777703454,124.99640400134085,121.31953714189501,116.53531523078564
264.9412993958566,121.21852421902499,122.04794832507669,117.32429298847157
267.41622975626984,116.44323747176307,121.09297710200727,117.16601943709698
269.7662172739198,112.95280474038067,119.92630795011502,116.91684816432709
272.33722163353207,111.10783619709773,118.59845457108507,116.31492753147158
274.93725092238424,108.47449761365289,116.52147600856323,115.40247652834785
275.8959611624966,105.00744447156069,114.47979087829174,113.89846673892384
276.360406859847,104.19514832088736,112.54406664553238,113.50802770253247
276.13345073887,102.33917225925039,111.87111290447704,112.01567703802564
276.8163141286374,102.7537777766232,110.71985864231355,110.75318529687439
277.3285551727066,102.83401015465155,110.11615473930416,109.96433565264553
278.3279300781214,102.18609055512015,109.77034532096881,109.16582809000485
281.73538872480907,102.80971625148163,108.8063925737971,108.56749568360237
287.312143568547,105.3910338270044,105.72904808560097,107.70050243166571
295.2755972626037,105.38788427423978,100.89783428574451,106.68640721193863
298.77705142901937,105.97312205179786,97.69089758491688,106.2389468459933
303.51658527223475,108.09148189925607,96.52962755931377,105.55604752270469
306.45489651412083,110.85615458301281,95.99345488556963,104.99273370655229
309.57375348107917,112.958336318336,95.78385336315203,104.05005513046768
313.2976103422712,116.82119960428571,95.79819818492697,102.7538854051869
316.38169233152377,118.73802844841342,97.30566620639128,102.01924652911106
316.3259785546534,123.02350848182607,98.38812971746852,102.15695898578427
321.0743253587924,125.99485833655532,99.0634560676865,102.61611903661021
325.6406481864227,129.73012998062458,99.39989896680828,103.23284743884035
329.7248881914272,132.58175761973772,98.7400158539244,104.31047070446782
334.5027120303177,134.83667601249294,97.43989090410983,105.35196114750353
337.9676174592089,138.4464864454454,96.38950700250416,105.77278074561838
341.4826351384486,143.39233824381404,95.53970559940805,106.8244288944866
343.8489347869069,146.0767488917507,94.32831649612542,109.03902263004633
343.5781393120364,150.60610129439175,94.16007549281775,111.19548773138044
344.5457646053519,154.6602350426152,94.23169899065945,112.82687954432076
342.8422498181072,158.94550504954984,94.56273478882744,115.60971878002424
340.2491947655748,162.89819554802096,94.989042552431,117.29992169879242
338.23839515154316,167.35205066442467,95.33483954965939,118.287137537152
334.7488534166935,171.19080868389864,96.41095699686716,118.8476576539048
330.1145587897426,175.84035929859377,97.44271744675294,119.09441862239049
324.6282294142799,185.99459732129492,97.68661643205337,116.61711170540613
317.4825559956786,192.1625511155196,98.07827550222711,114.90336788953984
310.360238336456,198.8187150036973,97.49902394933444,112.90861842891928
304.0095150263448,203.47687637235302,96.77317583841675,111.14160828316058
299.7456806713156,208.11208377059353,95.1625808460825,109.16267927311752
293.73171011390536,210.45997448252302,93.66145301406463,107.9360638896791
293.1584273563808,217.33063032767126,92.90485056608583,107.09005306455596
291.95385404474996,220.9622324587669,91.64592305833547,105.97626477221333
293.75736678237246,225.94199123555927,90.18390805443444,104.55891965057432
296.21810765720693,227.42827674651699,89.40006868834095,102.98193154301134
297.6487230743061,228.78893939958064,88.7667359750228,101.87474865479176
299.2219617321537,230.43801350236066,88.02648457905107,101.02961601510391
302.9921820616249,234.25457638683542,87.35879467923345,99.9128233493343
303.60571065749303,237.7705097459337,87.00831563967691,98.60901783032598
305.06581939858813,238.00109221703977,86.3029001842354,97.72606258631409
305.2382562410173,238.7271679452204,85.9736272356299,96.91977817964687
305.9578396752703,238.78827649125668,86.33164066211458,95.93185672995025
304.96707314209084,239.30700547276226,86.07335539389393,95.02628377396293
306.13639108716563,238.43594130880456,86.26827453456708,94.94076250852501
305.14572995458775,239.00141949472652,86.01485082041381,94.84482684571893
305.4157380819876,239.49467824751798,85.1620689077123,94.79482020105596
306.3033484311477,238.16855831394508,85.27020644951969,94.72427864844767
305.37092389327006,238.92530783814607,85.43172822711063,94.51255767812496
305.84537317455516,239.73928445287078,84.86207271058568,94.26151906907498
306.72193929466397,238.27991924030755,85.17315613046334,94.34992484439067
304.8728611384128,239.97957872474285,85.14260274524224,94.41968250897347
305.45135239688966,239.7099146735137,84.85296049499307,94.13042981471314
306.4029779881817,239.58104089703193,84.65622367092958,93.99343070649047
306.71196226422876,238.97174662877507,84.80828877638622,94.0554334304355
305.018819497248,240.53374580283645,84.60757060246205,94.1699430683815
305.5382188248173,240.373200058917,84.60928272098218,93.70599846918425
306.21138953027094,239.63974495082684,84.61059648719127,93.63427498117909
305.8329855707952,240.13271055125105,84.85912114865836,93.51422778635406
306.3189771586934,239.38577231972926,84.82387354329278,93.52254478589666
305.79209815947564,240.02580036338406,85.38381084465905,93.51563759289705
306.27981352710503,239.368643648158,85.38120337161487,93.71019241739215
305.7627727574286,240.10207594396175,85.60131810026454,93.49706050705909
305.6700642967826,238.78486821387133,85.84868359663594,93.5132153452154
305.33451612046457,239.36603066772906,85.90393403061661,93.40099183692159
305.9823333511021,240.0720806196032,85.50996787950692,93.28043052932658
306.13203754385546,239.3085347562483,85.25861473302203,93.54910965647282
306.38615476553855,238.43909042353664,85.35274596224414,93.68666887605718
304.75019073379804,239.93374835190141,84.8879231845845,93.89749731025171
305.9335246455573,239.97381574241018,84.55202304028036,93.74890412856746
306.2517591244199,239.36035158374693,84.49787465350093,93.73704443720406
305.51901510535043,240.3645353336892,84.91753327631851,93.42354192564659
305.9540176541865,239.92068978341172,84.81054076667053,93.44304822128514
306.80864747119927,239.1218745895437,84.92300006384315,93.55241810143757
306.55716130712887,239.9672666979449,85.15589379253097,93.31517730924149
306.2110516247571,238.5068838801361,85.46545181465368,93.58213482794626
304.9839744919876,240.5998102654408,85.18481861605073,93.65807376342208
305.4805111688869,240.28271453137404,84.77962265502106,93.33081048244819
306.57691371902786,240.31280346499463,84.41415577342806,93.33451709699473
306.40372268805254,239.4209667581503,84.3637519800855,93.64087150853189
306.5114771847182,238.52849361885828,84.53598908241143,93.7945753926686
305.407259613019,240.17294175142834,84.31771171283988,94.01553773577434
305.84995265822266,239.57649366668502,84.32154627739708,93.95352808536808
306.56612728748337,238.93453481275944,84.59097721888025,93.8576993561465
305.81338314465927,239.4310166346604,84.99672583377492,93.6599413650583
306.12289416180755,238.95743961809234,85.11923475431618,93.76403407026021
305.6162756930871,240.03059326213656,85.08337010064677,93.73435709795241
305.73947406593226,239.53188862561402,85.09374217762648,93.79631140635973
306.03562713291285,238.90718846161872,85.1946278700089,93.94354102855505
305.2204640937322,239.72368994413222,85.39125386368391,93.68627048540307
306.0125284835867,238.45434585678612,85.25277136998557,93.91388273426824
304.72282455787035,240.46298240439623,85.10549918105876,94.01757416617814
306.0412543921419,240.39320660159729,84.96871652171671,93.87694960905631
305.94364575914324,239.59559751298775,84.7026098111974,93.78674488893645
306.20542036965645,240.0721886841519,84.6192119537822,93.68877422177525
305.6216924184388,238.88955059451774,84.7579008665096,93.60888166744678
305.9454714104026,239.71889817659996,84.49653460831277,93.42486239706592
305.9116625931205,238.85917346805013,84.39656743619625,93.7249988602166
305.49163883059487,239.71519541378555,84.5619648881962,93.85380055361514
306.1784863253052,239.17248677345447,84.40681915033194,93.8652483509018
306.59600855833105,239.6102498063247,84.20601030477881,94.00068000305683
306.2322296016845,238.394080514961,84.73276317985824,93.89421739254689
305.54599048090375,239.68524053697035,84.63763571139006,93.8002279511741
306.20168655168766,238.87787232146286,84.74973445174211,93.68353647424536
305.7927446675368,239.77424754902628,84.99512502451017,93.39876672342604
306.0273182583381,240.30815532823573,84.72171983907661,93.35870427970747
306.0434669013542,239.15368916175623,84.64043077231632,93.85001109005296
306.5172076112958,239.59266043054407,84.66933810489355,93.77484822700725
305.70891629441314,240.10871670691867,85.12140738912578,93.66440140235028
306.08257479835635,239.31880098138112,85.19881046590656,93.74612971164072
306.3577880387803,238.77874265795316,85.15488315631569,93.87625137720775
305.96412370944574,239.6602265249007,85.13656253443672,93.94589568097133
305.8118065015371,238.13586710225644,85.42267173352563,93.96013991497752
304.5732540408179,240.40796557274928,85.173633294826,93.81812650670665
305.1343323840066,240.40499646180234,84.8469950067335,93.28219681678489
305.60635305813196,240.42126139675213,84.61114284791687,92.84164460277293
305.75447925367644,240.2533402974255,84.34939653936274,92.85045849708776
306.54966905159773,240.17187809106466,84.10650451237545,92.91732722333558
306.1121720312744,239.5374448137663,83.9985773103082,93.28626109541808
305.6466652359902,238.6591601214274,84.01674964044338,93.61787713861186
305.6691527651949,240.39558517017412,83.91405054575758,93.75621378390096
305.73040277796014,240.15219411450448,83.76475249731622,93.55785963663814
305.89426389684525,239.56968902368897,83.53949925678606,93.4717132497419
307.1311074002373,239.57557182130847,83.54732193551837,93.31276150931647
306.69493348057813,239.1324946157694,83.66441944009696,93.37244131340384
306.59618765862217,240.5640754082928,83.9730255487091,93.46060609859629
305.78596591527787,239.9006709645975,83.94617058015938,93.42670543799034
305.9984225265356,239.59152493401896,83.83213718418959,93.48061899916267
306.1791194283164,239.90058166190494,83.94561033710036,93.66521571890496
306.4727836199695,239.2495405678231,83.85260479019324,93.73589896698228
306.65268086062275,239.6922458141851,84.09907901282433,93.67769681442627
306.3729314193255,238.65429617860215,84.19436389829322,94.0023544016322
306.59229464637866,239.27069661726523,84.14979667179645,93.70547459726596
306.45680894162217,238.33933181366737,84.2592541269084,93.85893873395689
305.8159297729124,239.42272375194102,84.33268469409484,93.9316053121215
306.3245977926969,239.82730184880512,84.27287176205445,93.76619305064048
306.32209235077374,238.79025362894828,84.42788770335495,93.9753487278343
305.72688705724005,239.96766882832532,84.74434441154278,93.68156159156197
306.38012122518944,239.33699725093217,84.68026658906405,93.72698227148709
306.0739730256791,240.2562946267114,84.99858712820436,93.39049168309847
305.80872670487656,239.09473020396666,85.30615771289601,93.35074602068391
305.063222094272,240.01384888615775,85.0988712216341,93.59793999365834
306.2020943531901,240.06603087025616,84.52584803539432,93.58286468485527
306.02950404783155,238.9976676162588,84.61191074478617,93.89403968299278
306.6163483470668,239.76824378402446,84.72076556710735,93.60858149838617
305.92060387817185,238.45584468783355,84.80819046948162,93.66507586729693
305.8551948508749,239.90534267572536,84.40043204034896,93.97743057091088
306.3689703334994,239.28483197057605,84.4874439441719,93.94626105275036
305.38868958465497,240.26978184607162,84.76875186367478,93.62334933600754
305.87272067687513,239.92527541248975,84.57082043275162,93.55588657574896
305.8740679828269,238.885999225809,84.59494531074438,93.9445337824845
306.4160551153235,239.4007664489944,84.5604450466819,93.85016432415459
305.7329225541308,240.31244852434477,84.93748788093555,93.53719784610706
306.4359345795909,239.73978097223454,84.96826669409019,93.47543816177617
305.86444052593396,240.57583238706917,85.28204571212487,93.30150821132597
305.37831076997566,239.30496440240614,85.42937872848934,93.34937320706504
304.87803792769546,240.16971138462992,85.17057160981955,93.58267044706994
305.90335570029333,240.0790966025035,84.52696986570257,93.53680074169426
305.82712564428726,238.97955697060212,84.4349252428409,93.83412276520166
306.42131894179477,239.61506945464663,84.41691876333499,93.62189313002125
306.04660504121654,238.80237646989372,84.27915771265803,93.90878372580119
306.3158258457081,239.4351218693032,84.1682306269426,93.73979189319925
306.2369647973442,238.4818249165713,84.37072725226326,94.03893090268986
307.0772135532039,239.33580604402943,84.59089514295634,93.69668176728045
306.56263921366366,240.1205112543375,84.99428666423417,93.40049331626878
306.1406931424189,238.79181075445842,85.23203563016804,93.67125329048369
305.4023124561263,240.03889498167888,85.03250172229679,93.64853993324128
306.4751606850937,240.1194697668338,84.54147371471743,93.63095618159892
306.1265904286938,238.83246922472983,84.83642401908222,93.49208285327018
305.8586046816457,239.34858943777198,85.18073053431664,93.41428904097452
306.58469972159196,239.6911168944634,84.7828015427954,93.4929749651657
306.0735796943504,239.95949153716472,85.27695803442751,93.48799596870724
306.0923414929269,239.3259873292643,85.29748320338095,93.69552085637085
306.32730340025006,238.53463060966405,85.34404656992126,93.80252306910808
305.08995077435696,238.67601833157684,85.05385662097808,94.17353249638388
304.4683430581608,235.52176462471846,85.12270164531215,94.76187084271781
302.2052287386664,232.1348099545052,85.09484789065479,94.97853731281354
301.42730685405945,229.46606246656046,84.55400768083423,95.33871304813297
300.54028934512417,224.27114798619084,83.82160873492917,97.09387747334969
301.65458043988394,220.63033214850603,83.90528908050486,97.95481956589464
301.6306771435045,214.8583008948956,84.11698572212521,99.59112812871851
302.0812991567692,209.90253882355537,84.57566350860708,100.54302607358402
304.3097022257805,205.49144508431596,85.61589001294902,101.27784077221669
306.6296504632499,201.27887964316983,86.00294199000597,101.78864546356047
310.57455261919273,192.8181826729229,87.5582003154494,103.49342277350016
317.1191425145619,189.2283437702417,88.8641277939983,103.10188590295917
321.5287850286861,182.9256820211319,89.97796253961457,103.6414325762276
327.12713878104034,175.79850512606387,91.08599403331911,104.53359039773574
333.52971491848064,168.29582792780923,92.2322196270909,106.00156552941348
339.1768124529478,162.16327049911618,92.5567102805077,106.91135659529569
345.3149187867551,156.04599755755294,91.98028475278569,107.57551559182546
352.1430063281696,152.39055737090746,90.59054910782282,107.40739682723799
358.5022279412149,148.64134610112734,90.65473203377076,107.21564335666643
364.47859299569916,142.6715817065537,91.72374951391366,106.69443014904854
373.1702787428841,137.646439239548,92.72906706068152,105.47914634984467
381.5080235958966,135.4908689992417,93.40612023185376,103.56144218781805
389.7983386277046,133.6689755928506,94.11125867714881,102.5476786656699
395.26361344726456,131.46373977704212,95.29654804254551,102.11687412846359
404.01650052800983,129.64114560721686,96.17016269025905,102.14735452133677
412.9408094787929,130.4904913810886,98.35366263232086,101.6822746765123
414.86362388457627,129.40511306668168,100.54891163981536,102.35218480016104
420.0932198754114,128.71103948811498,100.74390113855286,103.95432695205396
424.215878553845,132.19862990233992,99.98448895212627,105.56495201654843
429.85740118022255,132.9285188214196,99.51961043215927,106.76777588775491
435.6909366905977,133.68206669956277,98.65043293557895,107.1763524337147
438.40628409559116,136.65991913909903,98.7057310340698,107.28290770555154
438.82621018255224,137.6369790378079,99.82377723851988,106.77540980297026
440.5669437177474,138.82217943991205,100.85477564511926,105.90040799702244
444.0057021724511,140.7631186590354,100.82191949468405,106.21497883856094
448.2405202230324,143.8817139212227,100.31332865871929,107.04937301572436
452.48952831300704,147.24145299894437,99.9245596864115,107.24815305043609
455.2770953936758,149.08996412458018,99.36566850603108,107.30383041273564
458.39257554771615,153.33061788894815,99.14951446854965,106.85454154549873
460.27722246695726,158.3105614883304,99.32012603511207,105.98584087017174
462.58976424812596,161.76448402086058,99.81268106072629,105.22368863042874
465.1902380265094,167.03155776417717,99.49978072228215,104.2950222915617
468.1371464552589,169.60668466196248,99.00977579639324,102.72987916035875
471.10038571902396,172.34462543013302,98.08875991534757,101.49733906994052
474.5780140521098,174.91521093184437,96.5817854909972,100.19613841678331
475.96753149273405,176.60464572975505,95.64550223194864,98.72115549679658
475.2491691630629,178.47044953400535,95.31394113994813,97.32642046596324
473.6158208198952,181.7336326657341,94.95564116414366,96.32601607842128
471.5357778296857,185.97734010790998,94.84832258828823,95.22895058219206
472.25115571057654,188.5047128222714,93.72397099988078,93.58829864788453
471.76934622591216,189.69204769851865,92.1722887416399,92.66690839062927
470.10246529967685,189.48771273081,90.74759436394702,91.65022694474472
467.4807006271409,190.896457599931,89.82595351630039,90.60069084076471
463.93385069195375,190.04720781023747,89.42593619307115,89.88699926757918
460.7995048640279,189.8874989205239,89.53931149607864,89.05336686275642
459.09453467599167,189.45654632635413,89.480669003575,88.00947933793071
456.54829555393167,189.17758207326824,89.30094094123757,87.62472373012318
455.04798613827535,187.70699392955865,89.13978966718824,87.6118172901101
454.6998276923476,186.31535991903945,88.97717984557713,87.1974665882328
454.1341224675502,185.87233486881922,88.25857823119182,86.94659862074117
453.92862687581044,184.9590003139343,87.72099999767151,86.7626828992732
454.64635532317163,184.17474296700513,87.58618738147538,86.31396231404828
455.22096035623986,182.8070183922203,87.41040246525652,86.13908712851966
456.0015895281215,179.59109602973166,87.27823068746463,86.62160056992762
457.55554885763763,176.0607160246643,86.79600201180031,87.32140057334851
460.4829527119985,175.28942939118957,86.08294320826042,87.45548973900245
463.37502155142374,173.095494397199,84.85097056084304,87.94730832012326
464.90163391919293,172.42910659635783,84.21804535533396,88.42067768897175
465.63804019664565,171.77138825737669,84.03561160940376,88.94771097509596
469.22512390131027,170.88399183912355,82.9867770324109,89.5636173789545
472.1174086731827,168.5001356872195,81.98270170177035,90.742688277657
473.6806969191544,167.55487497493738,80.44971153547235,91.03295051738391
476.52457666441705,166.098537650759,78.46817386387099,91.67708526019263
474.62200138916046,165.0676336076663,77.75332586396917,92.44929488141219
472.7179308814489,163.3951880580932,77.09478206112445,93.5377012336254
468.9537224188515,163.5697317948302,77.59929370906704,92.86226140228702
465.8579016536017,161.55421745384626,77.0538856599463,93.52987984980359
462.9741799328488,160.269005018766,78.01302812946722,93.62518655971631
460.26204902578655,158.7351031702189,79.21034931172532,93.80442066338094
459.84116414878196,157.47183621205352,78.99487750670588,94.82666542947366
460.76602603489846,156.60707375365993,79.41923949458936,96.07212853886682
463.18602725190766,155.12455833048938,80.45549018862275,97.15584224653607
464.2164644174904,154.1619820758623,81.77091309294619,98.48355755285974
464.8652776462498,154.5104544216624,83.38434076979622,100.57968222389995
465.534808655334,153.27159098605472,84.73142429567991,102.35757641727409
467.0383363363554,152.630485382058,86.03182638068918,103.66794252742774
468.6145893482863,151.55855428539292,87.42953464744632,104.9556136816725
469.71887888545916,150.15006218912805,88.86579867460205,106.65403910974453
469.80005599812546,149.63749286884232,90.45609959777565,107.95978884812867
469.6192924196282,148.87877975408207,91.89975361062034,108.76104476667501
468.8650134225542,147.09299559033704,93.23602454295784,110.08419285567021
467.6150566312277,145.86518840684067,92.45640974617058,109.86944212752442
470.0643807084799,145.23382157142152,91.73911659120837,109.43570863718415
472.5722804944832,145.12691437709265,92.72759567902236,109.52023791381853
475.9812659517892,142.30188939501238,92.60669107147814,110.82338598436331
472.05507739477537,142.64186448353158,93.15077818077563,111.75694152841713
469.9075175432106,142.8916824795294,91.9571073718202,112.30396858230465
466.3788142528546,143.22174058076908,91.1275033781914,113.01766302874348
460.19774771318663,143.54752056257803,90.90392307099172,113.6177193046733
452.87244260185844,143.49030195854317,90.79324274341612,114.28873646021461
446.9669373105466,142.9026084849929,90.66942647514873,114.72543541521924
441.3118352260093,143.0450364039882,90.52954118957243,115.30328647687159
436.49662231274397,144.25140935726233,89.98751695049036,115.79495212465983
431.81589145518825,146.76910553074813,89.31353154493523,114.87220301957058
427.5841576822199,148.7268213369917,89.68027934905069,114.25786450858493
426.2717005798404,149.7171595267847,89.60824025714822,113.60178203063307
423.81713861235096,149.1812771740857,89.16685073387517,113.0274403736883
408.39053926520666,150.80507797613848,96.92273077887178,109.33747938170814
383.47227594656863,150.1249092119632,100.89261541785689,109.45096880367439
375.83869525735867,150.42022288656153,100.15378772156978,110.35951259228752
372.4987151035331,151.10419874594896,97.93873708103976,110.616194185738
372.11123497527063,153.55916813713864,97.48488547748018,110.70419308264938
372.8057097712191,151.8679836926447,96.22666725960862,110.87227254483366
372.5567677035684,151.97811951264563,96.2672306749526,111.73197805956356
373.3588976929557,155.7598459963861,98.27428856917908,112.40886627860604
382.4397185753032,155.72321251005846,105.46063111844897,112.01039035303556
388.8991661128477,157.38869587845693,113.37563077297419,111.15171675474264
391.8400814965389,159.2331381155982,117.21453364816986,111.7201750958593
388.3763691376161,160.35263470364714,121.57764638481429,111.84343320149972
385.0010723584602,163.41642852631094,124.9399547830615,112.3739070605361
382.8278834180445,164.66841517160006,127.15829592645079,113.53537051464781
383.03586806709126,167.04264061483156,128.08952380338323,114.38656715015746
385.00345221694204,169.09154587851097,127.74152062094544,115.19743801546832
388.3813572383989,170.4696641235094,126.51085038668654,115.31781347348479
377.822962248672,173.8373989400078,125.49536001640885,114.56186177719454
362.89684964742014,172.7777257424173,123.03413154459616,115.1736674695557
354.7731965038085,183.92277236265426,119.61979957193185,117.88401673396459
343.27390581132585,178.37748952728668,118.22168295885021,119.10255882224125
330.1755764287702,178.8574814689168,116.9148531833121,121.05686989709564
319.2226974061056,180.12561217059408,115.68514560669303,122.70376069253254
309.3555794975506,182.36032489063476,117.05781678757259,122.37969238440922
299.6891565966011,181.1990572348751,116.98461286107805,121.70689354752152
292.0942104790059,181.51667456245275,117.31250367720112,120.92525665256679
281.01997032625445,183.99735079192737,114.62286829056524,119.06915073750176
275.4956431438253,181.1582683606706,115.04791501992557,117.66527767429511
268.18111629838137,183.82898169011133,111.77026666918744,115.85293450578538
261.62562679729155,180.12212295500154,109.81302362546866,115.11686693419583
260.4504544692312,178.77032700313333,108.30173402713376,114.73712892193188
256.28315309420077,176.6970774118876,108.05376193283422,115.14072367975605
254.7239625956072,174.32408592438318,108.49184889315622,115.60602027628583
255.3501828857772,170.19401119681993,109.59129959203673,115.71439341763065
257.1507972654272,166.419703899573,111.30103970862183,115.6633652585234
261.03971633575,163.4429684790399,112.94019184812763,116.04748013492892
265.4699995075926,158.23438193532152,115.0169547967397,116.4545137570337
269.99543111507916,150.8403336927793,115.764203497355,118.65571525310447
276.8380279939319,141.42033099519858,115.10570022274268,121.09929349372489
285.4289182716399,134.47937876012458,115.13236044796648,122.42093146912191
294.6618097973253,124.83442486269541,115.61049181004769,123.47516917425854
300.9507098022951,117.69275802082821,115.97529872607254,124.56853093416484
305.38578527607086,111.56556284787702,115.85355132771531,125.31616354386117
308.38787512458237,103.67279556419058,114.85806770994644,126.87361926907096
310.45133418796644,95.07495281337467,114.7287270119961,128.06310016560025
311.7969833019282,88.22791189620926,114.40502135723838,129.28031718517275
311.93757099180937,82.70160536072302,114.36747397272865,129.5950314295461
309.6519662361118,78.26015415396947,113.12030646614906,129.09707732907617
308.06019166917713,72.35598628029459,112.08636635746464,128.50964109614029
305.49396896483523,68.00194422499702,110.44006516122893,127.99196188581257
302.02081937911134,63.33622433227089,108.4530452408799,127.4661638554079
298.7977408810812,57.68005218501759,107.06696070175335,126.08142753773188
293.0098503677014,53.11916492058693,105.3408952243016,124.2343071080971
286.6487079279406,48.51815072802716,102.99035467199943,123.25151531804575
280.66260780986613,47.04984987758124,100.4669122461001,120.92252539753866
277.36706280451574,45.45820828302834,98.03092172091212,119.49229082541399
273.21573399318277,46.2110848396996,96.29222039582415,116.49991668984704
270.5710872753407,47.732762897381804,94.64845175493969,114.11221190543051
269.0507716628753,49.04184153512243,93.12184321851794,112.97854657426231
268.1326660752014,50.665500643580366,91.41204962167942,112.39924455264368
268.74193778011914,53.34837037028134,89.75338578304346,110.89527501386881
270.2323543451412,55.40073128031959,88.38168458525793,109.65813956807514
272.4518875325622,57.572922795100894,87.36320765743739,108.25670011151058
277.2916679742815,59.56193519778931,87.57784137696517,107.79809330730868
278.8962313027596,61.52212922774385,88.46897211670694,109.20069804906586
285.3605264862006,62.82994044158933,88.16885884638248,110.40229368663674
291.40683908195047,71.31773369003723,87.96835020151367,110.85312358683566
299.343269998691,79.25010735050185,87.97739964580356,111.61626971378239
307.5893448433382,84.41445283375039,90.39301820602087,110.92118279696794
314.46744580371694,92.54554469445534,93.0459120494236,108.86362897362932
322.8270641648303,102.929716630331,96.68384352482872,107.91430823420221
326.70615115576135,111.73803144871832,97.72444903057648,107.08911956117271
332.86814829420973,119.21005070736595,97.54810261134575,107.54355859819873
337.80231232366214,127.59281165404417,97.26708057508489,107.42265187818214
343.32107928314224,135.7858938555348,97.2736884255339,107.63472355918526
348.7730292554626,141.90293108872262,97.52437622655972,109.89107134164995
352.9436634030676,150.73349910369333,97.09724910948077,113.29300560894973
355.98625682020577,155.47374411727236,96.95224734524227,117.71659692639614
355.87394870400794,158.2691584836653,97.81251844433334,121.43740702570258
349.20545378041396,162.85883464977442,98.59404068593051,123.2536868651152
345.8483942456842,166.67461768860898,99.19010202757642,122.10785811120707
339.79914392053365,172.2889946002826,99.20650562434957,121.51102891707126
333.6203002821902,173.4658420390238,98.86890710391734,121.87709111966697
328.26284921877,176.44703610099864,99.40318426890477,120.9035841068623
322.4656037029011,180.20968546618698,99.74896943668992,119.44665381139163
314.96125858926786,177.35244062199072,101.17218660334842,117.97491093295064
305.9647295526838,175.21716199737025,100.188315965579,116.27331881009076
299.24383415356226,170.81123047274076,99.75536616323626,114.23597684225987
292.1231207759649,167.78528240832347,98.55165589450519,111.30164879659499
284.83809168755323,162.46872645156,95.59264607816442,110.83390679013898
287.0132370212889,161.46366601990957,93.58622771942414,109.44860185693108
290.83286681550373,161.1378284700431,92.24713044636314,107.76599002848712
292.4204290920698,162.5050682710563,91.6621552958494,105.36852230018279
297.52561349480663,160.64923883730694,90.31617400258281,105.01236347969324
301.2048748562773,158.88481438987307,89.857148311807,104.7564588135411
304.437158212226,157.9404702897456,89.230611938197,104.48080961717433
306.81939833359786,155.1446451981367,88.08939982289456,104.49307833448032
309.4563987563957,152.79274576611175,87.08093623926185,104.53421421558946
311.33802535485785,150.0183081706732,87.11144954090324,103.68217616794118
313.47661043802316,145.81367600278554,86.99263556430037,103.33488399279125
315.2775992422391,142.76831713018095,86.48067455933838,103.2685644798522
314.3199389414721,141.48431104671795,85.31208851032906,103.55483312031946
313.52016794597023,139.68296544805114,84.50073563057478,103.967349022777
311.18572141107177,137.73904514745254,84.16014727031803,104.2796357299312
307.25668103035423,137.21085937042236,83.69357917463634,103.49746684915424
302.7834260047543,136.73609967739168,84.04106349951789,102.96273139817944
298.26986710823815,137.06629341068657,84.49940611554831,102.6168340412718
292.3502119818046,137.6440704938461,85.41102300141098,103.28410721412509
288.6398662253262,138.06263351491822,85.88650215017093,104.91655013980007
285.4402644962054,138.09563256138506,86.36901287464795,106.038463199706
284.52715343261804,136.6514128389985,87.34477602221604,106.47025071843849
284.67007302013246,135.6536054766609,88.16835559699639,106.78877146041715
286.3071844695133,133.30555010940986,88.5837887174456,107.93117483369791
289.1347467170149,131.41230075007948,88.12241603442357,109.06266857417874
291.79902588817356,131.03196307037177,86.96802294097711,108.53133291102642
294.2610995364353,130.7475708502851,85.65005345130783,107.54948058285873
296.1903079395238,129.69058159238452,84.81712883644563,106.69137409957538
296.9793508786791,128.8182116383108,84.28360887419636,106.7009145562763
295.9392882391266,128.88896531023067,83.57053580620975,106.40932262748514
294.04249920765614,130.33747074447723,82.70486837812277,105.5525954389542
294.04420244242607,131.3669222668989,82.39644577837396,104.89302873215404
293.9263836765607,129.92421305707606,82.41564959130412,104.91788315834577
295.53790030752754,128.26448679438803,82.76363883989907,104.39173889340812
296.55254660877534,127.93303037363492,82.72476872466233,103.50359833010629
298.2383015344323,128.2857815318036,82.84495713842405,102.67029593656902
298.7544411640825,127.79346826813267,83.3611114213753,102.4481612229517
298.60192053261414,128.44862349711178,83.62239081628222,101.9354442989862
298.732945143845,129.10625865167827,83.53010140379138,101.7399770608753
298.76951526128545,128.3363078360669,83.7507030507578,101.66407223171745
299.1285167423162,127.46193442402819,84.07722773857579,101.6236002724163
300.45710212801623,126.52813903438806,84.3428534549839,101.76813449690223
301.52940072613035,125.0213286711883,84.25151348569963,101.93689729216467
301.8752131400273,123.89460728651326,84.16384523806772,102.14110471758164
301.68217326627695,123.25957581197011,84.34018917481178,101.96174804901504
301.2997523586139,124.04709105018821,84.66115305472842,101.82999123609964
301.1119483717281,123.92196868804966,84.81974443587822,101.7303880773907
300.8709296393364,125.03499438379009,85.17514584256942,101.84075221516095
302.0769270859816,126.29172022856588,85.26777007083057,101.84173677057397
303.7040071188782,126.11309506401166,84.77938425506784,102.23815395251424
303.4796181093895,125.5599187112221,85.05260387091096,102.05261317588511
303.19267885399466,126.52135271848192,85.30010320174604,100.8800515292396
304.0217924174707,127.60256438619089,86.0195713968308,100.17615897747493
304.2660430472696,128.56448282750773,86.28580054065625,99.49697865764642
304.83375637354555,127.78667042576413,86.80547780999457,98.44417498289266
303.1066713291914,128.09799258657205,86.77744703772584,97.27093186109448
303.16178621216153,128.71636980277768,87.08805899546603,96.38957840820211
304.0624651876073,128.71062451398467,87.47798713161058,95.7612820866983
303.39047201727135,128.52791436912133,87.54307404105384,95.28598500114653
303.18238704576777,127.76727160680349,87.56071296437338,94.99438965210209
303.3177806627629,126.54738804651308,87.80184451357091,95.01274263579633
302.84149785235525,126.41463876240437,87.84851031167435,94.72990547298421
302.52171432615603,126.48076862492519,87.81017758618346,94.47257431177582
302.8248259004521,126.41643579632739,88.29302654586016,94.33303864760795
302.64326808759836,125.01068741499357,88.18885823721278,94.02087985264316
303.1436898665886,124.26922429889106,88.28953414467884,93.8828340475328
301.7504849062917,124.6666260041066,88.70410263460852,93.61275321324308
301.35386785253,124.21713095492238,88.31065010711444,93.73976946326863
301.6773344985237,124.17304706558788,88.70249070943719,94.26373156562042
301.78836853100745,123.94940702488094,88.40980057284582,95.93113589172424
301.6381821751501,122.06454523542948,87.5206560249627,97.36050574328647
300.94731829775526,120.65633563822001,86.81577894614946,98.79722475383699
300.06568783952895,120.30876962486946,86.27061991974628,99.61313677913857
297.424561592308,120.99768076833209,85.57363008935911,100.15945375345906
296.5152753802837,120.34576420597216,85.57470525998978,101.01472887546855
295.4156211300475,120.03374744187687,85.58294725693739,102.0216534923833
294.82568042271396,119.4266262841598,85.31407793727523,102.84403413064761
295.425918048545,118.11825047189544,84.87639521328876,103.45898259546259
294.9499336068739,116.5935682550605,84.6036334857835,103.89603065912209
295.1094007232882,115.26842475634149,84.50939349006786,104.16395004562871
294.386498442606,115.5176358069472,84.72812009046424,104.43882382378133
294.50606447536035,115.19018144724694,85.03060154414734,104.70158476371711
293.646237663429,114.95889528413826,85.4132508640778,105.11827757318389
292.53192075449454,114.07075291480987,86.1550291750498,105.3681227643019
292.92962356338916,113.4335844592203,87.28859115236096,105.6545278875134
293.1040524262394,112.00978945218228,87.96417371520425,105.63016703679756
293.687952601052,111.88125810993348,88.38482522791415,104.9184072420471
296.5807498570397,111.57957470473659,87.9866399261439,104.30669569855904
298.0846423774603,109.84403739466505,87.73483537694085,104.54099420519199
300.70073602010075,108.30644491349476,87.2695801023105,104.97471803357567
301.9537069637798,107.74484600258756,87.19229383934217,105.16515287492895
304.44286942239864,106.22489895886947,87.17371909758046,104.82744533882996
307.87326799966894,105.31657040490288,88.1109103578043,104.88447677346909
312.77781782228953,105.72946801697563,90.14377448056848,104.73787814546921
316.0613724343718,105.57016256918929,91.10011038579854,104.43531428832964
317.8192736293072,106.90433452824922,91.65195545305056,104.85934731761273
322.2490209161209,107.139535456933,92.73167272482095,104.60853707782938
325.074426603107,108.13505925374787,93.31771018202568,105.07193222368637
330.54649228603347,109.2998674026741,93.20450761866284,106.92821613716814
334.11639022731885,110.35671227968244,92.62242810572106,108.63095623659078
338.1385922280489,110.75733581486946,92.25337190928421,108.70831888310899
342.4940090344991,110.90776574894836,91.87821639696966,108.88248112231392
348.38689650903723,112.31269546999407,91.64451492659211,110.13777289482212
351.75648720662855,114.25017235652633,90.72160817435382,109.83329326955422
356.9485764417794,114.54555366637499,90.87529152808786,110.12854487295569
361.4743400519114,113.36772128524214,91.06530903133458,110.46360669370829
365.87903894322926,112.7362813469995,92.20396746970707,109.57263720686653
369.74277028978713,115.63586870175084,92.97565409910113,108.800273143421
371.97325833619345,116.86729140069755,93.7693147708149,108.94475401467737
375.36169278074254,118.62528492146618,94.36927169119542,108.80512667429673
376.11273380177084,119.23020127570466,94.25300312379402,109.07619282293646
379.16144914450376,119.28056607853159,94.30797388562426,109.40801227667362
381.44517331872197,119.71965124629762,94.68062525337439,109.71608464076468
383.30903495055816,118.69021792018121,95.2590171401537,109.57540304852117
382.0493810950364,120.57491852980846,94.41374588887115,109.61938660061372
383.44052232244087,120.41392290318912,94.69941225226896,109.01586798380006
382.72838096291053,121.7010267017138,93.84126599145603,108.41801283998251
382.0624042098908,122.9403501670504,92.70221119671413,107.83606974861138
382.3056850775743,122.76188776474136,91.96172121723328,107.15369399227822
380.79271852086885,122.36492011857311,91.10748303166353,106.46738560175339
381.4875864772163,122.13959387411234,90.05890896608311,107.43023367783314
381.75451411138164,121.84344474361023,88.91446109406903,107.81656829743224
381.763978078922,121.573383112639,87.9015373732751,108.120931705058
382.73354703398934,121.64522541431924,87.26015911527813,107.74611441555935
384.35104864585554,121.76344585081532,87.08401929295874,107.36173174459547
386.8643052829682,123.23750277748302,87.3540624915118,107.11593560595125
388.8893062074702,122.2750541725945,88.13676947810944,107.82156067904006
392.09581674378467,122.10112425677654,88.3409678535702,109.10046598329788
392.5186614084677,124.21681445002204,89.22725360278683,110.70557002902734
396.88780723370274,123.96593438660513,90.2374503785253,111.59878711749295
400.9458829587928,126.57959733309075,92.01506056317184,111.72953493591697
405.4048409689111,128.32477288500024,94.68304771065982,112.20376675217243
405.53117363159816,131.0360703821748,95.9445228720029,114.07785363877424
409.9647906454857,132.0635427754326,97.19238493645197,116.08898465410799
411.38310721171024,136.81537772989512,98.19639449466146,116.81985091614246
413.91975580537184,137.60234734295986,98.92566574300723,117.59910997988419
415.63326991460883,138.95856536399978,99.39701422779558,118.69496418095314
415.573025236603,142.2601927105467,99.69505756534993,119.30351197046429
416.1400090247301,143.87637769227817,100.79794931068984,119.63232855904907
416.369671170882,145.40501487486108,102.01412874916005,119.8623490585378
416.6418516181738,146.24910326803786,102.90177385604889,120.4033316273478
413.76199529617963,146.04503998493414,104.34397970987607,120.80475656115242
410.3464014624051,149.67551669813218,105.97754317088214,120.43003646452928
407.2599851247818,150.31399617189453,108.08142614672693,119.9488101939875
404.4596778890026,151.8520804991106,110.63879387222215,118.74653611181334
399.71232498806825,151.26874469844222,113.47722917009301,117.6535605821839
391.7185794910265,152.55834286685854,117.43867531859536,116.96444553178165
388.05999237996264,150.43369022184228,119.50488489915205,116.1597790543886
377.07612798670624,149.30102381221948,119.89071022802327,115.91929732132705
374.75626975896944,149.71461755894347,119.8561546231026,116.87555017936526
362.42531790880844,147.5073746674518,116.6970439191277,117.16520857739988
361.01327270781115,144.6686877790844,114.49259323301803,116.65908683258934
352.99662788901134,143.4235919874302,109.8171445435913,116.699011577824
353.9065547318436,140.540787999884,106.67664469112535,117.61252108795053
351.3199240815953,137.97600849196442,103.04892065531827,119.59928549471985
348.9219422525159,134.47788100286294,100.15246526135292,120.25745052999072
346.5572565277053,131.93507349195042,98.50366955856937,119.45690374761654
344.5415953164388,128.90564678972075,97.10284924657483,117.74428326749337
343.4969949516197,127.76828731495138,95.48010634980922,117.32705761788047
343.6753434103695,125.90448963260887,94.14512864961004,117.23001199326191
344.5271950120705,124.04544662538602,92.91672259920415,116.70671540883066
