288.5,143.5,35,42
290.1511210897091,141.7167432627756,34.90296040008013,42.28786152170528
292.1059973830311,142.9992973001776,34.819758058721206,42.564735573137256
293.3704068563179,141.1755734728597,34.77497293516083,42.637449016805036
295.45591106545277,141.39745491158666,34.73097057081566,42.71914638257616
296.5769570832345,139.51126933079001,34.81995992563304,42.872853756327714
297.44297614672064,139.33448082416098,34.80600875659233,43.04304913761537
298.4437228146796,140.35662876630943,34.7607129209033,43.13820952544367
299.0363160618866,140.16435599100606,34.78082496946561,43.159836818337126
299.19122222305407,140.98453282250506,34.800804967858994,43.13762218388829
299.59705321019766,141.56087254944114,34.92993907082326,43.54701345736448
300.22760589098505,141.99002789826037,34.97502217341321,43.61330222843406
299.27218442129345,141.86209229471655,35.029930254474216,43.58589035089075
297.776796045567,141.19250532749749,35.02977263397894,43.47056372933673
297.6430225857892,140.88226569938038,35.08485455040174,43.67715795840076
297.6152565724679,141.3431213846636,35.10415207529499,43.61587760332584
298.4584397189833,141.95192361169555,34.98956181471203,43.47503952098889
298.89104938675365,141.82662572213604,34.91562388128234,43.38517741365048
298.46248808550405,141.89455165995741,34.64995137880108,43.43966030511092
298.11683056453734,144.64662804701987,34.81042912329501,43.76170277100674
297.1996322230665,143.90560005288035,34.790941705322666,43.65917750337306
297.5848144933956,145.8742946977274,34.82902750588914,43.735930726954045
297.3298272275318,146.23128774092794,34.546679878803225,43.676233230507336
295.81617962656924,147.0675836398802,34.593619102716225,43.80347258456512
294.99309709399324,147.65420637276742,34.63088552818934,43.47947058087644
293.06894325002764,148.40817695294982,34.62505555704767,44.151455815927896
293.37562086829587,148.0853342593521,34.54932813671138,43.88159353418943
293.3451745729888,148.42211620406007,34.49418695718157,44.10652990846445
292.8864475391612,149.98703289947204,34.52878721881795,43.95473888176097
292.9181388117852,149.04082984320976,34.215612559669864,43.91097680046838
291.0683456325667,149.91376365012155,34.268953200104455,43.893546371932274
291.4001924523741,150.2353766774575,34.37485059394836,43.54772600721516
292.06362056670685,149.15256756170203,34.47817086178861,43.283299349276064
292.8088492820161,149.25552844945523,34.49395224933873,42.8014120917731
292.6852013023146,149.8568152499392,34.54036261485054,43.31987540181595
293.2627218457782,147.6743998137348,34.491274863685476,43.03323895092149
293.4025152178017,147.64671553404838,34.487184632289924,42.99341065224587
293.9042782616984,147.59134610484722,34.463934711889266,43.021741127159515
294.77769908296983,147.6551620757615,34.32808204391751,43.10198184429898
294.9780675408434,147.41715281841869,34.2614792002357,42.98232566540011
294.9634258502209,148.0445193746018,34.421599425925066,42.99673947228442
295.51868639459826,146.51640056317646,34.37648322913813,42.69991351176106
295.7487401700484,147.92264569656834,34.47409824674981,42.61602374699144
295.5722562891627,146.82354485653366,34.53962555952178,42.539505235105274
295.7829269548122,146.98171771945633,34.517084184067684,42.51662014659093
294.8037167339116,145.9643787576165,34.663114417624556,42.592633414585194
294.6024068108395,147.36301816285084,34.75775614034225,42.598199128500056
293.4784158738161,148.40767798023884,34.76675724427801,42.9097996463882
291.8788374405468,148.4557394315026,34.722905974067295,43.19519889270826
291.6284919679139,148.81445962898462,34.6648964174144,42.96857711747231
291.6802538718004,151.4662963796742,34.806687341835314,43.29805610098698
290.69416522787066,149.62614617924004,34.82556403441126,43.628784558572164
291.26075696030466,150.8747605371699,34.762055180634874,43.60192899639898
290.3156916105351,150.06213188665066,34.78019639157229,43.753688787481096
290.5312719459972,151.3770378782058,34.77035633784702,43.625643009204786
290.67661993297986,152.3153705781486,34.75242376515172,43.75988764349893
290.7801482946854,153.18625765203612,34.745368788156775,43.80418038548677
290.2670920060728,153.47954139429876,34.782784432589246,43.79997716211182
289.63761996838855,155.15981907791306,34.87295628734617,44.060866973868826
289.9460529317042,154.40342611149433,34.90501536710447,43.94373194723362
290.612285247813,154.54910927607995,34.80183645189732,43.79320802600421
291.05868328385,155.42465940457313,34.74895195990913,43.837600418096194
291.4343432307074,154.58088808912754,34.83464233059101,43.65171708844659
291.04215864194856,154.81587491939945,34.84857742655429,44.02407048621809
291.49424344083354,153.5600554339696,34.7782183966401,43.90908391920543
292.94638665025917,152.89852191580366,34.58969149355115,43.98680166755059
293.7816293328814,153.31879687922046,34.56557165164514,44.31728428866772
294.0293517094957,153.89068323462536,34.61429435742748,44.688795877708394
295.1122081128584,154.08245079197093,34.49063358126548,44.84282706722413
296.32032968577613,153.50016751318418,34.40060713312292,45.182479884639505
297.1909871653,154.98081469996316,34.54412193367295,45.5521522221259
299.4985592807194,154.74648940737274,34.56460497257901,45.81895848760553
301.01428114992194,155.20537279254418,34.64853126934538,45.88121665107765
303.8056980162147,156.03535116774634,34.67039953260956,45.850435206039826
306.99949912214277,158.47361052143475,34.701164229780474,45.56570192957124
310.8559472522126,161.09257220205163,34.82385213330651,45.27988838202766
313.6996069148992,165.74794475675134,35.156444573985596,45.158434272994434
315.29588015651063,172.13496728774396,35.579860119266215,44.7249358189804
316.55424614524776,178.77477689282753,35.81905403557547,44.416258152392345
318.0378440341684,184.9186778797902,36.002169012510166,44.22199446276878
318.7424889779774,190.66247604379564,36.049291678679424,44.025149591972266
317.79297728724833,195.19690971191147,35.94047037362937,43.809433577151715
316.188522688592,198.9245543632381,35.8617804841806,43.84475773503928
313.4279898155386,203.02464524383646,35.77831923367495,44.18875684389863
310.3438445902741,203.0724909401402,35.951974102233656,44.34151845743953
306.50481449763873,205.4068648404435,35.711381753019545,45.65332237649847
300.91452851313767,202.60229621756855,35.9362871799684,46.50100027166242
296.95142229034235,200.42046105411316,36.003188044901094,47.25888761288591
293.02857173459387,192.7095445919179,36.064815803584374,47.33406373796001
288.1908455567773,183.44519609394388,35.81141607791873,47.28809184963076
284.6745686016125,173.65847641680602,35.70163218917591,48.04627889982931
281.93133735674496,161.70711171534384,35.65436941722282,48.19616635329076
281.75014187201924,150.9414859716559,35.79522999390822,48.19336022347914
281.668085268917,143.0113085780249,35.98212798082358,47.75485064611709
282.7289106512907,136.76530920785706,35.9559228490109,47.7347930357448
283.6661878273498,131.85573551473985,36.28177600192803,47.66898501579027
285.6730301739976,129.37298584058908,36.37515937046113,47.58299739509769
287.44828253947185,129.03086389362653,36.23647099807888,47.507455875280684
289.53914716017783,130.71275094739497,35.904108421553325,47.12401819543244
291.9980870123013,135.33866003160998,36.187498820760965,47.07373143721967
293.0787946143126,142.00067485044045,36.39377394152176,46.805412592100254
294.78235294722276,150.56879726881806,36.38190545036882,47.070557831028594
297.56350173092096,161.0390145677795,36.57870450543944,47.08163652351103
298.9322020373362,173.23442626421266,37.01036626863127,46.67953497817886
300.4592708994602,185.1601556578031,37.42311172690889,46.28698236470406
300.9241611100015,194.56836736452152,37.30899565681284,46.660921881565045
299.28655600310225,199.38843721928316,37.28101730821813,47.371844946699966
296.9107910118943,199.76913424822322,37.098649795364224,48.418893719859255
293.8650701972181,196.3490668383933,36.56635742737172,49.17643128381238
286.3019853899246,189.17194734200632,36.22676108889466,49.71548186868837
278.676743882492,180.51553465611767,36.163228715271124,50.29268483445982
272.2214662697208,171.1445741379437,36.67299944832088,50.6926945548898
264.31072627031955,163.936215569476,37.49356487345396,50.45770118157127
255.48946716267483,159.16185594372936,39.62001939855781,49.91299754335504
249.66728967292389,158.07520218969483,41.30812514099915,49.80621567306719
244.54576296764318,160.43733780317226,42.85794220054738,49.440889815832804
242.1642296465202,160.8469653740125,44.310026853886505,49.234514844497596
238.34001644109696,162.91869508098057,43.96650418331204,50.34250406184809
236.80735304474473,167.38991521657968,43.089662024982,51.46287468847705
236.79508332550026,173.86970902773254,41.7223900926213,52.27768014783634
239.34662787137867,176.50566497987984,40.71568457248925,52.625799123516146
242.60454051756034,177.8662465225594,40.07165588809707,53.04363836130763
247.1958897699339,175.28140267420085,39.403118493274306,53.44541700803694
251.1163121878673,168.89960347270213,39.61733595141385,52.79211572994306
261.0692533366827,159.30889226269935,39.04111216208378,51.655441989059945
270.73463247092906,150.27539007411934,39.08455280716528,50.71558181849046
279.61511879916293,144.74479382062103,39.58398855218686,49.59739676963993
287.082656635816,142.1491442828756,40.56647059525031,49.52142575693502
293.14620750900946,140.24782058102542,41.44689429289419,49.26031097267757
299.4322040252954,139.8949399998675,42.15238233942391,48.738432817480955
305.35181898207037,141.58138054895852,42.0682135754711,48.29287458383134
311.6012063468995,144.3932992960931,42.07413187712382,48.216007933831
317.97332997979584,149.73823775888363,41.96377190228581,48.80124792872113
320.91595343550097,158.20627312852878,42.00145284732086,49.41234973581755
324.6722168957669,168.98206059535195,41.97732781659004,49.70685748954913
325.9384238479017,178.87908081692586,41.73836450626878,50.01269535755854
325.96738097176484,185.75867756782625,41.63295425264974,50.12696262541105
324.6465066934694,190.57464348391926,41.25423075952749,50.52073326972649
323.0955180689608,192.24886420876794,40.877838295715044,50.838310544470716
319.3863111716413,190.1061552411433,40.23747046651379,51.840810980177686
315.35631883361117,185.11008540821302,39.824475596980704,52.23264413511299
310.7355508452524,177.8777986014835,39.57285418691843,52.45350150864283
305.5639541299425,170.08460084859848,39.26033072148118,52.55228047541138
301.3551337939364,161.1951266451936,39.087664157775585,52.93634858742136
296.5268108053618,150.88143990520848,39.04869055179496,53.019500189339844
291.71131503405735,143.23866076025814,39.11611207182078,52.54181861870586
287.33973907021056,139.53032235515923,39.31649933581805,52.05030803952989
283.869581036469,138.3993434742025,39.04271551926793,51.96315567494797
280.2259868572655,139.03521520840007,38.90387228816693,51.392558391950956
277.13587714796,142.16574596436655,38.58807854225765,50.79405495878385
273.94166112682547,147.37175754660757,38.64552408474039,50.14566838335211
272.15135687541334,154.0968880690787,38.63089342511957,49.88657516983078
271.8924900968575,161.1283516824156,38.39103609230052,49.381219354289755
270.9812979105337,167.19354118336526,38.058482243970246,48.66400925955601
268.8755576322506,170.5885612625446,37.49204827645818,48.5108199350901
267.57512543220884,170.4384982361174,36.91636467239128,48.24658232951632
265.6294987187088,168.98288044200456,36.46872087115041,47.93563492862153
266.1851756774841,167.46061650943295,36.41633204053677,47.68035452998609
263.49061023048523,163.5962076658143,35.9526310940194,47.26990048107834
260.6697605808772,160.02594300244135,35.584666811387194,47.232349725884546
258.6309670060633,156.22576279071927,35.29658661787545,47.29008710626838
255.7918760298815,153.71212294527092,35.34585898237887,46.95153685255449
257.95973234142724,151.58551520973487,35.21972725757236,46.884584305285564
259.6657661302754,152.7914744744311,35.26087527893602,47.10408924925122
262.7916613135693,154.63022022638413,34.97249528985069,46.98347774259862
264.4590070331363,158.35512566674726,35.03290301377215,46.541206134180726
265.04449249561077,163.65809516134004,35.145330955476695,45.9834553545288
264.9176309063777,169.2977799441382,35.00617607837019,45.55512949010435
266.15137230945146,176.539941436225,34.92560156499312,45.5498371150616
267.126371959951,184.19747172974274,34.76443302113527,45.81491473450807
268.2158546890105,188.08191952578855,34.666383014066064,45.77127558544015
268.75776051869667,191.44771815593248,34.233410683459496,46.40555404613008
269.1919891327102,188.50155290560406,33.89909088323925,46.680468641788146
267.1418735066011,182.24586475960214,33.69815035582498,46.591848367019495
267.55496010682,174.58001668144757,33.78199184435582,46.208780881971215
268.5418259029878,167.4949264198473,34.14388566210019,46.1699217170614
269.971939329234,162.67856547903267,34.49526960367517,46.1375826016814
273.2187285758689,161.14437504542494,34.58837390688355,46.566205358850475
277.16912294856303,159.6426614689716,34.69636373357788,46.88884184899167
282.418629793655,157.96322074570043,34.99457122717081,46.36325187906062
291.0650909631773,159.5702563156804,34.48664110614375,45.953321068461584
299.2244800930127,162.00344478825275,34.22994132242512,45.77209331612696
305.59847019202965,166.51639299457068,34.857579105348286,45.693046726489186
309.6383535232255,169.1795775655721,35.39700933474122,44.948811354475374
313.1793277869982,171.37084966229412,35.953692151037366,44.74178996529153
314.07347300568046,171.59458149649788,36.287463443104045,45.6378781710448
313.4368653548949,170.59011935624918,36.45382728612563,46.83434816830476
309.76471665200035,168.8321426418202,36.627401730488934,47.796061847254244
305.1053929144634,170.49670971531617,36.51273678948618,47.96070426009203
301.96638191868584,174.62805907233036,36.39731805762215,48.00019728037761
299.30774346529205,180.1024278961333,36.299812917138006,47.783355079549075
296.77464561588874,186.9835135622614,37.23589882895727,46.89904095554484
294.1960939809239,195.1734526394673,37.97957999119051,47.407893803940624
290.65572773515106,200.85621116817384,38.44693109693289,47.36409210144697
284.08525426568855,205.69586193390842,38.80492572720312,47.857426602082356
275.75584058899824,207.58997948339007,39.29231486342068,49.09905152280288
270.0015534243755,205.3020819527431,40.39196890458018,50.28265135933489
265.5222264252474,198.7382420993176,40.584960709538,51.54805689626399
263.92065791043626,186.81606648749548,40.16983401769421,52.05043767618265
265.34491898236524,178.961678265219,39.9174501127432,52.50578756891676
269.40664305391766,171.16069695245818,39.53142348224206,52.80792261875477
274.36553617842395,168.1024087286429,39.332779193373554,52.69952491095931
284.0834189221363,167.19478012716854,38.87574486134438,51.61571876513788
292.70863057940005,168.48733525155976,38.83098141314986,50.47578821720692
299.9790932168885,173.40065567885162,40.01496401323401,48.92010149470324
306.6780664122414,181.718150687779,41.181321974334935,48.33170800394812
310.13924025092325,191.3857518394356,42.04185508005224,48.461996041821386
312.4976774327743,197.02520153007464,42.40938661539795,48.991803897786994
312.79213508478335,201.54433340698822,41.8824602499796,49.951789197914934
309.13811116720075,203.02688537733064,41.48523398007285,50.664685945782935
305.6912370058859,201.46132043957118,41.033643958128565,51.936356301915566
298.7695423498011,196.4651838751393,40.77490619510281,52.939760717400404
289.7927475691905,189.14488263077317,39.96534649484943,52.788204125627324
280.6295215733506,184.70643971373613,39.6593140504941,53.495172853072994
272.23065027390464,182.1566272875694,39.315638192354754,53.372837160820254
265.9763996459519,180.32606851190513,39.503406377886705,52.888512226339486
262.9791433860894,182.9064631776673,39.236647897703236,52.0356166478669
261.0681608096699,186.01368845221333,38.955776441655544,51.45573860472576
260.82356510237145,188.26475639077012,39.09842797144677,50.98159259196153
262.96872224942297,187.8840355546982,38.63893519147337,50.61489548351155
265.739630649507,185.70992890010785,37.915201200753586,49.34813286343196
269.1649292150209,181.34647487335897,38.58580138875655,48.255869011412116
275.50405145426146,175.445417028179,39.38737811541458,47.56849991478474
280.64083350133967,172.48477048111337,39.34442200770833,47.36412591373169
283.2788306696581,173.83138161085745,38.98033820497659,47.2269243909379
284.0936629912499,176.01572405899154,38.280180221300576,46.65367230068473
284.0847324959491,177.53458176928103,37.622576879798544,46.2845843806398
284.9200187312608,180.27902231787897,37.1132662061263,46.00289379705473
285.91027940857526,183.09648949791287,36.82136148491266,45.606586870763785
285.1044787932731,184.1774213518262,36.6690046190129,45.16168728857038
283.62171472607383,181.41202257084285,36.50657254833324,45.151790136944534
279.6343628812208,178.9084522310082,36.02747603662331,45.70303777691049
275.36420913118945,170.14112968479168,35.76453703857802,46.65461402168727
270.03424540753895,162.09644775580125,35.4978220679713,46.58611044802748
264.20781321946254,155.71209942471077,35.025028408845856,46.31526109733004
259.38624525083907,151.72259791358775,34.691117379540025,45.394110959480905
256.0854596726225,150.6370755005193,34.045115637108495,44.27253202730174
253.3330141642137,152.34737496974634,33.53935458864896,43.63853653962279
250.10576557786456,155.1770231147968,33.30675278139729,43.48964912784829
247.45706019116994,157.69550381968145,32.97125091898327,43.44799134890789
245.3041543811938,161.44248415457403,32.69551337130251,43.422416375533814
241.82644863671908,168.08068422156413,32.873083769095956,43.76425278330169
241.50079379167414,173.3430941272746,33.029349853619834,43.513346355364604
241.88942700385007,174.44355052155706,33.221841641834295,42.712391700497214
242.9600945498819,173.38954955047205,33.479465948040314,42.4755280821356
246.80586709056792,169.7219599739229,33.17100421017416,42.23897471417676
250.55395844891808,164.26464250855548,32.73494255289151,42.44594896986281
255.1137848240262,159.2122217385663,32.31994163525588,43.108431539199074
260.29692911705484,154.41781926736041,32.133059215275246,43.16543716520458
267.6201342317816,150.9875251489819,31.83398575492575,43.18193017185908
272.3132124697729,148.8090833320929,31.643967660901183,42.72165033822982
279.6476327519734,147.68305581849438,31.10271632226921,41.8176081917361
283.76155594774184,148.28059384065813,31.15028439759027,40.89782981896511
286.5390483860019,148.7631078504739,31.536072054486763,40.492497341192255
287.09013217892783,150.68966507450347,31.547076165297902,40.306289965200314
285.8129656384207,153.81024712587637,31.507367183552766,40.15164844164765
282.1518903227037,154.57327816699714,30.99854657398938,39.89037176837977
276.76185687200956,152.54185265570652,30.558296588475805,40.208533803229116
270.45486657117544,146.98685683748533,30.109599806721256,40.637956744603116
264.65984696120006,140.6555166101623,30.03795689776575,40.776704742278966
261.0980410543364,133.65211241363068,30.209326337072845,40.59388739529095
253.12498324778943,129.3101150006261,30.352606485689332,40.112891796190254
244.07251806440684,127.20456543896452,30.672886049842162,40.09370908967939
231.12511309369995,129.2927460627692,31.117628471114376,39.616710596891835
214.22898794466388,137.26552970959526,31.740426101950163,39.24130798372065
195.03706248603046,147.9268603179437,32.6734026906037,38.52326865423082
181.39438766670722,159.01158313018942,32.46251362075411,38.55588563655088
169.6906061353108,175.87977551169288,31.76542046406454,38.02235503003811
164.75721910833585,189.67580370010435,31.494211195870918,38.00843128260972
166.23560333863253,194.8221986647097,31.59819369658122,37.738292072087994
167.85326781938042,202.65589200551688,31.550435545403424,37.57431382248045
168.96797772624217,206.63344344480933,31.706624166357084,37.70093034239411
169.71481204905993,204.21255979760886,31.8213044863664,38.17080899925231
171.50740667383582,197.47295658986056,31.949514647062422,38.385328830276244
172.9901877856391,191.80347047564672,32.15995778692019,38.98680659001498
175.96717654245737,185.4335716086502,32.12682339767329,39.92190347256758
181.5663623312639,179.73227960116338,32.261532111808314,40.11706713842013
185.80065875140164,177.3539722505536,32.836214150988376,40.17236071460918
191.44528137488624,179.66926499943818,33.52318617391665,41.039342870495986
195.07141760819766,181.89816617391247,34.35639058259898,41.57655137436115
199.8624675060036,186.52910492705934,35.259334312682874,42.43054339016214
201.3479518581929,191.24406463895315,35.942186599820396,42.698441768803704
202.0816046046234,198.77505193890033,36.13139193688494,43.75184459505679
204.61555188073356,201.94999599967144,36.39965422975743,43.89025536648943
210.13642211675636,207.49819037142282,36.55143716469419,43.92278908545008
211.82491302192886,213.24471862008613,36.78801650776107,44.27561786491785
206.93909762217854,217.8390783127054,36.61989186750343,43.764004383304865
202.2744642527151,222.12083234225136,36.27662271012908,44.42026770940576
199.41305155246138,220.19309036761058,36.055114080485126,44.94499404073687
200.8891716870235,214.78504324791606,35.946509370442925,44.889154343053185
202.35369464580526,208.1390672229129,35.92364764935157,44.88971502037885
202.0496824282934,205.27920452614785,35.84806528095808,44.54000863214013
203.08913873546732,204.8749770648313,35.7338027015147,44.41652597943296
205.11608743048117,206.92020585227584,35.76185836019309,44.47827673279094
206.03101175179364,209.50549863496366,35.65376403008338,44.44430453640338
203.8501766786575,213.1310389764308,35.82352533999093,44.85379542863387
203.9751760930397,218.00678149051907,35.901138821874476,44.77724192664139
204.4148757347637,221.77978456625306,35.74146508764747,45.093155655086775
202.25564349146458,221.19003308223262,35.519560063595094,45.52344862308952
202.15244506316094,217.72578444592136,35.48715474050822,45.529748076955926
201.3527596564341,210.88677814591063,35.28049003531564,45.713651523229856
202.24667114582238,203.38950066794382,35.218627072789715,46.026135747046716
203.00489628181202,196.6802033046404,35.33423363312398,46.30428857912234
203.1256376231485,193.0877599708229,35.212259716088916,45.83905784944897
200.78022661024565,190.8448232298149,34.98580249842538,45.363075919935454
200.45706577653758,191.56223142217732,34.604077915498166,45.036308927910795
200.50146305465432,192.93817579504633,34.23662979719574,44.57196490949819
200.26326948492292,195.58385757409746,34.39032513844842,44.25881037010319
199.80229301456964,199.91586945014782,34.57758514797973,44.408589337118705
198.2654151540006,204.4518781706349,34.77945103948217,44.681968891688996
198.82619665693392,208.1444735814659,34.67897329591412,44.418996678883246
198.54858572459403,206.55809793766616,34.55678044530386,44.445656505301045
199.79668132650403,203.7410684929433,34.866646456220806,44.58621611572454
201.09271356984019,197.99188465875244,34.98637205438733,45.200221563342076
201.63498311879107,194.28177222138692,34.91960086267452,45.45769524025823
202.21870671025204,192.32274722642003,34.98358385267281,45.602638893598325
202.71850617753282,192.59487385421136,34.929212243073906,45.749287930744096
201.566161561198,194.77822207027543,34.90883324034619,45.55788637471457
200.94894361265466,197.67420867847065,34.88511867909699,45.936079650786304
201.70285906437573,201.6916845250751,34.81101945080289,45.65385498928523
202.86254081306072,205.961167870008,34.63575900366479,45.513301957561474
202.07526927276072,212.88794360558046,34.42184087592128,45.29438545803518
199.17225028405772,218.72917011562296,34.220375820642985,44.20867316060646
198.54124046930454,222.8788379871719,33.57706824925974,43.37213458242559
199.0746561677962,222.11163666063305,33.33840572129498,43.21217101884375
201.3975869747325,217.1489683616772,32.762481336578915,43.32440394091313
201.49848011857983,211.15687076393257,32.2148668137348,43.617640159656766
198.26208487390338,203.4271328695616,31.969160026781587,43.10731881399934
197.44389424787298,196.42501673422984,31.63940935325951,42.541442670966525
193.98165036496394,190.40811517058398,31.490323529752647,42.4128379231972
186.5759277043616,186.52013185488715,31.426774573003215,41.408150601038614
181.52096409142064,185.80317437642046,31.724435449092656,41.058616027370526
181.1839859846309,185.28260299402805,31.5554210530072,41.07129256748492
181.66059563702618,186.83207957157407,31.68044786485487,40.91910531205107
177.09007830499976,189.28258999886268,31.417662491065883,40.673705032425055
171.67311280427248,196.961121142837,31.167244813931585,40.844067556793355
170.35153114596238,204.38765724074136,31.024610057736794,41.22652716793039
171.23749745821038,209.00441037273117,31.31364130233569,40.797360312825276
171.60430791868322,213.8342635743194,31.444253279148477,40.51874216648476
172.33093892402525,214.48717350707693,31.62971213848246,40.731543745671814
174.03740736194382,212.0213792813134,31.949850404552024,41.28317356759077
176.58292680381226,207.8612987780232,31.916645192384976,41.780139593549805
176.86370025269363,207.3585552932764,31.96253840864354,42.528133871764965
178.98000096792737,206.19828417285586,32.14413346941751,42.875255135013546
183.17853946544085,206.16844549680823,32.14725445717861,42.79233436475049
189.55154177586783,208.78235816177403,32.56834502065086,43.215273976988094
193.2485015789007,214.0814754947505,32.709622195743584,43.393809902771025
200.04521702135887,217.57989199658581,32.92039911264607,43.10775370497805
209.5251985266141,221.88979831404012,33.06921600936214,42.575978560914166
222.04766142415852,226.0088370082839,33.085067878457906,42.28486400583112
231.49764843687922,228.4320128203127,32.891837093372914,41.72003227160508
241.6030375709114,227.12172953244516,32.680156649405276,42.39311566538676
253.59036672789367,217.39152536488933,32.300594923575474,42.81444624170934
259.97865531528225,206.11276024274386,32.559751925434,43.57892381266041
267.30411765103685,197.25695625786034,32.59111733113429,43.881664900103246
276.8058555531169,190.97964261076777,32.90101890734538,44.33937599555796
285.11574312736417,186.06640117713425,33.15660234039377,44.080249426789834
293.5639318679826,184.53841289769076,33.42797426406417,43.81554465213489
296.71417659358576,187.15626994662597,33.26637507927626,43.52802315070006
297.8651668423458,192.05457132922515,33.01360656066858,43.780329572818545
295.09996294350515,198.244478354808,33.79426231367212,43.664277995712965
291.2979058691605,207.253910399324,34.19783210506162,44.046760113345925
286.9263154177254,216.5644493995149,34.374621063046575,43.52569966057162
278.8286215400452,224.28691046401707,34.18787342717154,43.489508992138546
269.6408732584472,227.45382819789947,34.16029191114397,42.926240941518515
255.42677572651098,229.64965436324312,33.99834377128107,41.97604159087276
240.46878549614223,230.43289192694934,34.22824711409861,41.62938052557881
221.07077982963918,232.01471504049962,34.56788332503441,41.002372558365934
208.0423947380074,235.80944210476193,34.53316180907922,40.74380002545289
198.42665982926994,238.79518657512176,34.50321423763812,40.69662606047179
193.19519837428265,241.51953699684464,34.72784445352087,41.40600913273649
187.3380334177924,242.7945207654393,34.54765551426753,41.63791696748013
177.14083646335936,242.72513892682088,34.317934432899236,40.70793825026968
165.28547820454426,240.68402075646293,34.657400797941555,40.61759387199143
157.72581898595098,231.84165935725784,34.36629690999381,40.731014256461144
157.10970238840125,220.37033960739922,34.37431006763296,41.60188022712564
161.41157738672734,206.1074263557861,34.33870677660818,42.24300214050818
168.88739928433463,196.14957300314865,34.607893898752025,42.23462704341489
178.96996900290213,193.52975452232127,35.75343866571856,41.850284436588204
188.02564346698043,197.03971696693972,35.833730591443846,42.602178185199215
198.06202268759165,201.6369455649148,36.15148652400071,42.791764682791516
210.9720579675845,208.21656826016726,36.2110489138441,43.013947057179195
224.08370928861478,219.5951043573491,35.94962409465947,42.97621995558896
234.5038773911282,230.76278384101877,36.09602800193731,42.53540368234138
250.0830981694089,242.68334862892084,35.81667580084467,42.195408978973774
264.59561415542146,250.62670166981462,35.8501326746448,42.01720757400508
275.4702155278855,253.65368299627428,35.949379636747956,42.018433576939024
288.5096598130526,252.76635873526217,35.618516960578745,42.00081143856283
302.448846858762,249.2419392607439,35.727468537494964,42.14807100756397
317.0543446304623,242.8748656570475,35.806216417556215,42.09206375786451
330.6673177579657,237.94505249591148,35.77868591877509,42.142114999264955
345.81298156549155,233.25378710183037,35.535061093029924,41.62962148780561
357.44695891858794,230.85768736738763,35.50794729870249,41.19902308605508
368.70168479846717,230.89383647548277,35.24398084473015,40.3054250189241
374.1559646025892,231.50453760047284,34.945819529027524,40.198820241897735
374.7255531990288,233.11827570678517,34.27139647056495,40.54314712222963
370.78178688718174,234.49274744219173,33.62233947176149,40.13090456770681
360.9208100611766,235.24302499645498,33.648911959221024,39.282438101300656
346.66046588278095,241.48763670972352,33.82655031296051,38.37792479591837
328.93523001861683,249.47768178083686,33.911959327665734,37.997680539922136
309.4765754103256,255.9278120767065,34.63272008233409,37.599607677064725
288.5890837422985,259.21018095564006,33.99694063152307,37.42984891928918
270.6682061478541,257.08326601094853,34.06473570688651,37.30373734520172
254.46205500828614,253.0347243388916,33.961805899840805,38.40351577293376
240.1870033941062,246.52471476754255,34.539487482082485,39.04604677934038
223.49058015270907,239.5544690698846,34.80110074954475,39.64020276358451
210.56168906677047,235.56423449221305,35.26221925565045,40.105154207288194
200.93957629660426,229.16466164989765,35.270044191734826,40.721286929577666
197.4233827858367,224.71677532372547,35.124271022687665,40.94983660523749
196.85077262744804,219.32521940675764,34.413050437708726,41.52701963668292
198.53333466477872,218.8912379227601,34.2372900810802,41.94151386469155
201.78808596071792,218.74038847785906,33.95396279742934,42.203043623482884
209.15863702647746,218.49102986665258,33.88682325898884,42.33919073891266
213.97848352153176,220.05072445654892,33.45099150545254,42.086445703178164
222.75708490776253,219.9323174114671,32.99906102608182,41.169470749915305
235.24550410101247,217.23963067428653,32.39693272258974,40.23670848590365
249.64884700174568,212.91648525075772,32.186886554302035,39.20102587562487
259.7122873684859,207.12725691633636,32.28301683766736,38.52868050436748
268.3987957801189,201.3115209684077,32.42493264684751,38.21471115419206
275.76310719169476,196.68922132172827,32.874796647731536,37.82369891343225
285.2531141414466,191.49281295816047,33.674178805356746,37.16592131073388
292.34964488119766,189.963007712935,34.17150028331307,37.48208139797132
298.82246482134366,192.39365824419139,34.53292636676623,38.38626228431107
306.2175502717955,194.79865569274176,34.90620284592846,39.37040581875941
313.2907618926508,201.44846891967737,35.408920915863405,40.875291388814006
320.2161608295429,209.29274968629085,35.94189017006992,41.83381504540637
326.66667916832546,218.51992801991318,36.339764587170286,41.85947317918708
333.43786488800356,228.89902048030405,36.582300488817495,41.79811519321981
339.7941347249121,235.16733025834333,36.62685329089152,41.99427609368419
343.3821968924938,238.51720567869714,36.47905451343683,42.33537160078545
346.50409166568386,237.26177561351733,36.49678535279901,43.546398910252734
350.841581006781,231.12380253066203,36.80160308021162,44.72933894193014
353.43399154191644,223.90836072745387,37.02895766530573,45.94727661023611
352.1763486967352,216.35182622074174,37.26575519648855,46.569882366824395
349.55268514058963,211.8100675351529,37.628203673373186,46.80943897597816
347.8739385930302,209.30929197107636,37.846904968946724,47.529831656865596
341.6017306260971,207.44271457549533,38.141515452373525,48.30664637348849
334.47759642316544,206.85416753315207,38.49660205739449,48.682287523433025
326.7420796938838,210.19299715798428,38.590020540982216,48.72752866439364
316.05834828837857,216.15967688836906,38.88925367669968,48.45797897993019
304.45330358413094,226.40441265221892,39.27125623216763,48.48913733504301
293.70231116110534,237.03411485321956,39.45778087314073,48.53473705291474
282.76579225984364,242.5276717675713,39.26234867444336,48.093739099455455
269.0247346150745,242.43241794613823,39.70571808385463,49.05622172315268
257.64207819745155,238.46272928875777,39.7170979662197,49.826838738231004
245.11776188151768,229.84594370300005,40.17284081232089,50.43461263801793
233.80655350395233,222.17055116119198,40.66075515656292,51.3901645673372
224.0585387619926,217.6767584599004,41.406691180399356,52.243008186778226
213.31970481457452,212.16533223336586,42.745315267252145,53.43249329213005
203.4041871680985,208.70550713160088,44.027720799461974,53.89147922335164
195.91907046599235,206.26205081477696,44.816905810424764,54.02983047470579
189.59214983374443,205.77663184129793,45.93944557650754,53.89461363879645
183.84110986719838,207.0044006122776,46.23812012935056,54.16257396442133
181.37682187331617,206.77024727462629,45.63505558748244,54.370089218787356
185.09710945981465,203.2041747820415,44.992414946650996,54.462888462685
189.90423276109794,197.1899902448867,44.391613244597146,54.99392401038321
195.43019777996975,187.75036908708034,43.68428102332082,55.38192677826643
207.4760430316632,175.84581134169306,43.11426562979717,54.94303544836231
221.04528967166772,169.35891042987376,43.02405306573055,54.21739631588519
234.74901280220388,167.08649151143226,43.61344823532224,53.322000445340194
249.0746387406317,168.05601530756383,44.64762116315408,51.87625686728305
261.8128780815662,175.32727444609762,45.78754415364839,51.15388705823299
271.9594342569435,180.22626948633615,45.73241741385577,50.84039977011437
280.358552221186,185.71441010388006,45.30453899879847,50.911620099052435
285.97270069986024,194.0397817828364,44.445649695258616,51.11974629375201
288.89069379528524,199.85647677097344,43.84444810752744,51.01149231143546
291.46898722894144,204.02791885870357,42.75078467161149,52.008594937122645
290.82898440766905,201.72256750570727,41.93260239072493,53.40111031096194
287.1034534145739,197.31113122068135,41.402567155540765,54.340674470369265
283.85627094951553,188.62994457978874,40.984871824884706,54.788800239337114
281.22012619597507,176.67558382674687,41.050821972682186,54.978256761289956
281.32085399132046,167.8655145880958,41.857815101969734,54.559941182805964
277.6679034101996,164.70632923346872,43.75623888536634,54.144521971253276
270.2773220337885,164.59560380812155,44.825851879277366,53.6097675015893
266.6594194328206,168.59648315978092,45.10115397986429,52.94546025624789
265.330687211768,173.18085353285878,44.62189728778372,52.26307719899598
266.116630567771,179.13073766887283,43.96254958105722,51.8005027975123
270.0792614282179,184.35823242582836,43.11470523382073,51.12439531027363
275.5858186946224,193.27170886441627,41.82379300203709,50.94521045372765
278.8985134359484,204.21899484519696,40.864972275488554,50.28977041965649
279.5101072757186,212.5690151907892,40.25803767393194,50.11053508735874
280.7744904558834,214.48056296734794,39.81961884206005,48.97967810350095
281.5135656293894,213.8043537877723,38.95958552948336,49.22558916132163
284.0343446995108,206.3372070842012,38.22504948396702,49.5869169465156
288.09346745857863,192.3615902518988,37.76864392783709,49.6884077217161
291.8521774582286,178.6797881352838,37.43724430283517,49.16569184081038
292.1424128766714,168.6545440264689,37.35405239470628,47.85489961715601
291.3802133176597,159.50863224329615,37.144658492481355,47.00735321890189
289.0976398627348,151.74235072717977,37.013010415606175,46.40770456595396
289.42562634007874,142.2673023881794,36.95910075914374,46.24128322332483
289.5629662955013,137.9765017894001,36.602968679774335,46.03637299967982
285.2567681909681,138.00091897429277,36.443763211899906,45.65509706151984
278.84861259433063,137.99987381856232,36.48348882625639,44.694359034834534
271.13381788430695,138.49773938237865,36.556496558376494,44.45132734195906
265.4984990213384,139.89754614903046,36.81316390925256,44.029489000916215
257.6043759657347,143.5885715747288,36.87261687623385,44.264769654341336
253.21897080202947,147.75695600661072,36.96308548306323,44.29492507646614
248.9331189152241,151.08953691477808,36.99130361519454,44.337391510253504
243.66790673838278,155.21283871575852,36.853559900945015,43.99457742855627
237.16121399281906,162.487778962928,36.69268334525849,43.92503312348737
229.9726573422236,169.57426754008344,36.698649490687686,43.918239440856155
223.84446004615052,178.8458649536904,36.72037916584165,44.086144238276006
218.4843984789013,187.73203911445847,36.76082910545482,44.23432623595373
216.00265141596816,196.31121018573316,36.97853847179964,45.605757805562604
213.62982814597544,200.05245625536023,37.85220243732219,46.30057660991197
212.52947737897088,201.73560317381646,38.58015879120131,47.28576754854271
214.60288421148368,198.09168167783506,38.7536466589211,48.27764629947767
217.60133995372718,187.4399660796215,40.37361177660692,48.1333903468569
225.42418664267404,176.44848179038547,41.89711548123272,48.56075017593932
237.13336894877702,160.71359128580895,40.21945445179043,48.75087572854945
238.4155930327678,148.14058018450402,39.153089160014346,48.137483258307725
236.54907951682532,137.80674150249135,38.4366113396044,47.232191185687554
235.28876506628328,128.806951358655,37.9298824239923,46.86159706540124
237.5418602726511,123.89781651013188,37.445900225062815,46.09939667730347
237.9002145352744,121.76046469464977,36.86710637231014,45.69267330631456
235.7423952551025,125.05992424578795,36.43156046915291,45.31622496438364
232.96477383969642,130.79408943852317,36.144988781990264,44.78453722570276
228.58441946999469,138.32902619998055,35.91280144137662,44.32334156686274
228.0463469224249,148.15883093698136,35.64332590434459,43.171103995326945
230.52468686147134,158.78781872095342,35.14637760507863,42.180918268081044
232.08119952517006,170.85595778153407,34.944972417756844,41.38300760907792
234.66813752438975,182.71017891029874,34.5707385053465,41.52329925352614
237.28898389331073,189.07142680323233,34.28513335676847,41.285124108222945
238.18554982197517,191.46244423283272,33.9267716067089,40.7898796199633
235.4233326696126,192.1613360895127,33.494234266078806,40.58452056156398
229.5357687562992,190.47535642783302,33.11928331920708,41.457328893483535
222.04029466046075,183.603295789933,32.65473186183611,41.97397309561413
218.5389679529698,176.3350655212379,32.38752453234169,42.8272747584926
214.33771043982733,171.57921797164028,32.053040046907874,42.62632814168446
206.92507135579734,171.45786737674905,31.958945656374112,42.20808111455177
202.11243465095805,172.18089797153831,32.329031077771454,41.81673758492347
200.56233423158596,175.4153427676778,32.91307595833994,41.9883466307976
199.55612593335852,178.58912601082153,33.016212850700924,42.40572279053675
198.43063381753336,183.38433452723115,32.850386569808514,42.77311711330833
197.29192575529729,186.99891588593226,32.69378742023283,43.97272636856235
196.8989109252603,190.70301371620653,32.642318773078685,44.423508025823864
198.238291287433,198.35843857300773,32.04854664278848,44.17008285750953
199.27898556373916,198.08093996506864,32.33883048206762,43.96361172250046
199.76034340010688,191.18658647880673,32.217417144594464,44.94515164180159
201.86287124291232,184.28603979007914,32.17727082177658,45.71627961856095
204.56090813957752,173.8146755224504,32.54491420297623,46.06196225538102
208.45998189692853,166.39222539925916,33.27946722690942,45.12101293053539
212.9995968660744,163.3562258346599,33.29646588816601,44.09559804301026
216.9322403886677,164.77898517592385,32.79766110082244,43.442659345147305
219.47872674346297,165.09108758897548,32.50778039410055,42.80225818058421
225.26867925603182,168.9003477123303,32.47458347595753,42.685477912664844
226.8182797201247,174.34986845701098,32.52206719437819,42.60957847500025
227.6642137980098,180.675079965636,32.72105077467671,42.59596671415892
229.31234424870738,187.73489030081197,32.60724112145048,42.64242461131184
230.8803384501361,194.70445155112046,32.66623024048941,42.65629168894194
227.99099374102923,203.25110074234198,32.408577514690734,43.2849972432665
224.74208705160154,209.02502850629315,32.219695317831956,42.74120722897501
220.97999974390765,213.6452857549396,31.925494345756377,42.06500566655759
217.83831017202007,214.2159826281578,31.51410363021757,42.58950344825073
214.45287825602625,210.60741426386522,31.395020047806998,43.5256777096423
212.97532342857457,202.7889302749397,31.590594866894943,43.70179592553044
212.87327354667246,189.81011957526528,31.606517134504323,43.88192289433735
213.10928835678823,179.38587245044846,32.15474188782318,43.86767376628542
213.01746270486746,168.80551992091836,32.922250727980675,44.02217040554582
211.86494995411527,158.5338522527242,33.172204160316944,44.15930151830132
207.9810385347997,154.7007027971215,33.37020993275545,44.135451122255766
203.98304498826403,149.57073289631805,33.796693241647105,44.405850823764986
200.9341200171237,147.87145747412305,34.35639335024862,45.055870565020825
198.7297308713135,147.89884165678325,34.78913700060307,45.83165459885888
198.74083531239802,150.54270868462572,35.455518883433456,46.63454869029921
198.20173193206318,154.82107598183097,36.18875586485013,47.4284868177515
197.54796753295562,160.3768854982407,36.70066684423286,47.63646026082313
200.0456477577843,167.9297532112493,36.859340055464116,48.1458590740027
203.62317806624142,175.7409369164019,36.54769088416757,49.36197547412236
207.3685179217748,182.47203367950976,36.435411498875936,50.55185580807503
210.65313621880085,191.68484766130484,36.69283124637661,50.97626446557866
213.28012669041735,196.408272690046,37.43067588374055,50.3149177955475
215.56206555929856,197.51543779872085,37.34820721885413,50.12352821387894
219.7710133178902,190.36900514940848,37.16795971192468,50.51352619530401
223.15141318420905,178.0947532756953,37.67416923755731,50.22779570505948
227.60181154310595,163.51544344377814,38.39987360313749,49.01374614892307
231.29617713468255,151.95681988693707,39.24130980890031,48.33931006558375
238.94634215639206,141.5419220045587,39.892471121377305,48.11549979701529
246.7309718519999,132.14666986647447,40.631313384214366,47.87369358734391
251.49502604649496,123.24342272698206,41.28223636729457,48.269503280757434
251.73804810535717,117.37017555343162,42.164951762471446,49.097981194142484
257.2718287771503,115.82587567308715,42.21280789935393,50.028001366895026
267.54204417664664,112.98741041346807,42.9260334876904,51.238196046289424
270.51100437207265,107.10623088095521,43.72506206381832,52.51873595848312
270.68386721541697,114.01266844106472,44.35050310705678,53.92705796656001
267.8724178141305,120.68902716154616,45.28953540877522,54.66781872841693
267.65334760723954,128.60076532798087,46.23368933516849,55.477391406778
264.3072783665813,143.20099571188274,47.18188746309146,56.74020654839805
260.70300611895885,156.09084721572833,47.45205505480236,57.64287468023325
260.2516966511923,169.98055712136926,47.724742242422124,58.434656193414305
257.70084137692226,177.53562535454867,47.78655439542387,59.61935004932109
252.5464110214492,180.14603889594542,47.71524428422647,61.03915178122489
249.49470621897285,177.77670881108895,47.903623409748,61.71233601023346
251.140742664581,168.92447211072857,48.491523453254565,63.09628710260461
247.7185754077521,156.39330397586485,48.919548133385746,65.07439676405565
244.2189055882001,147.97998511270788,49.405553498197754,66.37298311402682
245.17351463257427,139.09872451854363,50.65042438344846,67.70024162230163
248.98283191615877,131.92594823107387,51.22655395354752,69.12411279312737
250.84004771677394,127.46715073412348,51.87143488664946,69.86442163895688
257.4984766132309,123.99042091926668,51.80116389335716,69.80480782430402
261.3836413157124,124.72281665705529,51.96687202882994,70.04547391689543
265.27191636883373,128.5684019690794,52.66900730161556,70.61231606445372
