23.5,88.5,66,55
24.272480523888362,86.96556037857248,66.75522510944984,53.932337161022154
23.88057561588635,87.13591465930268,67.1308779046466,53.803996387518936
24.26434541307288,87.27176673382283,67.23937775567377,53.37340069473266
24.856426090204558,87.32506481531189,67.61077853996785,52.9260245119944
24.267908366751435,88.0684729328726,67.83302154693651,52.674748666887645
23.740954094022165,88.2197529785322,67.67804609161685,52.42154988274238
23.519143156541062,89.69197132829277,67.63593415949211,52.11895531006758
24.6722914222455,88.86550717528914,67.49220572042942,51.66371096096924
25.096966783102424,87.60483184471373,66.92343724788016,51.30157487437836
24.462035406901272,87.86415063386178,66.93444227323168,51.18074128811526
25.754266482655403,87.69853754489094,66.9208278714335,50.79228966015638
25.328459758113738,87.23391876986189,66.4439846802733,50.3236335429934
24.873663198688305,86.49896147182916,65.85199839524691,50.042876633130824
26.04428299962828,85.61042190688494,65.55910936595302,49.656635460056
27.088383105627514,84.80856118853612,65.2490611429377,49.28853999936137
27.355030800530905,84.960121433236,64.77499369282604,48.91103518570901
28.52463314673507,83.79704505318587,64.62026489916039,48.61384018656244
28.190681143373695,83.85217083215923,64.36715870967419,48.424756270493845
27.80372926117231,83.51936789231833,63.75060877782604,48.02051158617265
29.112279443280983,84.04467276610043,63.25696322279754,47.461511948414504
30.241490078915763,84.72348253526494,62.9315056804327,47.20425077705176
30.740160115606418,84.54093862765052,62.43544692810013,47.04530593990249
30.98786841168206,84.89767567764252,62.17603707270421,46.860778835653655
31.504369831490564,85.12538862647966,61.83574731492391,46.68105887155024
32.675675534911825,85.58779075845868,61.55011222644076,46.42916452303945
33.23305879635811,84.80205250716867,61.03559970278143,46.04076985271451
33.26705693795596,84.45637177474147,60.71887360946706,45.792032674265975
34.37156595205564,84.6619232630753,60.592867446883545,45.66567780479323
35.2250085575196,84.65188021396088,60.30531247525158,45.61654627329136
35.87414506384316,85.34130160182,60.115289961376135,45.42747228877184
36.77215842064665,85.16470671097466,59.75457921437529,45.189024578282684
36.78265435908022,85.62411213713929,59.115294469370795,45.00747764387637
38.07468496070979,85.17989678571719,58.925496772047325,44.81300996834838
38.44679434626839,85.38487360014364,58.40700487361269,44.65385206150324
39.26521191473398,85.42916078728956,58.12438202076964,44.48434217174805
39.721657247106705,85.06334562118309,57.763306031355306,44.2661764233717
40.26740951601118,84.04527467378766,57.42323361434639,44.08365534094393
40.524253784848206,83.54326642053348,56.87132980826904,43.87906369697009
41.20087422591541,82.71843627082602,56.55731176262907,43.55625418971388
42.00115321634354,81.39176370066315,56.20276170108434,43.12955553731503
42.4749553164568,81.31303177466141,55.97573474084806,42.98449008409884
43.45650363940605,81.03601665762201,55.676684382486165,43.044106376079014
44.69309776706758,80.6327239711029,55.42540636542911,42.852637125513425
44.78867025486656,81.90974264105111,54.917291190484605,42.82678849106133
44.965755013562344,83.0536304008379,54.54500997848888,42.9328032165439
44.83952133232502,84.76307245104931,54.251315272119676,42.831183196168695
45.852684542449154,85.64688371686972,54.124503765430376,42.622556269042946
46.97598831504323,86.56340110007827,54.00549164489432,42.308943795335196
46.90131728144913,86.77500324807572,53.55613825510086,41.97038845867896
46.80639832753616,87.13646490794638,53.19452376462663,41.54423693349522
47.649032024090545,87.40976089309403,52.8664153900344,41.322846236164395
46.68291703958484,86.35406105003105,52.4500630912846,40.827418186389494
47.73483093067422,86.2417484354676,52.053080354195544,40.690059371202956
46.927524712351655,85.73753125106964,51.55196631989342,40.42238368693643
47.58381285516084,86.0410729224164,51.528060216503114,40.3908488142632
48.41426152731569,86.52819699200049,51.18265621745406,40.280512065399606
48.705230664346715,87.39449427005349,50.93327544280072,40.179673695778874
48.605172927391685,88.00400373725265,50.596559299355434,39.88714393574656
48.933435163608124,89.5081294808545,50.04416534088865,39.701030281184444
49.45872255145355,89.49012919764074,49.734730513565864,39.330882801356864
49.74538176126589,90.30352720818382,49.49068189055105,39.00156211825287
50.18521374831337,90.41333089033074,49.3293502071055,38.82573118414864
49.8867248191044,90.28327072046207,48.97640443099434,38.52224901677157
50.61003896053799,90.35528570537228,48.89915852956637,38.25338946408115
50.638574387839775,90.659958689101,48.65829676769904,38.049879512563415
51.13841766779419,90.11719149903442,48.340427620166615,37.80648113055061
50.612980803482,87.85236694375786,48.23525567351328,37.720008948989445
51.00323060419848,88.70144631686591,48.1511869936349,37.679299329016935
50.657189973145094,88.63188684479874,47.87252525523431,37.52850786727703
50.81794348726239,88.47377970235692,47.55095749558559,37.45233354012875
51.75893114450142,86.51849530877415,47.48838880971625,37.140576525444914
51.2154543444227,86.64723763728342,47.478334896827405,37.23353541042999
51.67694319563731,87.10574937415174,47.071650124047544,37.06947071126002
51.731909730693275,85.93458313897729,46.38025324015388,36.703625853499176
52.19854547409201,85.74631120839234,46.33392604733224,36.64205918429264
53.24573745035814,86.82558711534753,46.01030275020311,36.3556443208751
53.3367820410988,86.60849544572908,45.76184645662166,35.97829563954318
53.457653533344356,86.49002940709673,45.611252176420955,35.8582155045314
53.88042765232894,86.08382975952802,45.33672215744592,35.609983047654666
54.450340256740425,85.88137918584492,45.30821470241476,35.41420294969388
54.55412934950136,85.88424081480474,44.96966065951584,35.24595534923732
54.73175614382445,84.19362074113121,44.67414497672961,34.84349336149829
55.55188680054898,83.71482483953784,44.46646914110953,34.71135680927733
55.73637054483241,83.81603761249642,44.410464303795415,34.79265992251315
56.01206724774857,84.36799274329505,44.29313138213401,34.75421391910987
55.60967797377162,85.25952764248467,44.20264154944597,34.624925892390465
56.364636411327794,84.97069819182423,44.02337691127209,34.51510970845287
57.28511928984066,85.27552268802602,43.92047735068802,34.46571195201121
57.18169242814867,85.28189946261489,43.84513449270831,34.32078924556686
56.42365290956153,85.56170634684405,43.60650357085244,34.041422926983415
56.8082916511559,84.51645595421921,43.21193569383436,33.62393215988019
57.81550025426368,84.86755452053383,43.19525625293098,33.76707968991727
56.9629677478141,84.47696907713527,42.8492098060981,33.46393658802879
56.95260852875488,84.1013334660842,42.41322177992593,33.25914078446945
58.394776900594515,84.13374861574151,42.3832146222757,33.10372612509175
58.112995061703515,84.64868872129193,42.185521128426835,32.9319510966386
58.09424037745456,85.0195287672031,42.16312047147714,32.73150901474593
58.091591049039614,85.1083723685904,41.88697460854881,32.36823352664438
57.797263828057226,85.08726082963922,41.726519424697244,32.34128446061059
57.50236777453435,84.9889824914708,41.42939465590376,32.1546645121725
57.27514266836363,84.63482158807449,41.01819415480145,31.891006343264742
57.69919871565225,84.91156804952513,41.01757588756719,31.8751947615347
57.13186211867166,85.32793466751613,40.924822671806986,31.79605675851627
57.52428834619504,84.62782278449536,40.67315408945997,31.654111907309275
56.61663387488283,83.92040371613854,40.46490560753911,31.611954795228385
56.70164327151928,81.63959584099467,40.02660630813217,31.363820942244608
56.8633422067259,80.82701087524555,39.868542990245395,31.241472811151297
57.12287653968532,78.09284724492176,39.53828780208115,31.081525154196353
56.87486998632562,76.60543935917318,39.28586630558629,30.892199747562408
57.34476733081166,77.03734861415447,39.377610699141364,30.72116661987063
56.77479207182802,77.0170290859896,39.34617294863791,30.7903215198749
57.16853823379571,76.66972160125788,39.247242898681705,30.65742041038938
57.724695637039666,77.89630077451709,39.11439941806812,30.65613679684215
56.96402681234438,77.82560091688573,39.087086206672254,30.419573654620045
56.317233914369766,78.83611501764297,39.134557987042264,30.218510458026554
56.454171215698146,80.4247019253528,39.173509630408674,30.482785569532535
55.72653744053084,80.83321487740744,39.189973865580626,30.390922171526775
55.55477199043874,82.4528276584143,39.19086356116926,30.492856668488297
55.28626694544736,83.38361031165353,38.95301160014189,30.366487952433395
55.14826881261384,83.46673314361342,38.98264047088476,30.479362197323262
54.411785340837014,83.93151967811455,38.70649611969202,30.349238989370658
54.989685381668465,84.26995433843071,38.4757102358555,30.10654724623393
55.03645825297055,84.87959248369287,38.23792018001128,30.025086192754888
53.944794640699854,83.71856821495392,38.16245595786688,29.892613551033584
54.120763676483094,82.88581564392976,37.8240644360155,29.67396938010886
53.61917161453442,81.8714064487697,37.808114872893505,29.564576996960966
54.09571042978786,81.10418359199585,37.474227220032496,29.305106961912493
53.55616079961436,79.63594326550965,37.16460358380357,28.999329542985464
53.73800696793134,79.84487815761251,36.86084740552866,28.909361986419896
53.194053984441304,80.06637923506445,36.85798670418903,28.910154648248433
53.10338216083404,80.22074508526674,36.878560650399535,29.03327016254265
51.824855928063755,80.20529679658063,36.8427359663582,28.97090937230393
51.90611033943284,80.96512139384514,36.820266826008314,28.948088137789263
52.07865245727142,80.83781273853496,36.79635745033178,28.988318448802506
51.566050239788545,81.20686496191033,36.76593096298002,28.947219870009853
51.39606512992361,82.09769695006345,36.93554437261695,28.894503294750358
51.141421381575874,81.5696973011079,36.877687058159026,28.711154538729282
50.460788801054534,81.85713466506826,36.66423517437138,28.597818572662746
49.626417883291715,81.65794539012742,36.26068062890032,28.44946034571565
49.99549653357882,82.2113536907688,36.243803783915396,28.25856215425725
49.479075182588176,81.4629258336465,35.958612194629296,28.145718023187847
49.47577042505414,80.86084836288585,35.834625697820314,27.965796727030614
48.86252670979327,81.62406233727731,35.522841939606074,27.894355946559756
47.72822565421162,80.86037522880233,35.30525015542942,27.650569084102983
48.111791365016444,81.93972802849225,35.34938652699834,27.618034596783676
47.68872525012892,81.50256139236352,35.11525240030518,27.358702545783697
47.61555542290493,81.78055991550471,35.0172737036036,27.11445570287235
46.57109291437021,82.32915681865131,34.98861306164594,26.870422993152026
46.50995275141451,81.73888740273956,34.845576126338315,26.856192680917303
45.82355140330674,82.96756720672862,34.6850349113829,26.70460704640416
45.44904094131798,83.89648492029103,34.76199212705505,26.50709726567978
45.246205277601604,83.0818193072248,34.435171782448776,26.434482233267317
45.367646300675844,83.6209005487789,34.196332694675355,26.52942928156171
44.76025875503531,81.64537363427593,33.88583720471101,26.64244108976993
43.995614580274676,81.27417657971299,33.57522303405253,26.548762634770757
44.02133163716523,80.5136082128965,33.43240365259649,26.375181007502846
42.86143168676695,77.40435011643137,33.5938721591975,26.472856650964097
42.74063493770593,78.63415694907745,33.507896440829754,26.715741660064662
42.13878149324187,79.7143013341811,33.48283426580828,26.493015474734356
41.69284069118285,79.34946958067825,33.58994991114031,26.278277955967972
41.463659403519564,80.9092861033482,33.81923523670149,26.27884506779361
40.58410338280519,80.88272214825871,33.92064745475072,25.860654136992046
39.70952021640942,81.29201944976057,33.99501219948378,25.865084581767416
39.186218810127215,82.24305653349,33.74822902953476,25.801411612695702
38.49871383982883,81.48469478091516,33.881781865448616,25.667940711335962
38.14350897928031,81.36423045300543,33.62998492484446,25.787259753856063
38.157080470637474,81.09327911785978,33.71319655191759,26.02587864333415
37.61511485993733,81.40407697516463,33.8357057471605,25.86250174166695
36.84362447342574,81.21093493472361,33.91611346873104,25.954067229190017
36.57506505845446,80.64469066915385,34.11930135923764,26.082900922721187
36.52063916373463,80.35217892833974,34.35294579901929,26.276178479399768
35.68882039245616,80.84427378316803,34.315117258049625,26.266429940435604
35.26819353442583,80.13071915993459,34.43660632424227,26.16626779694127
35.54667464608815,80.42129097450747,34.506686871303366,26.196899923677762
34.880611529818225,79.88848103762669,34.55649427335311,26.137444337959025
34.555069971154296,80.53373022076538,34.338512582789114,25.995128483011314
34.204478798017504,80.81211039278297,34.32987477773367,26.01610707969193
33.06664064087461,81.17017231015323,34.222401229730025,25.975221556242133
33.24719077955486,80.86284752274325,33.894020009422846,25.490715705036695
32.57835395836912,82.33597025837531,33.78495671999349,25.043867034767473
32.313738299816194,82.63231065246262,33.236740503491866,24.677829972822494
31.858419721414265,83.19489676638649,32.89584331752991,24.391598126978543
31.47197984517431,83.87235380762705,32.869979166372886,24.595572479861197
30.660068364841663,82.539163606818,32.561385330353914,25.028706078195633
30.762152114385074,82.54059945215582,32.33910339671192,24.986359371224076
29.994642262945703,82.81146639610012,32.18891084506643,25.257961915315594
29.368254885208056,82.85479342866992,31.85654525306095,25.476938683086527
29.270327607419866,82.66436662193244,31.86147319721384,25.620716312083488
29.018359898944265,82.40672529264346,31.954881116635057,25.867904103193577
28.603702553497477,83.25267072043785,32.238460150313514,26.290550486679496
28.158770591442252,83.23323131795163,32.120378536856826,26.589884393380377
27.630293524782,83.52931430543613,32.30888953873049,26.560737813285943
26.82721252993009,84.32677570417022,32.33136696479753,26.842481561685695
26.85381706328422,86.06893624869204,32.57312811245618,26.85958216262924
26.164668372787233,83.69463119579072,32.71576839754104,27.124792400420407
25.094693205147955,84.71226054776513,32.890748024926225,26.81711758166447
25.200204014171465,84.89971989165846,32.751955971069115,26.510406038615024
24.524865736561637,85.00206157190948,32.525435928235794,26.28135760131777
23.972898706523672,85.3183035137393,32.10150457846065,25.91423618900022
24.306253545774908,85.66937448088922,31.991534707087084,25.156024645922624
23.953777393448213,87.08904355639203,31.505333962271482,24.85115776833925
23.579333938438285,86.21375387301933,31.129064827331312,24.468421095045585
23.283510010979775,86.26314975239207,31.004476388932446,24.371998274245104
22.978479326465774,87.83004926417286,30.95563690098871,23.99388410328361
22.489784646876423,87.71857044170203,31.4188525140584,23.84818553017337
21.888838908667466,86.66854515640935,32.05395710521478,23.728598229970153
22.3849413993442,86.57650904979592,32.42526273253441,24.049646953483354
20.37730606530941,84.26626450239286,32.945698500701646,24.653402401896653
21.050119520436063,82.87921981672295,33.31762091448398,24.992869485486207
20.42174003494423,82.90530653726461,33.502747261795164,25.2518344955023
20.083690776172837,81.38812657214154,33.6603264373923,25.618216615842403
20.120942998375536,80.02640849880967,33.81523599409412,25.70335496625678
18.433942333297388,80.35149347044253,33.870593754304124,25.720497108619558
18.29098539903312,79.51303630939624,33.572958123320944,25.76930590951006
18.097109641215415,78.75021393684835,33.729678742650314,26.003137877086587
18.152569374086386,80.05736198024445,33.490516963046524,26.199883622264622
18.413518907712394,80.89748031211624,33.49578754062712,25.993170456102508
17.578772756312876,81.7809764761316,33.65489444932978,25.60864825899221
17.808069180124587,82.43175970673643,33.59671174722752,25.029426494304328
18.21003264189715,82.7328491539105,33.21028528979072,24.812545375224747
18.187920514120734,82.19449821866831,33.09553743101898,24.410364813725145
19.34478664654012,81.99756734010657,32.68755889790781,23.96407120776574
19.25942444008674,84.05237072171417,32.51735118000097,23.878487500580825
18.668635453347676,82.84403763837551,31.954020582235813,23.80705313854112
19.11610683978145,83.29747616755095,31.84210551789869,23.695006998502286
18.528756641863573,83.08784348834203,31.93177488117219,23.506130755834466
19.256057761806204,81.49536838718011,31.909454969892582,23.48954883268531
19.10254784482907,82.47180834925025,31.532121809881705,23.25176371330881
18.340367806805723,81.6564320404886,31.48395435811925,23.048934525602927
18.50899451996286,81.28534106410261,31.37983628930409,22.911787393024873
18.770059761362383,81.20338348227165,31.230022345792616,22.82747998209515
18.398588215832508,81.28222623241976,31.619306820309554,22.920926850840363
18.523117461196623,81.0430553258187,32.06316597455889,23.076979912440333
18.317016617027946,82.87391361559915,32.05936380981359,22.94087139562357
17.912479479296174,83.9838837363919,32.06649621363407,22.97235260560665
18.19897376965399,83.51546079736221,31.909172901816447,23.014752468308075
17.796588347315353,84.66610901123966,31.796536114619634,22.878930693797198
18.220303828483907,84.82607060917772,31.716469356212425,22.95065757860191
19.11082466910381,84.23089878559682,31.77487421961984,23.07992172365801
18.943165397607313,84.60907377905507,31.405577765702738,22.78521266095683
18.9656316346614,82.31258745797206,31.214795199421943,22.982133896262493
18.952626263767407,83.47816424925607,31.063750567422048,22.885599215900896
19.503455177689453,82.29666287958173,31.127000433440873,23.005605262592084
18.92070060871078,81.98974415825276,30.724990621889543,22.753870252704864
19.119770205002155,83.66932884457526,30.30121904786759,22.52778994561164
19.605898881280602,84.68601184227175,30.688350523588284,22.369033897423225
20.040748074406554,86.57877779555417,31.542180403289443,22.271840509001088
18.475747101690743,84.60150957500831,31.509327915661373,22.709188162632508
18.803126575986866,84.88601034584724,31.90699280186985,23.415544582609286
17.888677009609857,84.07228911387357,31.897874828567655,23.793181953745062
18.0961782743179,84.89618330724991,31.84806507010951,23.997715787794665
17.771722775268294,83.5639359204212,31.69074963588527,24.21950159233589
17.90167188602547,82.64670760684594,31.273811012077715,24.462546986538108
17.793760233773018,81.24144319962062,30.712161999363836,25.06351421460875
17.61933900198857,80.85253440146155,30.39462244818129,25.380457283234083
19.39203382991612,81.6657651876929,30.026323198744045,25.65240352765828
19.37084348005282,81.65903319885763,29.7688130226543,25.697609899299323
20.19714633365269,81.15525734035178,29.6235379715062,26.138131544098798
19.210478220971066,81.87028839870904,29.518618305069516,26.776806934250754
19.164969651698577,81.91905714458039,29.54114131741382,27.369176397273353
19.129281411256983,82.20037539987608,29.83853531812866,27.380353623120726
19.584218495656337,83.43427456415637,29.907870512790495,27.13380010657188
19.692604155937293,83.72549538143923,29.88339222523239,26.48946912531715
19.37256182574842,84.65130394456813,29.852323578649077,25.622094557538677
20.635484334493007,84.96680364168428,29.860747894045648,24.62878284641183
20.368428037644637,85.37604482606486,29.784230690760573,23.985237323549327
21.345111482986866,85.37750536129867,29.744752254513372,23.412050363913902
21.288142068713203,84.24428968320629,29.606309430467086,23.017541549810584
21.422670919492763,84.51794208810381,29.032430923119925,22.745639732979328
21.367799129786967,85.66915036443085,28.96375896565102,22.488946141751036
22.11116883973915,85.62715135679917,28.81395101280293,22.133023701797022
21.57416174780738,84.80023148184854,28.494694108066312,21.875777130821206
22.36406261826444,85.73379557611896,28.336691788462616,21.69860775308663
22.23068959351647,84.26062695908236,28.06109118163608,21.72850378499615
22.62806490969659,83.86012027398196,27.917130406186544,21.85483686259058
22.758987259899953,83.78959027800609,28.127210457776812,22.004543085687008
23.118920511346364,83.10770600532005,28.3516295860638,21.896888481950175
23.602618873301356,82.06908090945204,28.074834389844703,21.886210616969286
23.76788508947607,81.15372145971973,27.98843028903729,21.667975029586987
24.548585143188493,80.81175512717616,27.65504846545644,21.6827722433573
24.927127235474963,79.52552432543976,27.356622916499806,21.89040335290308
24.799639273442303,81.03486267043778,27.360764584154524,21.977720410618236
25.11581056753505,80.09945367601972,27.40423668417475,22.051971793886437
25.143302548881806,80.72156956925687,27.37027112599483,22.277837549221193
25.623401806744752,82.87041692091397,27.58059565771615,22.345161213674338
25.299353700801426,82.28993125298895,27.55537485443175,22.505590028047628
24.95778720499201,81.40584567352099,27.539770880394304,23.01266852417228
24.998940272709056,81.92723013883109,27.856454839621918,23.12196034069868
24.921563946949917,82.11180677906339,27.887245051543548,23.340616026870745
26.050631978998375,81.4057598771075,28.13237913667759,23.578686440966237
26.71709752608261,80.58137874028915,28.41052904665187,23.63172723137233
25.46335159091924,80.88318859078593,29.146285844842694,23.597121900820206
25.50423674101591,81.47961264872025,29.613459839102017,23.316213703946477
25.916156713392134,81.75442701863979,29.830430002534385,23.625056596111197
26.032842396855436,81.48601186495355,29.57252281385702,23.157234403331074
26.248605959757302,82.87108599764355,29.181102971794523,22.66643379610845
26.32950287190529,83.25808626952738,28.866871043345867,21.987212371236303
26.278029635981596,84.24280138974677,28.70481165844086,21.482265868743085
26.81345078440946,84.57640167540922,28.426570172112932,21.00525662594372
27.091533625799606,83.84397210647182,28.890061624342408,20.783764702951196
27.020954703340806,82.8605574749958,28.516491221140658,21.221198385611512
27.39111148938491,82.82541301393906,28.395710651429,21.330527139333526
27.174296412088424,82.2697624729424,28.30094843150644,21.38416835690116
27.363190166014682,82.90623807609111,28.221769554549535,21.416535983001204
27.630881171861116,82.8106621256953,27.972982678783872,21.757117696820227
27.6712818275459,83.56126306567818,27.496644140022106,21.574522789548865
28.60966653911381,84.63138445955607,27.190633774884947,20.935252749595815
27.22074635536905,84.03908889454264,27.73947595817036,20.376243868750784
25.820827130346185,84.29129550912167,28.265013117704008,19.916048699221932
26.6803707014032,83.73603107833577,28.328239560871356,20.005823938738683
26.245290008157205,83.192547853696,28.03524276903387,20.20969643488558
26.881673403387403,83.08797898257284,27.896107684811266,20.385261503334295
27.41723071178033,82.47443871292,27.599814945504967,20.33475069494556
27.090866212179293,82.58522375461521,27.486974079003463,20.511026386444133
27.539871637900184,81.81178593567233,27.283737020782198,20.710930631698382
27.753266052629357,82.37151861530751,26.946333164373012,20.829929151059602
27.966976040289328,82.67174739400666,26.954319665312305,21.15668484525205
28.783599284770553,83.29369521979513,27.082186104740355,21.028424469515855
29.050138460662485,83.042729728742,27.246228836692914,20.984068868675344
27.872748648016106,83.10595464525463,27.42525296119221,21.01320226829132
27.164925220193965,83.96976700332016,27.746823302592414,21.110164778074235
27.273694983608102,83.99065115372738,27.612355924027593,21.25011533335605
26.901316183597867,84.1602779529891,27.74360565718863,21.245841507400364
27.38192479049871,85.18214833149858,27.867369169629008,21.221567388946468
27.790178955605107,84.44649284554713,27.71471370988054,21.688686485391635
27.373647224685964,85.14027328261307,27.38352036057686,22.051085795357036
27.2601719118203,84.60980494251457,26.978907322825517,21.787580923391864
28.222294979107883,85.5992938007325,26.700386319285208,21.508414427125068
28.483740885524305,85.56745378891605,26.827330510232724,21.163571636245706
29.29006476597488,85.3448911167153,27.04679124695121,21.151175124816053
28.53795488532268,84.88719140405564,27.18175761126769,21.202094293101077
28.31167782652908,85.85177763926733,27.41759263791632,21.190682671676747
27.94975929927537,84.7516890812218,27.34690234056751,21.21508616716234
28.934489331047015,84.46967867231844,27.185008442948295,21.368675719138054
28.481371238863076,83.95807919207184,26.54218297131794,21.411016472882288
28.718392622035047,85.76374744191995,26.623869713373967,21.362712123454628
28.672470649146398,85.3078586061899,26.41612104497737,21.306104694550033
30.386159662134528,85.69324102803586,25.731917571918594,21.162892062142756
29.945356534870413,85.13111449673738,25.898033544864944,20.88777326232822
30.42728270397473,86.0743810237867,25.76429050488553,20.596655562004596
30.838279658284506,86.2920275813321,25.45601430723781,20.289669640431462
30.5978223219216,87.09200002520677,25.157890967935877,20.006234476345465
31.180723537562855,87.00243167654742,24.85205988112435,19.566643489643173
30.907897057045282,88.15949124972744,24.930591896705852,19.00487228945014
31.301274763163242,87.50816507849106,24.730373845614945,18.69607205242459
30.97219825859692,87.59644910519087,25.04994565033323,18.744778725773436
30.606177181182133,86.97193725905149,25.079750914369953,18.774156798659813
30.16867562504975,87.66136559850005,25.11582055876973,18.592516988163258
30.846637718673893,87.66284563420129,25.1773031689305,18.48319716672837
31.04871267862906,88.61902949279423,25.003695640558792,18.247754393466426
31.130105965436236,87.80464920637971,25.134488824158023,18.252946908281558
31.321816633081454,88.14372824678084,25.05154418893511,18.22648753601354
31.271534251819013,87.7032471739467,25.038821524928682,18.299432845038588
31.62947184610011,87.73512316559808,24.85041197786505,18.62385962750961
30.599511970138895,87.3725687343884,24.987977150815617,18.59721396760537
31.14984111082169,87.900646238466,25.038349767544204,18.436226369823864
32.59323816650375,87.53035770664827,24.571254371390047,18.26466550783446
32.845854229852506,87.08948404645795,24.635335770846098,18.341913261660075
32.87287419122755,87.57486330749214,24.79969307800591,18.28812123748981
33.21370586121153,86.22736413811032,24.727279210656054,18.296076863088167
32.58031729484162,85.84233458532819,25.126364528496417,17.929070200410536
33.47104833731758,85.36160697074595,24.86414365734302,18.24218436989024
33.39435088419412,85.66689340651598,24.63857568917741,18.39161125039486
33.932726668181985,85.51961164534032,24.281010248387496,18.645132441140035
34.690955271055216,84.96100028490353,24.120375605812423,18.87489588390694
35.38794260329801,85.40557664364151,23.912926643803345,18.95406371496537
36.55801516805158,85.11464222831971,23.92040963090387,18.65043020719954
36.79304133293782,85.3247260377458,23.7844678889667,18.632687579478194
37.15514006957754,85.44215548957848,23.779224382781685,18.543283022946483
37.506569515398795,84.69506885093571,23.64642955897974,18.29673519370276
38.361638614937334,85.73061186891678,23.4088548650754,17.889639536120452
38.75278417902263,85.41165133223203,23.624969491470996,17.7067910014692
38.618707802161154,85.70763778747518,23.56383498442316,17.78712772805258
39.64267878422938,83.61455494122573,23.73581770862593,18.25529205488985
39.98413679912327,85.07488350355959,23.651800328053856,18.033587366669266
40.524173885472266,84.83697934965451,23.4287557721886,18.07859094501777
40.47770693568157,85.72011750050856,23.28856510271158,17.967347754881935
41.96496377963487,84.70451805331678,23.54050519593289,17.952460337925174
42.318188942230194,84.12671067352953,23.468882663386747,18.11975164741116
42.32828415988763,83.87832436791894,23.45107352839273,18.138399610299764
42.77020499984373,84.51033254002235,23.209314062836004,18.466265614153542
43.37883324657685,84.54232396915239,24.003070838794187,18.01187954477666
43.79694045661463,84.2352934577318,24.690662752260504,17.586313492422526
44.95165725467942,84.53669973978164,24.00900959360041,18.089768499772124
45.87439886634911,84.17944638580362,23.783461882803742,18.55858100256328
46.745082547231235,83.75816195470328,23.600224546903142,18.393444295496668
47.16246990862847,84.12890705705578,23.38161093212564,18.16366592665288
49.44784492214163,84.04837114699882,23.27441862528365,18.338056434444198
48.92207572005536,83.20878968716409,23.224367349738174,18.828666616877623
49.523192306255574,83.15356430149,23.206378214012247,18.781669498778587
51.18873601358168,83.01458390372076,23.280191111783736,19.006133821779553
51.94835362531165,82.57904548613273,23.284718352847122,19.533628354623687
53.265424401371035,82.37540951548978,23.2969612783437,19.41055813425416
54.747403270622165,82.19853710899442,23.341170091431405,19.701305881760362
55.298374602527616,83.30640999200934,23.105622066635696,20.055505689537274
56.17284753775152,84.78679215681619,23.09259984406844,20.4289822733147
57.38921397108665,85.80417278444716,22.90342037743786,20.689166258073513
58.13927040470332,85.74432504468112,22.768120837993834,20.751338259783044
58.62661205970948,87.18343850888952,22.802538680401554,20.935159528158838
59.433351587755126,87.0114581770371,22.79999638521267,21.043650671771676
60.22030194410195,86.26712919643843,23.389940734774875,21.071988875507458
60.8834619489548,86.2218511913447,23.482178368959556,21.02851427537198
61.588380699302284,84.89262329098364,23.284754179269225,20.85555919123693
62.62184727588712,85.01143070092935,23.153109455359818,20.456209358218167
64.3204136505143,85.2146775404014,23.067531138020733,20.232460182295327
65.65658677385372,85.43651574766622,23.206134693740573,19.999355637973448
66.29078605693068,87.12999013203367,23.13559887191801,19.864535947149943
67.15835657513742,86.77923586954651,23.363857007333767,19.797735474970015
68.35800082129269,87.76668453435697,23.356419940194122,19.732437807176172
69.54106983079998,87.46308168570904,23.379179340155375,19.384085204453722
71.1139548783919,87.9738938727743,23.34904726262595,19.23544512044619
72.0711776805318,87.7674838188201,23.246150010587645,19.27019499310223
73.17823769267582,85.7332285018253,23.43770229808245,19.12579545176833
74.01240751129384,85.18622981497234,23.747964950999904,18.92213736225557
74.98898341127747,84.81907023082898,23.822260613114572,18.838985562772642
76.46549395657061,84.29489125776642,23.80855388791525,18.81339035719489
77.07641795001032,85.2161778725782,23.797346450695564,18.625596204147563
78.57854287084693,84.60274026584,23.753560609724246,18.486012286383133
80.36408129386919,84.15130153567324,23.63344058512139,18.618480103066588
80.75081849576314,85.03883563158008,23.593456588800354,18.445153582815088
81.69607182398815,85.02725344932804,23.53948479010028,18.486711638948346
83.26891905913158,85.53490113778327,23.547906473530468,18.29159936035409
83.60494548798094,84.99912971231278,23.480557161402114,18.25974698767751
84.46994145826666,84.6485120896887,23.571256091115725,18.241334706184666
85.40383320667213,86.12811175700467,23.675715307279308,18.200323466645482
86.31252351893112,85.37583076795538,23.567258618651543,18.053390703304252
87.08817392461545,85.66574882619788,23.32733235238025,17.834414427927562
88.34686506057649,85.55697226912173,23.39022704655313,17.737456779388374
89.5187353024839,86.56940248041215,23.55287904168117,17.73979586356718
90.2864543168439,86.17860487137663,23.37881753693273,17.532950210399488
91.35369863497525,86.51861714899174,23.52239839682484,17.55025225572088
91.69138129067234,86.19202652698533,23.297639610374947,17.4350490430992
92.61211628599672,86.6844350258752,23.199649706052785,17.352641539242615
93.43310308271545,86.37246589547027,23.197382008992882,17.265422776145783
93.54313766698928,86.1953125776016,23.0920191182925,17.26857332615352
94.61720702230824,85.91185115408621,22.99251970513997,17.23012463835994
95.26902528565643,85.48654745771867,23.077596061439195,17.155161245095698
95.81257234327285,85.94270754332258,23.066755479569668,17.253115841763567
97.2806586049051,85.43497567627108,22.99423852347436,17.402651939243178
97.1438108256178,85.22112076777489,22.878948925036024,17.4380633558335
97.50176251631488,85.60122003774491,22.62179331800442,17.22901084631948
99.50568770911106,85.7638411698477,22.26778705053035,17.03452822364205
99.1629442034199,85.40902777942114,22.4388701822702,17.00749821948386
99.98836712616927,85.23857584682601,22.62256637282796,16.88237404998708
100.62245133316571,85.08557016760005,22.808924025615166,16.9753818922418
100.45268339415688,85.1774014415378,22.748318694268896,17.16112929295371
101.7922335951899,85.23968421107419,22.579428567852876,17.157847672500083
101.46023865701193,84.89375821391044,22.451362002901774,17.11955224546756
101.95162116801336,85.80864601263727,22.53349284920027,17.320129717319322
102.31542625655999,85.71972752552855,22.41539619330149,17.354663252515643
103.18238377871353,85.5830480788086,22.192352440154995,17.672071654825196
103.33005604789217,85.94893224951272,21.87131824588281,18.089145767373576
103.56925906898365,85.75382818295083,21.736699367195865,18.269147004430682
103.84151517437118,85.97473606153869,21.587281521302312,18.533306004926317
104.20974738045223,85.90583964175275,21.505029703172497,18.56668904551844
105.33829919226937,86.04261909510497,21.366280876901484,18.567455151974713
104.64008445074417,86.00698510490975,21.20606127109236,18.444019464009216
105.05971480131532,86.12466003908726,21.294560932575166,18.315238297219445
105.17012133379441,87.28223872734503,21.27356485453543,18.2293246760445
105.27877000733749,87.09923065769567,21.43623817719568,17.966659930505102
105.50826621205174,87.22181901602708,21.64588840788101,18.03943233007228
105.73674067537027,86.89654868107048,21.432140513524864,17.831655445988456
106.9108915275211,86.70649782177976,21.315376389713318,17.79495225486378
106.42122229875784,87.35366494030174,21.44471917453706,17.716361559537358
105.85138541523114,85.47428600215073,21.38046709358327,18.16564210658522
105.53212681219814,84.78625151219991,21.575509351243024,18.435028309082064
105.80294188890556,84.83576163628297,21.59053293585005,18.384033069206957
106.56385424356768,84.77544048520522,21.460478708589115,18.326585469557514
106.03748501760165,85.33985350523268,21.246373126326205,18.326423923063402
105.90856463251696,84.57311556826784,21.171609786254656,18.45773676827604
106.23260719484796,85.62010896880811,21.10519703202648,18.70690320549202
106.52578844144803,85.7582090642521,21.098790772327767,18.735910982362206
105.83378506699611,84.73435857952002,21.14505876886648,18.968367873190203
106.62361961135852,85.32004117772419,21.17019944118904,18.785494927224352
105.75515907849203,85.7539622773411,21.485473077455758,18.797116043000614
105.91518938469979,86.62550027567482,21.698037901823092,18.861270042060703
105.67856301987808,86.55413806530778,21.78683477180538,18.736908910579224
105.22247869971528,87.55399577304678,21.858336581591296,18.856076628035797
104.83205887132621,87.7436219793751,21.768830288242796,18.564257434335126
104.83948396151253,87.76806542943137,21.788091428842584,18.264527635138514
105.0984027913226,88.0123341614879,21.950032821956828,17.967007649729922
104.75317657789817,87.8376099285371,21.852437339069045,17.741258955387515
104.49990902880715,87.39251373360875,21.81822664247797,17.503188706198515
105.53019458076324,87.87581225380022,22.177867568976584,17.343055861067022
104.84255478708,87.22383850077924,21.93599637280423,17.287872507733997
105.50972698779965,88.2156429465907,21.878553574109983,17.287246251609112
105.2670533568106,88.3875151665696,21.70009684143247,17.165724571971033
104.94746718551063,88.75767067992895,21.612200402179695,17.14868014681482
104.86967806329633,89.14064042626248,21.666853506525452,17.076101519263894
104.83149881329135,88.08481194548988,21.524278558339986,17.02865580251015
104.29629228253788,88.46277596531868,21.3739851569868,17.126151000653127
104.75024218262223,88.65957071432673,21.103572529898543,17.217372838439104
104.36092700913422,88.09040072316382,21.189986540147427,17.348168064829242
104.4737733815415,87.7890783469066,21.11854611586087,17.38721162153147
104.14270884102811,87.93327481199469,21.183696353675558,17.389707388264245
103.63409523116096,86.16050402118728,21.046486031448197,17.58316457160942
103.79954377490321,86.45102022900713,21.211591677671098,17.477456160858253
103.74321082223733,85.92410526482354,21.14632332382662,17.577594487472197
103.45480415516174,85.8343757115732,21.07180106093952,17.79809665573591
103.31623531050954,86.09446893209702,21.07909061214998,17.898684245373712
103.21689565148766,85.72761579605205,21.036540455649206,17.964967626800494
102.77062896612136,87.21486843295673,21.03948624522412,18.21362762665751
102.32758794486004,87.13613809787337,21.09362143792377,18.33825490316108
101.77108228254943,87.58705423231025,21.252323656671887,18.283652532263243
101.59386234688652,87.41814136171116,21.30752505482073,18.06053580243403
101.34140555230779,87.94570073002211,21.267148293064196,17.833446936799064
101.20359586276177,87.87274050471984,21.26197311124696,17.43164534579671
100.66049849835893,87.02129370708757,21.304075184870754,17.34255712476946
101.08003122106902,87.8579141819464,21.234267046503195,17.187090280123826
100.34956009940417,88.43612001776305,21.127229715629387,16.899990239216365
100.78833946397663,89.15665651191689,21.161068920444464,16.656343570031005
100.99299553201267,89.69796710741778,21.22082283800128,16.665805475533432
100.05645823431334,88.38579645184333,21.264805765270964,16.537458140365786
100.0286486117048,87.07706528419706,21.332911591247353,16.787100689586552
100.61765642180416,87.15692906115189,21.360802958238885,17.07962397395663
100.45887503594976,85.43208723484844,21.31898417343675,17.389787219840507
100.0350447524466,85.88852614142476,21.266801822523924,17.701734431292657
100.54233348197424,85.43141508441502,21.182937838219146,17.761979341943
100.12817785476307,84.73268278878005,21.225243416848787,17.83556290313024
100.3046998203288,85.09765797885606,21.131372580943598,17.99538392486039
100.64306163237207,84.74659768529767,21.128175243935942,17.830012968684184
100.51937937055051,84.98034562118784,21.198588687018372,17.58855592539602
101.19449611413988,85.22079380632997,21.188401486422585,17.245297408734174
101.14605387680395,84.57834710129353,21.139546167316983,16.97424649526732
102.05015138143042,84.11692493378702,21.11815356914343,16.737320937587775
102.01464722569165,84.49801013748608,21.169690918856517,16.71739054188172
102.18785728434997,83.49484564012258,21.1958612241702,16.67693108255292
102.61121772406216,83.52231375516018,21.09038948882312,16.705227791721043
103.0664412076941,83.37911630114995,21.031056496607295,16.551279468778734
102.95843265918363,84.33372382937645,21.075692313802087,16.509518106669308
104.15242531544882,84.00306885944406,20.99250202805085,16.294464232656985
104.10712716844371,84.38224604130576,20.931339219120524,16.51196986859027
104.1040538258061,84.93851834000785,20.963384444788254,16.923817518386105
103.87412043480172,84.97783006517665,21.052173599853433,16.99659751007369
104.44165128285711,84.83817599583867,20.890127986983167,17.084612707179346
105.60085681374368,84.68918565722744,20.761474033898402,17.04367201627972
105.4587899830426,84.77266296064184,20.63969106407876,17.128789207298674
105.67282047732307,84.61731542939728,20.593367456737692,17.036023081709846
105.94830323771538,84.2035981706149,20.506556149620003,17.243135491005894
105.87843581893156,83.91380583092668,20.6156384864986,17.320853948954397
106.78455999269227,83.8831061652024,20.44935428463758,17.51129687440567
106.74744044863097,84.03974661357513,20.494220641536494,17.684738715210962
107.61289801877774,83.973432892709,20.81500442435391,17.888870422013177
107.86593624792721,84.05131359436317,21.025013161596345,17.75046917138154
107.87534567600805,84.34089294232255,20.99946493312327,17.432611843937742
108.9082893688679,85.22628766744411,20.620773086878085,17.16101355866501
109.01839095293576,84.913984721345,20.673902812590775,17.01738233691059
109.38118290299063,85.48200897816844,20.660900308583933,17.019124026358213
108.94384779808755,85.15356505864438,20.68177618207114,16.84458512571365
109.97211833687965,84.4564084428882,20.60917677871943,16.663361271692843
109.77440105945578,85.30359964972963,20.804359009224417,16.732335901276283
110.22865251682187,84.07645778141566,20.633444082868866,16.609385846552918
110.40522320576643,85.15583859330337,20.652350695540267,16.732297415755404
110.50595349476448,85.15404589444127,20.853617930072776,16.712835275005396
110.50853953534993,84.64159800296437,20.884118025531187,16.652268964605938
110.36656601543568,84.98100879562024,20.950648078536595,16.5872953502567
110.34885784893393,84.66986044738704,21.077112957675524,16.714595260605552
110.57638208053727,84.88302340493851,21.19174750981538,16.70833778832413
111.0246110297285,84.62994378661014,21.213006591413368,16.67180758234627
110.82327403518569,84.67829334271569,21.159594838979086,16.680512891822296
111.15805849974856,84.5420806634634,21.32647785754239,16.637723705792208
111.46414881045803,84.9254068542218,21.38468891493359,16.57645379059161
110.65364221700176,83.71709026975759,21.161700927873028,16.596495534578033
111.5223339759071,83.54417183128454,21.26520066506723,16.470190460201557
111.19824803176849,83.42892383839904,21.1113512287099,16.413995912811387
110.75860411700593,83.07517492375416,21.098341075065452,16.47017322503801
111.02201742266621,83.88185929550012,21.11086705955103,16.414411178628633
110.68004923169866,83.76200035956262,20.988143444976576,16.368340127001648
110.58440755054343,84.08023221437534,21.223592697950885,16.59766595003765
110.57467294634681,84.09765060698761,21.06527363384409,16.553003017815605
110.74622904100383,85.42276846894545,20.909660580262717,16.452644937485125
110.29467116878058,84.41185866732731,20.83087956662969,16.508383279086576
110.38501395820145,84.15088640515961,20.893438248337482,16.495442396927853
110.48496407365236,84.37382211785074,20.83004399375498,16.480591291007403
110.23502484438767,83.52675115189228,20.841917589022177,16.35577792068584
110.875364983,84.57880627487106,20.898941135840786,16.024109538741985
109.49621653117589,83.92089992550662,21.294609341140028,15.979745435789333
109.41560278453089,84.3908345160175,21.56139148217372,16.07281723853983
109.215940140468,84.68474772613622,21.64802740634302,15.993504149715683
109.51479838470635,84.50766605668589,21.814494141113883,16.056330087941507
109.29187050818575,85.47336402621899,21.91526799856525,16.220375013438314
109.03462076097719,86.12200295534625,21.95702255127093,16.334086439699185
108.98047746155757,86.65463127995469,21.83468733538241,16.19200172794797
109.67371265591825,86.1206689699479,21.863498480855995,16.010484843483088
107.9050177211688,85.42367750760641,22.354069855558137,16.099495357964045
108.41002360932099,85.90461932289075,22.40333525611074,15.985239784398384
108.84727746144962,85.56054300226324,22.849523309719384,16.24151242839998
108.31443018329095,85.77896673357994,22.865844954583476,16.39526521791808
108.45448663158595,85.60220613435929,22.9703664335657,16.524132755108308
108.7733902071596,85.00337579244946,23.175470883484994,16.51720383359655
107.61553590776421,85.38998429070682,23.81507779770545,16.522310010604773
107.40780041681414,84.40495754200012,23.468672792552677,16.786875183852842
106.7267268645874,85.17934599642527,23.616922430346595,16.65613676243693
106.30084874819123,85.33987941865216,23.604450593356688,16.84893658096225
107.2973378453234,84.77308382589086,23.462150723791762,16.907395992536177
107.32122530506439,85.50546077128729,23.371407646630928,17.042615065076454
107.2530276027962,85.1035733510836,23.344785822921576,17.220939771206513
107.9542109093138,84.36745222161892,23.075409450937087,17.18598107379124
107.9326715687129,84.63436132774669,23.034984178026352,17.09240741700904
107.50656937206848,84.29484472651174,22.92314727864781,16.907220536719084
108.22923087369948,85.10949952375549,22.862712805163344,16.8923476878752
108.02352415674716,84.68108887602854,22.277485020405713,16.568402996886537
106.49061311216067,85.5971976364143,22.286944242223342,16.657798692515176
108.36551433260453,85.70946139244509,22.526038886525427,16.933848332228944
107.49899952889791,85.18064315571,22.89973450193429,16.668619677181965
107.90439573876984,84.49877340671104,23.769864471220885,16.39399235675184
107.91776850138447,84.96846550120235,23.922282118832705,15.920548732640079
107.77985502931924,85.92050969596191,24.293154614620843,15.558022304294946
107.32170961147312,85.84445652346331,24.45740393162488,15.838183029709022
107.14878052492033,85.36607656506895,24.337579002122737,16.07384857660944
107.39755901797771,85.3617706208386,24.776504862744865,15.909542413588891
106.51994648783706,85.54929491935587,24.98737262322148,15.679006410300541
106.80472394472113,85.95364886891704,25.17734682322287,15.60468555131645
106.64389081096112,85.93214582882351,25.67859474779493,15.254913890548167
106.03755652907473,87.16081283580408,25.806712692442346,15.311129204437336
106.10810372691505,86.82687162460972,25.624199796517114,15.519809724674946
106.23765454917535,86.72303109015837,25.08589521391666,15.905114497653482
105.88929230474895,85.39391317197271,25.166420090151984,15.972366943216677
106.17704555056613,85.23595808740366,24.807363350967602,16.060758047213113
105.9842395971815,84.7072295123977,24.772419487339665,16.133292251725592
105.85200609953992,85.11123605990286,24.7671701602008,16.084315161258576
106.08717445614008,84.72990936779155,25.09427212812615,16.07021136479044
104.71750963331993,84.88565668753664,25.341663659600155,15.74374522317502
104.89579165831641,84.87519264422681,25.346285219901556,15.52255055534005
104.9147126397892,84.71277400062736,25.230513894301296,15.345059327486158
104.04825896846891,84.42109868938797,25.042323719928316,15.448794500059524
103.7049559757049,84.44705916553188,24.824729509190142,15.384854137042321
104.19916190990864,83.97357626027657,24.60745493793616,15.4617434700253
104.53623665901961,84.0325779173659,24.33821069932344,15.527787228972485
104.73376965680397,84.04541065310693,24.391788000711717,15.32126663230163
103.68882532159108,83.71266702813126,24.56540403090922,14.979422630154861
104.13678809291814,84.34649779802606,24.351868403244602,15.024922940340858
103.56766220961093,85.49653371587759,24.31764030192384,15.328770849129358
103.75749504005779,85.54676253711395,24.27407477230337,15.648729502185056
104.52045911074381,85.99136292449542,24.104677058864077,15.74721416939294
104.76960375007835,86.81869123399076,23.849823595171703,15.89443278405248
103.15724157943174,86.43012750309555,23.806215693499205,15.846765238137202
103.49456181081804,85.88499236774057,23.936373893389117,16.099469609951914
103.39196944725786,84.87816702017818,23.964160713729225,16.25096510602578
103.06940745574441,83.68256614424061,23.67663997191026,16.272761111440943
103.47438168014249,84.06823661449702,24.02690094045723,15.977488876248499
103.30108233589672,83.1759379347494,23.893427577662052,15.969299995166043
102.47220455784591,83.55359786418805,24.087854772252456,15.771716652287568
103.0072926005767,85.21780940897295,23.396794596128863,16.22303985673937
103.11508041043906,85.31943711872646,22.753806466485937,16.870619164519677
103.89873384941444,85.19164833282298,22.18628662113939,17.41560029410403
102.8432854038588,84.81157745980312,22.337682603399045,17.501557002530845
102.9089166283501,84.57426448294028,22.36487145825615,17.54425891117061
102.9130088098976,84.98084207239859,22.325655052583265,17.962885334159793
103.25183259916058,84.71370220239129,22.30514635812486,17.860845556085106
103.513260622364,84.39873503669816,21.934678422474892,17.48429990890996
104.03439013752185,84.84516735538917,21.858743483116836,17.19048227670451
103.94847014123157,83.71247829535797,21.84426789449488,17.153589745903247
104.05983436419389,83.3207241099117,21.697420043121813,17.119025797765044
103.67480513567818,84.32284433556747,21.477744029308962,17.54515639251977
103.40813834505444,82.96761486094258,21.545766619746054,17.853167402850488
103.2618483284742,82.6384222672064,21.731984757106883,17.578183788252236
102.79409625590064,83.42706850175648,21.85873869006148,17.578981867667395
102.70194002900617,83.48314498664591,21.94060706880245,17.467535573933027
102.71785021629535,84.24641407948619,22.17522795003196,17.21138074625418
103.10352066491767,85.31368928403809,21.93377198721267,17.17357225189952
103.14540982331435,86.49168928985569,21.853278618831627,17.02707398358098
103.28354396659883,86.65076870114108,21.88016512862462,16.87502514016288
103.87614911491328,87.38250041536946,21.683643598952038,16.85723899213214
103.75730759709027,86.96685192121102,21.544352141332904,16.645255259738253
103.97630830055185,87.40720553466073,21.485287233766975,16.420830994207392
104.03897069654968,86.8241236295093,21.42315866127519,16.370070613989007
104.1144797488117,87.38006723463599,21.28549615367347,16.350817008739003
104.32578176771489,86.62632460025713,21.15668123439548,16.021980327537918
105.40261414697594,87.22650803319107,21.213691477017786,15.922469050582997
105.2334700058396,87.17694855511607,21.51208249251507,15.986315136520219
105.10081333695894,86.22512601050278,21.752861345904886,15.959837254212063
105.0291840769734,85.71607768486146,21.641480895977736,16.26216366089632
105.59475065305395,85.18879909636229,21.599876900501506,16.438588434997758
105.50759923427913,84.68678899098352,21.44401378560707,16.43248300870087
106.11115258045257,84.5836661354889,21.536826102468876,16.686475836226
106.2395684346219,84.85348557519093,21.78034141237208,16.733887811981695
106.10478356386271,83.9430680884165,21.934329932011938,16.719858645973684
106.04787479810572,83.60376242379823,22.24466935666957,16.723728528238336
106.40452282279144,83.251339541113,22.37875519711823,16.659373312945505
106.46799085996963,82.35426211418377,22.554136473864663,16.677411795649157
106.72243805639849,82.2672109845627,22.517289141735034,16.80393222203537
107.17507864805367,81.61779488562281,22.79259632302579,16.615262321831626
106.96212151555233,81.97615074468396,22.83677782616861,16.7294686773635
108.26078177564855,82.76450180292059,22.67087596327901,16.871666406967215
107.69405017369458,82.78495633661561,22.74090385110114,16.760162529627785
108.77870142062756,83.15289035665523,22.573473419918297,17.07301663749012
108.47184382476,82.80672121763959,22.54283736768061,17.01372717227724
108.8459046099579,83.60040812191613,22.55791315970776,16.952273754806914
109.47112847886616,83.37242256602818,22.24789725515845,16.97202296898074
109.97885337221538,83.45085863058199,22.31109710854331,17.081338388510503
109.97140176883964,82.57019098136321,22.5493098918062,16.825636533704046
110.69737446412037,83.64979315806127,22.2253368656704,16.779683151148383
110.86898673292492,83.80549087358446,22.18597248578947,17.01109374942176
111.41025610045233,84.64314758245908,22.10642912255322,17.227431842864863
111.37961895084288,85.04700518159956,21.98972915297805,17.387159931956482
111.274283907085,84.08588500402556,22.185992349885417,17.51155110879028
111.04156154634467,84.16952782862539,22.04312690834501,17.59580212693757
111.89803095443615,83.55898651056756,22.093111809660815,17.784016854575427
112.75550372056202,83.31156810565699,21.9448792529111,17.964705595968542
112.21051406711601,83.45510858778921,21.836466407016868,17.937518883527538
112.32183475291893,83.83995829925738,21.877450925427574,17.912983556946646
112.54406578465273,85.0907348960291,21.908121416729514,17.884820227371083
113.49916691893843,84.40488815585871,22.210315769862206,17.885953896119744
113.91195777030427,84.29823010074264,22.375549170184556,17.867481356196826
114.67838836679708,84.4258475090341,22.418154729251263,18.18014534952374
115.19664450810424,84.36520904139094,22.692472801327487,18.39435377892683
115.5395088922181,83.52781301069898,22.7351431906239,18.664675396585174
116.06249958408804,82.86910302695561,22.91666713315504,18.96446681354243
116.38960029614849,82.86866303435133,22.93142157155628,19.197477296445008
116.94352266357515,82.3582403365575,22.890599756357805,19.431307730789992
117.1757393780669,81.60871888285247,23.128248186486115,19.5613325603497
117.81668166279518,82.11822697473542,23.0580806265739,19.747162997143512
118.06699725855965,81.90991602522055,23.09976271276636,19.83282262567495
117.85143453939499,82.2746591618912,23.146767388747516,19.68987508438553
118.1851578168283,82.3212975430117,23.182017216880336,19.3655158529196
118.14225612990742,82.18606587437048,23.21160305811712,19.207600816817546
118.5498683661108,81.29426570916351,23.1570915073298,19.19344149509373
118.35501558550013,81.40748316511376,23.1034003810435,19.373746205547743
118.90652509178999,80.32383207774217,22.964825886553076,19.261916967784828
119.31282224373211,81.04755955183234,22.62285847332815,19.279210521382137
118.99286203831817,80.41666186493858,22.62799305318148,19.04735128644315
119.2498330973189,81.27119484620425,22.555482308537787,19.11020731621374
119.22378898689904,81.48567498121659,22.477980658805414,19.245717814163925
119.29210254190521,80.57312845857207,22.739466918734795,18.927275960695034
119.56657803771841,81.02531000131268,22.60079254868851,18.840862229862424
120.34887156588879,81.79665564804803,22.780948124259996,18.589717757985934
119.9020794428303,82.4514575260126,22.87847902040519,18.4576658676345
120.95744843603971,81.6730323238255,22.789640257314,18.403162517011452
122.17931970322864,81.84557041053542,22.74797992775487,18.27470768291275
121.21386391734974,81.08191333446064,22.893620331757553,18.264155600282955
120.28380175697518,83.37627152244035,24.293840190407597,17.504976615986127
119.2873121428947,84.2991131146778,25.48104019989484,16.939080971947018
121.34633192666391,83.38213698246842,25.722314120363034,16.599770878653977
122.29228301687745,82.74424468764846,25.796365647630946,16.523901773187397
122.35788155780716,82.20485877809438,25.457368907592247,17.003995659079457
123.1456198453393,80.93075541294283,25.256459841225464,17.256223604821393
121.48092940411547,81.46663623491965,25.81163885370854,17.202930460051412
125.06339542201451,81.96082623846998,25.193606613442682,17.777596550706193
124.04419742730441,82.4596195869585,25.310423599528836,17.604873406776324
126.18730992927746,83.24919219264652,24.676958386003278,17.820236414165535
126.72424565759584,81.69432681149479,24.285657982871427,18.026499521287136
127.38375104424539,82.82200709161654,23.623400511192845,18.20586639138726
128.34736120209584,84.26593791429381,23.24349102465456,18.410245079589817
130.00453387776685,84.1009595892736,23.63572893480236,18.10093136439207
130.5140399587562,84.23158331465469,23.533014923839907,18.32045000140037
130.99169838773724,84.45357863942743,23.323702706933858,18.41515337594086
131.76450187101761,83.02919560078563,22.842436451013118,18.6012564702838
133.08360987456624,82.85627042798899,22.800384193610707,18.629147835078363
134.45869579280316,81.90996395528194,22.941012117955335,18.533820230641986
134.67224601971444,81.51316770493644,22.815161496047676,18.70812231986068
135.06260778123658,81.38132353400265,22.910914618473022,18.41754128831135
135.21350565938,80.26978435465176,22.865200800929827,18.446419608103206
136.5753948028978,81.65581048831517,22.89757323639788,18.53429809448429
138.3288048440172,80.51269382069184,23.52328861177014,18.258466782056388
138.59680697227563,81.00195606907616,23.564689748376903,18.103681217897318
139.6429788337026,80.59733804847617,23.661448913630238,17.936053934455096
140.50620915902192,82.48436318770668,24.31907391820404,17.302905221545842
141.13133443517484,82.49118516906363,24.786124973030173,16.850963927498793
141.36334614338014,83.97509654841753,25.180951439699093,16.689795383649994
143.98172414160624,82.82940325717637,25.25479286298565,16.481087552374987
144.48632221920997,81.96796823052134,25.241509557681304,16.514014411295715
145.1950059341048,81.80475696737359,25.22679319944007,16.360841067811602
146.14821859163573,82.50578103154656,25.203419995050268,16.331718340199618
146.85274430290195,81.8721632463881,25.157883711143867,16.259965010331918
148.62122471948695,81.7273343732673,25.15522988099516,16.274286759230463
148.94381232062486,82.18973552397908,25.249492437641905,16.29882450325901
149.48585514667542,82.26234158984025,24.544901363187037,16.988023396583962
150.50809341863214,81.6938010240029,24.809465842527963,17.192066710780487
151.54750278452482,82.43191754672326,24.857105755609528,17.405730964152642
153.01462035628407,82.03795024498463,24.869027590698266,17.790999535315603
153.31741615893975,83.12378682234474,25.42141773873619,17.901712921961952
154.6893922194776,83.92577607520909,25.510643899444545,17.937742269741264
155.38990731757576,82.67030662594652,24.95815746640895,18.477862887092662
157.36570985581312,82.65446212026009,24.84076063997997,19.12684579275646
157.83404382516977,83.03216974228322,24.88275829155296,19.519981655163154
158.89294883080413,82.73727404308053,25.145648391673383,19.673318578642515
159.62201849621522,82.78066052359954,25.15849673842535,19.878992737555755
160.4924249880475,82.33359198134139,24.78489879210669,19.818726838883435
161.68482835407247,81.8099880926187,24.707389528242164,19.734875327350228
161.99441351049637,80.96149176631155,24.37635113787781,19.627526425322785
162.9123678317063,80.13621550555808,24.026054172627788,19.6339472863683
163.60912376974446,80.24091532188346,24.14979509940024,19.535362001580754
163.30537273055484,79.55105531101816,24.325329055058795,19.63454465644429
164.4756848321974,80.30224271432365,24.645960926679024,19.921965367754744
164.52174449409702,80.48660679428296,24.540398442077688,19.859027989810933
165.5736152710414,80.47454924336385,24.469569380940957,19.800149994045817
166.09173222725016,80.74366064966523,24.43300269579169,19.74404954310308
166.6282040138403,81.138072969631,24.75443861918583,19.843560131137842
166.7848320235116,81.13742644134977,24.95559130746194,19.693384359379785
166.9252772946344,81.5680207167686,25.277123419845037,19.66571485008038
166.45988415109923,81.36029745907743,25.43834871419765,19.64008756036895
167.36967014619728,81.6922029464023,25.50195829596205,19.645060906073674
167.41854122138014,81.58839906507468,25.357705393305796,19.81743852387055
167.81239203880864,81.85246366685155,25.23004127599644,20.003663000927467
167.93043017601588,81.97159460268281,25.899192126272943,19.587017555375212
167.643825915759,82.04857682668025,26.533644132446064,19.214369015216306
168.8424708891427,82.46668688886784,26.42821691189021,19.201481737005828
169.84886807512527,82.69983198049188,26.201074342941734,19.18712058656032
170.75531632704042,82.8045250996302,26.03246018011488,19.357731244073793
171.1000200909979,82.41041217771296,25.827061798890256,19.34466085377741
170.29700068426317,82.45131563488266,25.970889122682326,19.176041264438773
170.76471622445024,82.40672575776873,25.963930859252283,19.47001512753429
171.24654902208576,82.78276070673867,26.325470232433688,19.37294591623989
170.63146486084113,83.62146913592925,26.532074573866744,19.381803586362174
172.09298351226025,84.1375275103006,26.32047854948616,19.252592719024335
173.1115407430603,83.12322297677275,26.145598441905236,19.106304115334197
173.39997639857728,84.47552787561747,26.1046195578389,18.96707465249886
173.81275057842487,83.91665469605165,25.813608751930904,18.789492871371717
173.66373199021515,82.75958042178827,25.501699081388367,18.792618184577428
173.93756280676035,82.28499716947383,25.29377393973971,18.75740718581124
174.2370253380768,81.29976216031184,25.0250915109264,18.75241035671546
174.80960403772613,81.3235333100462,25.10960833171289,18.663755936052144
175.33286928224177,81.99558560461045,25.026570534198484,18.394017201186962
174.80752094143367,81.86938972098513,25.313323364820594,18.22715362237781
175.39107720559264,83.94501915668266,25.544658350082937,18.213011660009833
175.02931425616487,83.40552043427249,25.486521963610585,18.110312689882683
175.71753262929292,83.8973022620254,25.432707874176682,17.98783498570513
176.64494740814226,85.20597164327644,25.348237355784644,17.79084605955253
176.9615564512663,84.60712505519908,25.50911776597363,17.650286929722753
176.1202213285119,85.00605083195637,25.46019976704431,17.587746884386874
176.5346976751676,83.61570989614613,25.557128221117523,17.703981686839285
177.12476263570053,84.23835790654901,25.64670538375374,17.927945404955626
176.3059173724658,83.46931529134388,26.017773366888218,18.037188806065984
176.53563190322035,82.97617076072618,25.991275072915304,18.253462389167236
175.87030592534998,82.39948497038134,26.479840475082444,18.121901475693377
175.72132300394796,83.00879884532705,26.46453136809743,18.122635627085227
176.98161397805626,82.45797028900488,26.35572429361433,17.93419896016568
176.79297400472183,82.71664452746984,25.954926757106012,17.94669101220076
176.41727250407038,82.63309806136387,25.21674197459541,18.229473363622635
176.04368133699202,83.01941249563104,25.368101557230066,18.063704894334496
177.29745694716655,82.83419207942251,25.43332450871025,17.974519052099495
175.73524365961347,83.87156538477126,25.315703773940903,18.094692742839353
176.3978274847466,83.57397789808361,25.51845279352024,17.904886882684224
176.3208778686831,83.77301172965234,25.625262139726917,17.896548898177596
175.6036675145614,83.89784576585474,25.564537884705896,17.875578423753286
175.66127926447993,84.3758116341515,25.690330146959518,17.600454039225802
174.28456084728296,84.4623240973034,25.824469715347014,17.409898310284703
174.25034057185763,84.93779348410445,26.12155207423062,16.95377944601677
173.54158484598096,84.52065664007942,26.25217433054178,16.722291925532566
174.5144642701887,84.48643964176128,26.33605877932171,16.681612534405367
174.00168569245733,84.06855926706204,25.917726674492418,16.84158893436231
174.89223822846458,83.03995790413418,25.323206790389946,17.63044248953322
174.77059607692075,83.4996357901656,25.117560025295575,17.37471624933073
174.30216440141865,83.16233028883138,24.897088810183455,17.231717345802572
174.11016776994788,83.23077438279296,24.577955106171697,16.933123529841968
174.85582123917504,82.70809150464879,24.536604704010433,16.700235611623167
174.09481173998375,82.13286749136341,24.1814171384434,17.018369325735875
173.8717343772606,81.60098914129793,23.927447302103076,17.238305394362786
173.48138751955946,82.99244731510274,23.75789641196409,17.12769558438134
172.30239523279377,82.3386330304009,23.594927568671128,17.182373843077926
172.5424311209757,82.74358677825568,23.75733777501531,16.64342071786702
172.8125567227155,84.21203651224563,23.63902496107541,16.894345260736127
172.25747958557176,83.20162461335268,23.319909444713463,17.284255681713855
172.7379298388575,84.64839392138997,23.507640034028203,17.36624625951745
171.8468183307782,83.58397391996795,23.48566323539034,17.399623463289224
172.0908314487797,82.6501887262416,23.513098027009583,17.511608418689313
171.9154994085579,82.04083633755891,24.161835041603844,17.175827398172597
170.48225677176129,81.62364145169744,24.562196495845907,16.966131786480325
169.78336714475836,81.79139375573786,24.99306872546819,16.63290639296047
169.50732811983835,80.86145498095159,25.680377376142115,16.43068162472296
168.8226764545308,81.60877793694215,25.821683403748196,16.538452466510748
168.5719215213517,81.26054351399551,26.002927857775763,16.376722669673303
168.59775330127476,82.57494987015093,25.898837739941722,16.40138285775309
168.44808752809405,81.66989307273651,25.45415848021949,16.3713178436876
167.45573913849063,81.47361198997358,25.634051887996858,16.623026559511203
168.29638604322616,81.57309049351,25.73581254954169,16.701393275277724
168.2671097885913,81.86245496875179,26.036196465762366,16.429942928109476
168.52640407147666,82.67046816121875,25.939449014751144,16.536902645279742
167.94281098473664,82.41768476808494,26.11148623145549,16.662138958362796
167.6585240277732,83.34897679261202,26.527995628241978,16.689104283889016
167.92749827276774,83.92827886429154,26.366502355852806,17.072543230396594
166.26250965313932,83.44367085055714,27.163751399919207,17.170870249820204
167.14497359687638,84.36331348251514,27.334336293588265,17.384701545886507
168.27884405572522,85.0997478190321,27.209557831640105,17.53139526031901
168.20133720462417,85.24870662892928,26.78776260439883,17.726043600216645
168.87000268989541,84.67783213836903,26.573538113501094,17.919756685512738
168.70138015287122,85.37105004172648,26.430948869388484,18.040973161512674
167.44240054856596,85.34284803172649,26.936081635280527,18.081606645596565
168.86281395658773,85.52060612217831,27.29635922177908,18.149321857791765
168.33161274295642,85.92454603678001,27.654514591603785,18.39524833351999
168.66172034213378,83.77150230843414,27.395772200179614,18.504111650044504
169.33418114748784,81.73490783468323,26.849112589555432,18.42543463837885
170.52522535066979,81.76532983188277,26.39099702826903,18.587595610954036
170.30903679554177,80.37394114651778,26.38973705594833,18.6888556190894
169.2884526323052,79.58811551488678,26.417714874532713,18.835838451069346
169.66467312444354,79.75770632294753,26.123707011698798,19.13953334079959
170.05920330003255,79.52824490746875,26.107772428228593,19.199659911400264
169.05337614177267,79.67294285400298,26.686287420560124,19.389648917471202
168.72860915506197,80.31620173386192,27.25738473619516,19.267876369354582
169.23110244001677,79.9535218809406,27.454426321612388,19.560506652151098
169.64048206680928,80.60348946891442,27.45488129284277,19.704918977004564
168.1355345459084,79.93442852566974,27.804623422504644,19.580770603636736
169.5417516670757,80.27736425891582,27.31368518999669,20.005836851721284
170.14031602437348,81.12837778798064,27.351091335058385,19.974040182233004
169.14551356029415,81.01924836697609,27.61970083703911,20.10127761312123
169.42075654987264,80.88462564085656,27.751788116758917,20.1662370711882
169.05269517335933,82.24978412529062,27.55643797225593,19.963837010584225
169.54797229449443,81.61039775035431,27.484654818109068,20.031224033528147
170.19533535425674,81.15716467895773,27.05731945042311,19.751384653402585
169.73261402603177,82.1428489857422,26.979797371841904,19.40724024675807
170.04389805565134,82.16161188531298,26.76176606649566,19.210793101548152
170.23021998244025,82.44794852229876,26.5831291774822,18.95449156648726
170.47242017855396,81.36824515428421,26.55010167691929,19.020540501078976
170.5145585110522,81.49198691250022,25.95874791403005,19.34256964991871
171.07336302925694,80.96770599021052,26.036104001750825,19.14217433736311
170.27793718697384,80.87546894304668,25.90075832437087,19.35809524250253
170.95254348110504,81.26825066415302,26.122103688035676,19.200100402851838
170.6100680796533,80.57957606798931,26.623575271264073,19.048701917376203
171.55226261674844,79.63630462354789,26.55298176363265,19.130838520973107
171.6056333690571,78.32562477172618,26.26911836644387,19.361667399955248
171.3191450760281,76.93421811266997,26.04226302567924,19.480936063221492
171.96553308185148,76.21799510094475,25.49850991509067,19.991829249776952
171.90474265785488,77.28083773931931,25.424610490909977,20.11136010423814
171.56949457979778,77.29032429027119,25.56266848803525,20.22660059891681
171.28399268117758,77.87012763111096,25.60263900776401,20.177499498139355
172.09625997675258,78.07208998227807,25.614023987536875,20.074948396764924
171.85870393291495,78.46904151122145,25.58313591404119,20.038488945731643
171.50745077402993,80.02934031123874,25.726636434901852,19.936482988076815
172.1788543156635,78.46221210591084,25.789133068294262,20.153221736684287
171.4359153119237,79.30093008340079,25.661503208914457,20.32690911468169
171.083931421417,78.67303158284344,25.65139846442659,20.212835095479313
171.33524279270432,78.94383087176669,25.423056538168538,20.125930341685603
171.31335578978138,79.26178782574274,25.346843689520846,20.100501212614564
171.3864770658944,78.7847962708871,25.514795220508585,20.029768421904723
171.4020954105436,77.78944717288842,25.810069944069138,19.687040857632915
171.22930789734565,77.22321096304799,26.014057757783284,19.821006731293263
170.13787224335843,77.19767187677404,26.183967678123473,19.909767310445453
170.00729010750803,76.98657426003847,26.028875551861674,19.893140572500123
169.67990982171895,77.46587180150381,25.84863155533986,20.05227849127842
170.03865484354154,76.5227851562307,26.09264758040121,19.681689515665596
169.5747464501848,77.51834925606532,26.031012541495976,19.84169413803309
169.24989323974535,76.52547987125288,26.0406150857841,19.982134498195983
169.2618643936307,76.77657389282042,25.838483038428457,20.2316321340198
168.35501365079497,76.58220018499806,26.210361399214356,20.191495818299323
168.5835058189858,75.88336480146849,26.15319673494043,20.384052459153025
168.22094007542586,75.7429348351562,26.508197236085067,20.446437824841112
167.04571215674832,76.22488715859856,26.7547795821529,20.462599179371644
167.74534274847846,74.75693569166239,27.225389299800383,20.35840010823908
168.04093205255063,75.81517625256653,27.12083230992695,20.406823819270787
166.55052817299767,74.73864681337739,27.361252629305078,20.23528057057387
166.6935959621645,74.89359854154773,27.39634585317554,20.304787679132637
166.14400075033572,74.02314904059968,27.35082299424794,20.513503868338017
166.21026836458483,74.34496531232041,27.026465147503618,20.469443029761038
165.34403227655625,73.64266314138271,26.97703882502565,20.51627514053444
165.3794462882196,73.93421992343946,26.905864551099683,20.496686299473925
165.27581397805173,74.10581930769443,27.06882804155789,20.59140136601267
164.76413799476376,73.87663421764465,27.21178280754939,20.60912316917055
164.78424023651172,72.95912936805362,27.286221353922105,20.70859963089531
164.6370343426696,72.6905856368766,27.29984492859171,20.489567603579555
163.7782103267447,73.94257642964479,27.623993109214698,20.826612562614116
163.1257581875236,73.28955043553728,27.7702235051725,20.967603434610567
163.1262056743285,74.16035699634361,27.95610116118131,21.005347627107724
162.80723526975518,73.9976091138033,27.971858885840028,21.099703195864926
162.8630004234753,74.11001551062463,27.99014655594742,21.174396202231023
161.6502918386689,74.44557394896061,28.008148573964185,21.493087527348933
161.88796096006882,73.8842605768971,28.039162338553417,21.398601611067946
160.88083971637283,74.67986651036607,28.25494171978999,21.741103895512456
161.3068697682875,72.89811004945156,28.241919034326155,21.634845622883475
161.10237269139097,74.13681282173539,28.438749531169222,21.45892156368263
160.50794385239217,74.62604586484534,28.148259145697864,21.29799928210826
160.43776758313223,73.94245658254006,28.003735665455167,21.150624061394723
160.4766661115484,73.94098005529102,27.97470705819753,21.168641711159985
161.32868149049733,73.4999308587616,27.709146425498005,21.071796935101855
159.95567677687836,73.97173107348868,27.759485248030145,21.286984948259374
159.50565807855997,74.5408891064768,27.611592284826557,21.309302923115677
159.2180378662394,74.36376550844705,27.50371073023109,21.471750478519656
158.8397832645976,74.87341335543607,27.566106023316472,21.611434200435145
158.4150412524184,73.75398929107416,27.405042052107557,21.54644789083501
158.25696143013667,75.55182444858558,27.547325321711096,21.75402097447856
158.0261911326806,74.69127612002626,27.350472414387788,21.715233989400534
158.24652392267524,73.42410285879893,27.091285558282134,21.5243445728293
158.2248781950285,73.11997972791112,26.991592340194728,21.68016145061178
158.53753701697386,72.08792261146928,26.96179209323092,21.544236535164785
158.09444198508692,69.90891093893597,26.975722420943697,21.684876018689632
157.60430012836855,69.23349270173519,27.15437116705335,21.73906601729927
157.37703473227518,68.38816847862088,27.308201324522145,21.767488382633402
156.67189752299677,69.10323503928086,27.279551430487388,21.884425287711156
157.45921741473492,68.56417033597508,27.900058207680054,21.67152083030142
155.6389336103164,69.22138765765263,28.262597805195075,21.886424665988393
155.4607844034406,70.05940435561271,28.328992399385616,21.87468002929979
155.4981985925248,70.75192711432632,28.38555740913096,22.12169670860414
154.1204160497905,70.66928526645188,28.821663771531348,22.113110883927234
154.61994029532218,69.71382777048998,28.75514753134918,21.790983874126766
154.62957650901257,70.47394253834578,28.598940167921775,21.978626371534375
154.54346473439693,69.5658325630601,28.52516321861981,21.991032745407452
154.97269095567455,70.36877480933909,28.84771768448131,22.101202811603432
154.76296154713054,69.97312151997347,28.847224407014423,22.29985909603077
154.6755548971474,70.1528591654788,28.985063045928506,22.32830650923993
153.83324339371458,70.46770772642873,29.086204144949576,22.296788310470106
153.6348154770725,70.5030165956725,29.36727277760405,22.489760192572746
154.24175007340466,70.82339300186776,29.73845488308123,22.557323348695753
152.39048336553813,69.52595782163307,29.88037323610065,22.614022179395214
152.61138606108685,70.83688562770399,30.157855359689766,22.626196670936856
152.63458510888745,70.42224677588557,30.1148775713896,22.615855691712365
152.07742083442974,70.05850005947468,30.3595595114755,22.80536320362807
152.31523585227853,70.07557155494705,30.29595531486825,22.932592784866955
151.97387174472757,70.6830195502981,30.412184833166116,22.925736554754454
151.76472351316764,70.46861889816117,30.608829637870215,22.695047273701164
151.88136901500462,72.42048388451597,30.745549159184424,22.724564867214696
151.18042101330798,72.34819420937094,30.835333784861614,22.535449163450508
151.56582062952023,71.6130879565284,30.44764662538174,22.610022964835657
151.87002196277018,71.19100351466135,30.760726819923896,22.704272195630917
150.91927635085835,70.98314077891763,30.728776643219575,22.637558119341172
151.71924629762051,69.98707262211357,30.825499414108716,22.505169362758863
151.61080039326353,69.27906934474227,30.87633228014709,22.602591475362793
151.1235570987318,70.0498204378456,30.967273828126267,22.693895947900952
151.48171585307563,69.88944490329844,30.93898924456758,23.032771163382243
151.53558720973064,69.58964156415225,30.732058799514704,23.12303248902495
151.57669287154155,69.04593106181507,30.744192054576203,23.264287812813997
152.2214480583223,70.43601696614957,30.758112357474985,23.333923504984227
151.5577844202219,69.63635373240415,30.910994839020923,23.114150784624105
151.39351500318432,68.92119428060934,30.69440747337384,23.032759282863985
151.21299156941814,70.11972192209963,30.84627610179903,23.194603640920405
151.4166201235752,69.90579486883387,31.1913106132626,23.24332765220849
151.6679526355315,68.99529530165692,31.49431245326832,23.212328099771902
151.62246862086914,68.54694001992928,31.625628613802643,23.50168521435939
150.76415428855097,67.86403848604942,32.039581196781576,23.789081948195744
151.22773041002122,67.81310071500832,32.50025527735028,24.095890284252842
