76.5,79.5,64,52
74.30610355216177,76.92333671204005,65.3747561677712,51.064691608115936
75.65549835597153,77.65707245828665,65.86955982377776,50.72271924491809
73.7753468412005,78.18696452374859,66.44375044945018,50.37984398612175
74.79001673943786,78.12622965742815,66.58954793439332,50.220791431870666
73.73580297745244,78.0791161177478,66.83282679484336,50.15450516980453
73.99158245081956,78.10882552115076,66.80620304236302,49.956925821344974
73.5825375297379,78.20755244026365,66.6231627804614,49.7814559437626
74.1310333049822,77.79473085345765,67.04660346378326,49.70748585615178
71.83418660221975,77.5256019336002,67.35964339259304,49.767822657000636
73.47680481449764,77.72044980793112,67.25820933429398,49.70673184493853
71.78656582415807,77.9991858384912,67.06011718748593,49.62042031486238
72.56062707355156,76.72905602865382,67.05759724874228,49.57894766143533
72.25503883100593,76.99347231232595,66.93246289418053,49.44014556756175
73.50346628344462,76.81575130151441,66.96129473017838,49.455693294446064
73.60247693425188,76.55024810192002,66.92509527075747,49.415429108574735
72.05960716787192,76.560965049382,66.94527660840329,49.373062233769
73.50885316223035,76.4638036764829,66.82219574868421,49.22647785290209
72.05255052173057,76.70852462391944,66.63275382471247,49.192207900739874
73.20926029495571,76.77924063198566,66.61025596634201,48.959572575011855
73.36088565514116,76.5725722158158,66.5356222882742,49.02392814609824
73.15547385806661,76.42408131302388,66.50010338435924,49.07122549867151
73.72027522583308,76.62118653283108,66.34636601290103,49.00217743999088
73.55810717666489,76.1506423784044,66.29884378265655,48.99196584306726
74.02980168974415,77.10077600631004,66.20279617476433,48.87119704516459
72.79579784820694,77.0604076814087,66.35533697704038,49.00796590183044
74.27595909576593,77.0113039065932,66.20974894084577,49.00227795860972
72.81415856611525,77.4895286338846,66.12643514609745,48.9387978739152
73.44878147194461,77.5956889101854,66.25867787699548,48.93729181222795
73.86870452312107,77.27870904702282,66.18927300875436,48.837121513643154
72.20032412670903,76.97035998598642,66.14319602920902,48.864549222794025
73.81098027472538,77.74296239329189,65.70030179729379,48.49071241107464
72.35267619561098,77.67132587709607,66.08317706443981,48.56110574906406
72.56872435124372,78.95368770719244,65.90154569920591,48.53957662126573
74.28472134759893,78.99380108306198,65.84849491137524,48.657073019779936
73.26537133007159,79.05649506024174,66.12539346518298,48.784520607383996
74.81903619901925,79.26931841427597,65.94492334452093,48.85885577950354
73.2732878328489,78.33165990627722,66.31692525722055,48.79657778569724
73.68883988952867,78.55674814784622,66.26738484310644,48.72289481614339
72.94672012140141,78.86461757086255,66.2597054578903,48.56353228427393
73.79423378491259,78.34083627846381,66.33721309733676,48.30533067076819
73.94974827637202,78.27668928612326,66.1232323225354,48.059686422789
73.34451909159874,78.19338365733203,65.82724015821506,48.0524701514179
74.9197071178942,77.99608881944819,65.91523213998694,47.88783110890481
72.92843327422639,78.74731647407484,65.60925043126541,47.80825132321871
74.23497260640251,77.66124604158267,65.4887984339359,47.766016930710975
72.94540511053151,77.05517045322729,65.28810320831644,47.79387400284562
74.24538992744654,77.24130988111904,65.29497990703643,47.795377275157776
73.78810886872209,77.19154025511617,65.08368419443772,47.64339544643117
75.0332351121897,77.56316968797343,65.17741632092108,47.434742143403554
74.27406922357204,78.08060849938272,65.31345499303097,47.271271016156106
74.62527889254122,78.44442829618409,65.06829593594018,47.222406494651146
72.37531981128184,77.0524880784476,65.17639795923773,47.133071493188716
73.89157311686569,76.63634027443176,65.14290572566402,46.969593368558186
73.83740349702016,77.60304588407992,64.73085755423753,47.03405652841989
74.5212916272107,77.23916627498289,64.65546567991906,47.0411003430571
73.97235664300986,77.46363385706738,64.80776434495314,46.727034948103736
73.49200439570876,78.17871628516986,64.90118448200758,46.67939458225523
73.19260408476927,78.01362238883439,64.66468567160886,46.50232181393676
74.36975389574582,77.58221028399223,65.06656728973758,46.12106631456807
72.56506315437525,77.88305755106231,65.51856914525091,45.867925050529436
73.86848697165186,77.16843969801184,64.9414234588636,45.415100705666035
73.27076513497116,78.56059735703178,64.5066914225006,44.499651950469456
71.31282370631283,78.73575131014118,66.0673317890488,43.93849779896179
73.7570264026603,77.55583550712613,65.6708921670753,43.37608533303145
71.33082995513976,78.0453487001458,66.01015392045376,42.927915317918035
71.53569740100124,80.53578816610843,66.18920306775134,42.48984825656772
70.60190767432499,79.0814975404967,66.59529510865116,41.85140811878361
67.98392907025392,78.55564236750851,66.68919346745858,41.296138021759184
71.87631667958914,77.82316000663685,66.61521031345488,41.24252612149323
68.51615843701897,77.54818545204444,67.43039212070826,40.77658165214869
69.01746153062201,78.70383370301417,67.96767491150663,40.67398342291432
69.06556888719037,77.16154914315506,68.02077488502593,41.06773566336008
69.17630299024711,77.5919281025193,68.21542625441293,40.87513961368066
69.46257040970973,78.09774100759559,68.29672128809588,40.693890965030924
70.1595269978147,77.92164147849397,67.08132865724937,40.75411404819755
69.27397697327515,77.23308932530132,67.0947970468207,40.882685582518626
71.02552133870671,78.26929400056613,66.41000236426693,40.41397603534137
70.77557651857838,76.42789201844883,65.89368132928402,40.30793064578569
69.61822246060018,76.90325429831626,65.52916185467949,40.140227357279635
69.530985194169,76.6433964789659,66.14149353857333,40.45832706637677
68.25086194516888,76.71338052433576,66.03937078532238,40.58970175980337
67.05602426801175,77.52245529780006,66.8089575623661,40.636344273726806
69.77750768698928,77.29864950799112,65.72327002510076,40.812803982855584
66.85965145917896,77.10967001657076,65.88802062387937,41.442139654176685
70.03515624541494,76.47721385284306,65.39632024787957,41.97747610921081
70.16076561579266,78.54537146386613,64.564653416094,41.17070805398903
69.81123346511924,78.0223821894247,64.55638260296179,41.269120332043634
70.3948670871044,77.72263666491213,63.301740291817026,41.52765332223469
70.11273345928505,77.67705339347893,63.17132971771329,41.908964815252546
69.75010314420034,77.33552355432101,63.390291746255365,42.529030743592216
69.79717425478533,77.41106605558412,63.49984199110596,42.80752991641431
69.30709921593447,77.74375440050567,64.01605171660623,43.31061645670425
69.59555376009675,78.66206794915695,63.86372719582853,43.87707053806685
70.7048099815954,78.23559251150013,63.48905809370493,44.23490655046162
69.93637620339442,78.54811412035593,63.56829680393839,44.326638630868615
69.78167529174101,78.05017219022449,63.66305082751488,44.654485195790016
70.13769953281965,78.87502579470883,63.949214742456135,44.59929879408755
69.33816283463133,79.06505759916995,63.94525686117624,44.557491037626185
68.22524566370204,77.95666251270515,64.12049925738663,44.39817184890723
69.98364930390242,78.49860590867368,64.02508942457192,44.44004477777248
70.29473870040118,78.7825814058113,64.00459883777025,44.24787457454148
69.3202502395971,78.6549379069987,63.68294969126315,44.053990863510364
68.28817425575004,77.85227677556352,63.92119764723092,43.88710062104013
69.70623236603284,77.04322630688507,63.99005946354581,44.26570449285291
69.68234059760059,76.8455658524425,64.07219876748154,44.37844508567131
68.83772269669974,75.38461180208765,64.05291904441904,44.37246097828164
68.78079355934408,75.56360633670906,64.28744424026914,44.38192131184799
68.73238161480405,75.77744460839978,64.60634503710313,43.961804748732334
67.23416502038546,77.1039666231307,65.32434013466224,43.37070043560959
69.43960897124447,77.58689766259138,64.78131755696461,42.72300941081308
68.00921505980224,77.05834921429644,64.87160567358076,42.53938079013001
69.71880874061205,78.34025369420456,64.9857961977796,41.710497458022175
66.21413696284161,76.50264269480138,65.93697277257709,41.57516066089959
68.93016739161148,76.294778964499,65.7046446954939,41.196941020865005
69.32217384833348,73.3827246337657,64.81762668573356,41.19445485277228
69.65519270411428,73.66588330585263,64.3786284901441,40.999106416669946
67.83219253135121,72.79447185918292,64.15447874640631,41.02563800160636
70.28172752814609,73.00898322314774,63.950172413247444,40.37403588386616
68.56745823862089,74.81666136572251,63.67776776071523,40.780164927390935
70.96307911861243,74.91823046574007,63.140684020751664,40.17120677486788
69.72830313865474,74.99832166767219,63.04210167280573,39.74385602793646
71.08801205153907,74.87345397839387,62.460387981024496,39.45431057467928
71.18817590207755,73.77722938854225,62.111995353680875,39.57619619961872
69.04031883255857,74.14179449062757,62.29750050452914,39.468047092669465
69.56465645613717,74.01287761144005,61.987060432981515,38.884449114098416
70.63558268393665,76.088492229037,61.56473295697393,39.026301162473814
71.5928512530304,77.02717467949682,61.060798626785086,38.86573003711264
70.52698866874968,78.10000644295044,61.455776768903036,38.431055627827774
68.45448016184059,77.97302221693434,61.61010831976955,38.55494330543353
71.69189064898703,79.5470637597425,61.61742693287903,38.69119440255647
71.26124671892063,79.58558812567934,61.123025148198266,39.19097659424009
72.2100452829779,79.78148583153393,60.2021033516763,39.89140661492684
71.81660049282006,78.99172846686123,60.50549885883945,40.862980312816234
71.23645562435327,79.01867753651383,61.094587569333356,41.66859122435712
71.60480970510937,79.4522713632331,61.068821199355575,42.68548171594577
70.56600181184287,80.33694355122918,61.2329515780593,43.49236524331967
71.3799974559027,79.63577769531707,60.715970841392284,43.87043095058151
71.22156740697694,79.66984220363018,60.55592669601297,43.75724168677246
70.15910635172187,78.5326427471378,60.693974702976966,43.836214374094986
68.95226791076445,79.8223371699701,61.600826376227886,44.048185906695785
71.46896352755377,80.60292663754842,61.96479642118318,43.89915234774458
71.07572220754987,80.41583659664703,61.71922332560288,43.93796910109049
71.9294080531808,81.59141860915123,61.60070284779623,44.027661532838664
71.83761247772854,81.34764254252909,61.33448063276447,44.276294065238574
72.54961270344182,82.06190467617887,61.486048022867735,44.45875960697527
72.22173723511364,81.8869511803576,61.19935713842578,44.60050183218694
72.32375914185698,81.09232959652839,61.28918669463286,44.68131070419108
72.55594301462955,82.09167043539856,61.22785301028121,44.41976622489893
71.51756940929084,80.15534957536181,61.96603201035681,44.39704890566577
71.88140371409881,80.01912309009558,61.92848093871618,44.37975109156268
71.6163810909256,79.42646564406768,62.000648191478916,44.501040462340114
72.65466493926036,78.49238304745235,61.91043651478316,44.36477345418526
71.57762845512413,75.66262266362092,62.360435100273634,44.73237260624754
72.50446630940473,76.07403610387027,62.07902036755013,44.62617982046395
72.75969896439665,75.54775086853552,61.92016100935234,44.77392567660862
72.94153703288141,76.07321790028325,61.759726876300505,44.63520005103277
73.0538496293217,75.0132902965328,61.87277698664067,44.641284773609364
73.3819899963099,75.05478142995032,61.64797040189143,44.62284459170663
72.98434717725789,75.20826720343786,61.727022369283915,44.696393835546914
72.63388898223158,74.93940676088036,61.80986720324523,44.87736605032232
72.61587037748936,74.5413067338099,61.89033561484332,45.04050654321065
72.46420885636488,74.28845966366707,61.780532635468674,45.31633189894947
73.35933544328512,73.48123155601743,61.840372587925174,45.411256268202294
72.3542121214233,72.92598818230061,61.587357913442034,45.612652019847374
73.15685580675787,73.0637244451135,61.34485564370978,45.462932107170026
73.48616723010453,72.43451491555858,61.100812605728464,45.62683465054804
74.4872337135932,73.53256350102743,60.96944627846059,45.27818308679571
73.39915407306412,72.91051733809817,61.04204463498873,45.359513366793934
74.64204696233455,73.50262087833474,61.23529452005262,45.59301086853514
74.95460366277666,74.50026213785392,61.069806035483445,45.39329824619479
73.97461646509103,73.84085876957081,61.070976657928384,45.2941818899189
74.43392421156582,74.54154958488697,61.375985632828545,45.039095329934774
73.51359082927223,74.94336787072108,61.20273971965081,44.78239628353893
74.88577813835869,75.46398191308221,60.95033850159388,44.635159967176804
73.40665789721686,74.76238805547787,61.0836361566528,44.91978188457969
74.76842398358644,75.40398176974165,61.225362677608715,44.709136288976026
73.91348923880565,73.18162206417982,61.43954253666186,45.380846638286336
73.97968366831344,73.68426270538407,61.479013836089734,45.280010944466554
73.43558367059688,73.19391294990011,61.3118126970319,45.349883295552864
73.88026190418014,73.75286589438502,61.442866290747915,45.2324706946232
73.79179382409342,73.58022504033636,61.327770358111714,45.01840530961522
73.13057960682653,72.271014212473,60.996106480786366,45.418167802820555
74.08863272110658,74.88740573189531,60.89591357181396,45.250543131132915
72.65874975327675,75.16795100836727,60.93389429591051,44.976873774888155
73.19788647411801,73.43158323739246,61.14371883186624,45.51031187916992
73.98050964686438,75.91364528807816,61.356172672149256,45.47985305337226
72.62939028504243,75.9066386595488,61.45673230910796,45.43885681496401
73.14264058256126,75.30115991159893,61.371969306290616,45.51483577807264
73.78606850913627,77.25857770987236,61.063934611549726,45.25774101290091
72.80613846820617,76.86959161637934,61.189142269551255,45.40235490015474
72.60905728226535,75.90176001305933,61.309480456299916,45.51777558264772
73.07264300391367,75.87521432749953,61.32256358205694,45.30241693202353
72.51495304190713,75.64709380517465,61.36195509416663,45.209767266796284
73.21651199244016,76.22569757718938,61.298107307999274,45.072933901653236
73.63641654898015,76.57726058446244,61.45447628549165,44.91327338221669
71.51721865310633,73.857537071573,61.73536232115102,45.07854047254022
73.25757696468881,75.0254070132565,61.72310458890097,45.06603896197598
71.4650165106833,73.84829849126498,62.01911126008033,45.22822009249158
72.04936853749616,73.1839649417582,61.7640441292909,45.11226395961734
72.11432522820562,73.27945953424567,61.55405197467148,45.04554406640094
73.81140971688104,73.37787252021835,61.69401190166329,45.13461847864328
71.5639196882383,73.2418552629435,61.817625458094284,45.33196621262103
72.889360816834,73.80587756665355,61.972676437978706,45.3744920979454
72.0944362150752,74.16652240597546,62.038794886643984,45.313995187303135
71.18833261099942,73.97835457111051,62.21442854171021,45.317949050659415
71.88988393373378,74.43549210803779,62.24659715936405,45.25131955757346
71.76219360614805,74.19835750399753,62.192576004366316,45.30918350509107
72.64514887209816,74.63976234576357,61.90343682714136,45.02928857213501
70.74392733779584,74.55918199401614,62.094968526422306,45.044332646386984
71.93235178920506,74.72006615458939,62.293675663414035,45.12756387939774
70.13541993443008,74.51521155807941,62.27949260286818,45.17150806706758
72.16778431072137,75.16120994376695,62.51845142276484,44.983657895462116
71.17387929998368,76.80354687534258,62.26273450866282,44.828350430168506
71.34391293036482,77.07466343137028,62.375248713144835,44.95162952228334
70.18322179229149,78.07029237256157,62.48337796805126,44.69731059330041
70.45572387524795,76.91832135282567,62.70425087018108,45.03682587686707
69.81710422697509,77.4699417559361,62.639637382570015,44.91516997722424
70.1576061851112,78.91531318970104,62.42032424979847,44.415115052199276
71.07383704096745,76.79019894989645,62.845150517211955,44.28566099091488
69.89639805405248,77.3750734852529,62.82361776830933,44.20338626636287
70.64608719090576,77.57639561472584,62.81903338650951,44.404240943116456
69.28262438463275,77.55469731342384,63.30400038089148,44.177474754706736
69.25488244943519,78.69138425816998,63.4597735588213,43.998527258723385
69.61283546588854,77.8660766618494,63.46745688662854,43.929898686487206
67.9635008467809,78.32362415084634,63.256042687877866,43.87780016750061
68.56870625446845,78.5042693124446,63.23217342981479,43.84075133347606
68.27310421491705,78.52777593752953,63.59351286689354,44.028938071194546
67.09846274021422,76.46890822483424,63.64047676646403,43.97261505923772
68.17664183144694,76.02341825847631,63.93671930154312,44.21225122907896
67.0332432083693,75.31435885074906,64.06428345443669,44.61382653695748
67.96291752136278,75.70545348974206,63.99818276660584,44.60350721641854
66.62385098733573,74.44533007730445,64.28261213554802,44.32590295563091
68.18117367132896,74.95436437874473,64.08317796827565,44.151552106637524
65.86215906453377,74.45892800538171,64.35025171464193,44.42968228630119
66.87317846693185,73.34562304129621,64.27653890147633,44.984608903009786
66.24187138535333,73.7860204024317,64.18408497705553,44.82450610006558
67.20515016900731,74.19266646416219,64.05445653076504,44.663728732330476
65.61916118940144,73.28504540596535,64.45658137489498,44.68992503802468
67.01625311672007,73.832456141456,63.93417753429584,44.40199208776099
66.20933096885196,73.65670400078206,63.946929133842175,44.565714230522836
65.8470003502967,73.8229211065674,63.797870619117816,44.51358069577481
65.9106377975904,73.73185142377929,63.82481582874796,44.61095550625442
65.47040514394547,74.01891427870456,64.19124567270468,44.53429805931472
64.05041440365683,73.39191758877182,64.49504498813607,44.730285033349816
64.29948055631962,73.57735115777388,65.32095667199201,44.54363461819173
63.664563789636034,73.21757694634006,65.65507715260955,44.71789698167979
63.65488405043805,71.96360923191875,65.94637882928204,45.0159580189666
63.49279133986313,71.722412338483,66.06903766819082,44.77397065702296
63.03446587898627,72.64717945207133,66.07762195958108,44.56802723776106
63.35824149201053,73.253916567304,65.82192963908638,44.394206785371864
62.11333047868919,71.83377388374134,65.99342113937712,44.804323285385976
63.82776842792064,71.93107871638512,65.88018354467094,44.711276127549006
62.01962599324648,72.50844439022816,66.16028558130137,44.62198758038478
63.41941019157582,72.8815984772862,65.43365991840733,44.697106393916705
61.069978490828696,71.18758442545631,65.47108628529465,44.91411518185689
64.20825938259259,71.53972870357003,65.52683994671314,44.994432903572076
62.142988203544036,70.99915140552636,65.13536482586738,45.27110158256808
63.98926179380051,70.92634211501348,65.03993292359846,45.228955757389585
62.86075318448184,71.1777724657658,65.25887135729317,45.03446147376978
63.658613538702504,71.61052926082878,65.24581835724875,44.87108875135394
61.30783143667312,70.99690451024343,65.32840930615005,44.89151955268792
64.39706154272277,72.36651325350184,65.44488145946823,44.516704121911474
62.25646680141719,73.00803501195782,65.28418594757255,44.61539068465037
63.23095290321776,72.7533576746639,65.23444482021195,45.09064171981435
63.6084994677042,72.83258032440554,64.92390667580862,45.35182128538615
63.340882336832166,73.55579934843999,64.96439565323377,45.4567324003727
63.72540522754848,75.49597936614484,64.55907219617248,45.359283904040744
64.23606472817748,75.0627406662594,64.01511943374695,45.648472556977836
64.60819666070242,74.68299834399154,63.846799932767965,45.744413500341665
63.351943583184706,73.96040598974129,63.46899675400211,45.55256045478333
63.76339389817067,73.99297607159575,63.41300578293904,45.645215914019246
65.08086945963065,73.81060151612085,63.28151792829912,45.82904318728154
63.958102271737964,74.11670955337729,63.22493352585572,45.76865388784267
65.86492453512915,74.03904123990466,63.33564355229602,45.956169039669525
64.34338189776844,74.02719940773726,63.23431535579549,45.937979744420346
65.7783151011813,76.0851961441593,63.074937029948174,45.936246468262055
65.27459246832575,75.7397690641744,62.91867039017983,45.90329716763388
65.29910245586598,76.04730029033416,62.796766488767375,45.72063416704697
66.51480155381246,76.71621306008507,62.731044934338655,45.71852809375457
66.97195193267036,76.82728335559818,62.52556070494315,45.63106313961589
65.658458791502,77.02180682576211,62.36785350774191,45.48965500598874
66.55524993599516,76.6251184825495,62.07211710689341,45.280331005959205
67.43848562558401,76.60940120014648,61.99857952555203,45.16976528299401
67.99918710263134,76.52127788174698,61.79644434508559,45.22590099823127
67.40469271648405,76.18841446120149,61.72882451199537,45.0843826444103
69.26474675489568,75.49775304119473,61.680563063361184,45.07675382522125
68.21978933250941,75.0686063624681,61.6626800470345,44.99303677999507
68.15255479540458,74.6396336716418,61.351705997665114,44.914322765952946
68.49598430491945,74.67806366638138,61.07528846666295,44.806369519925724
68.99033071192393,74.67897856945383,60.98188340480548,44.66747102491135
68.85933091453873,74.33439913819595,60.98793532029464,44.6153189333332
69.69718697187555,74.11892346151743,61.06191147332882,44.621857648741255
68.76242552223658,73.55765281441089,60.89365027302789,44.80656074619985
70.17547577087547,73.06789972294114,60.8843672977991,44.913450638093224
70.37459762836683,72.47308646711375,60.80613814899946,44.97584602868476
71.01206443550602,73.18895393539069,60.74957544918029,44.800744016210786
70.49202638809837,72.88815247267868,60.46758738269493,44.763505133792535
70.89536149469583,72.40068056042088,60.32831836407246,44.72880385389987
72.2573413722188,72.2760451606411,60.16869276315556,44.74564777166928
71.39617671571722,72.45553337089598,60.12971567109127,44.517799259985395
72.34681178028754,73.55883876558366,60.12196089038508,44.144656907804844
71.90069297481777,73.73716976122452,60.16113348743911,44.16901710161032
72.95610422468303,73.9391801871122,59.88111235546829,44.06591894165704
72.97472416131896,76.08279529222003,59.93665380986129,44.15395385290135
73.68344720022777,76.0955246220896,59.85257698710959,44.11000727031492
72.70894169481292,76.0825386932443,60.07709711697312,44.18702999216558
73.51405009326827,76.38612227554856,60.0498231634996,43.99151396204802
73.58812329299273,76.26914576414798,59.852488518962815,43.94001977477573
74.15962301091086,75.78052851587088,59.8984727619443,43.98096126538662
72.77941445636418,75.7522740082304,60.15920839825935,44.00970536983553
74.33106975726717,75.23306097679293,59.943978631795765,43.84496637838919
74.39745983069625,73.68141541886028,60.02953207198807,43.85905270604647
74.7104769011538,73.9130672926282,60.24836188227917,43.93541793577124
74.29476610936565,73.73440990908176,60.13945057629857,43.87523924030155
75.06133294006334,73.8478420951779,59.97412871395259,43.626665906533034
75.8139914085055,74.40621549936037,59.93474259657968,43.42660295084066
75.72800346225429,74.7920107763221,59.62728656187795,43.41646787320124
76.89392790618615,75.5808909266868,59.37113819548336,43.33866274977895
75.43361643511942,76.07042537016434,59.09032437957544,43.18537264519158
77.38568478392736,75.80896431182316,59.04806512336582,43.25256292293237
77.46682113744035,76.16593514990831,58.85601659380468,43.08624410624009
77.2527339191397,76.33795325742162,58.83480285420319,43.094881958233884
77.94680793381829,76.81349382034882,58.67760422670146,42.916425444234015
78.55871773356736,77.02099930809675,58.51631812501368,42.72216152236136
77.96269192882548,77.04014859586957,58.46554804107704,42.66464665707194
78.56301301097032,76.97029873687416,58.62186438527888,42.53082390864166
80.09802528606276,76.96272247988705,58.23708677952149,42.206427417584266
78.75521106090167,77.39321573444424,58.43353085026604,42.241761609115336
80.62214507882518,77.55906967693447,58.044356951992256,42.08110634394975
79.96712803027611,78.66448591552233,58.12677783841231,42.1580496217026
80.2887762441377,78.71991230209056,58.02456015700797,42.0471329475339
80.68799835082737,78.7546912772243,58.02665704651481,41.97655102579076
78.937867743883,78.45145403845933,58.2399233263215,42.116246569318776
80.9626448130424,78.91406841388049,57.95191293876566,42.086297166373036
79.98589658787574,78.83842204782442,58.09581809576402,41.923266085762016
80.73621175428295,78.18939423575542,58.2563136613108,42.00685370758069
81.06486017864958,77.94100334934761,58.03689229203731,41.85126216649249
80.23129039169112,78.56724941769697,58.254722159266294,41.37978560472587
80.28706297622384,78.24279922701545,57.97393933181941,41.47647178082386
80.39345571464266,78.03804103923207,57.80128001476893,41.39531440575166
81.62780852247873,76.5949306951208,57.71474841414195,41.24761361379538
79.86038684943748,75.90846176178927,57.8614782615367,41.28771103780095
81.71442459836865,74.45810645792167,57.78292627937567,41.189681210889546
79.78043120571434,73.46320349146984,57.92116290828169,41.451160346307844
82.62155662429882,73.20274335808186,57.79581018817815,41.08201088995455
80.25756631570275,72.28088621465275,58.174753158123,41.2321145086304
81.54328655738587,74.17135231377938,57.28733510136197,40.657352630887985
83.25554913137877,73.68789410351968,57.10091119734894,40.745619935844964
82.42130621979433,73.64194572486336,57.10265696066523,40.743892414254596
83.02827613532855,75.14366554956618,56.682323112854085,40.77572083316255
82.68443657205309,77.092825405559,56.201560705362645,40.63806415370865
83.38589493594162,77.62410026491997,56.21254065746383,40.601357459240546
81.15660435938486,78.54576419875903,56.50765249600214,40.755803000452204
82.88961304149115,77.84696956335759,56.343840932799694,40.95054467127188
82.09589276748054,77.82324987538377,56.32119885447817,41.147512207910786
82.6261942246337,77.70519662335667,56.1655217633835,41.00033089472522
82.21385790131558,77.99297417074541,56.003462940388545,40.75745018406485
82.66801025695187,80.18210508813368,55.8027503588233,40.4907343888696
81.77272005610561,81.44559257479627,55.65800370744576,40.676787369646014
82.92828041513755,81.11960342267483,55.581483294939105,40.799955590022776
82.92992129247585,81.2580855491116,55.957387455255784,40.92932958182581
82.1949630896956,80.85041568067665,56.036125968131365,40.80691176702563
81.83330677928998,79.9718258403789,56.03928740295322,40.65159964922026
82.78069685996434,78.9488981944028,55.52818710839528,40.58019138564573
80.97869075874118,77.83370970558903,55.62291862923148,40.66065719803583
82.17330833929907,77.26256909850409,55.23018038393299,40.35293860294057
82.6133387811843,77.36024213733177,54.947666256430075,40.1657489114893
81.59945875371167,77.07689870334261,54.807314748646434,40.048040346995364
82.43095470219873,77.42215456103037,54.68016324378503,39.91259617083495
82.35431297094355,78.3500138396763,54.59140349423925,39.94200849580628
82.34545876954465,78.87886676666523,54.74616727916959,39.733433570344815
81.50383539597057,77.7357245694752,54.99080132680908,39.51012996156628
82.57549249867674,78.88243436663836,54.564583092504215,39.24750212673092
81.21521502743411,77.26983301189955,54.612776184250954,39.124494263012124
82.38264808116176,77.44751058788262,54.20118387859923,38.69657813012997
83.18329361371431,76.97764659860746,53.992351967623165,38.49989456101945
81.1974430408132,76.8909720586793,54.52521725412667,38.16117650172708
83.18492453410808,79.51944816030272,54.17951814540558,37.192414186480725
81.39560262370878,80.53685434936904,54.9266962450738,36.679455732145705
82.83711641698824,81.29319344041507,54.66069141127673,36.064901708436054
79.66632680387444,79.64592880640956,54.682234226218924,36.31304592662711
82.23279854412901,77.73494116757772,54.74182233140314,36.38788699561162
81.00137111144201,78.05843284095391,54.44526300076273,36.72480389786359
83.0372046022409,77.31890998445171,53.57921297015373,36.38614850956489
83.3058784190122,76.50350551410173,53.25810356707798,36.14113740956203
83.61673775596303,76.61053463709453,53.002322245356794,36.13194008925086
82.0413202539566,76.9975373731623,53.01109816161635,36.15513565452224
83.41856543631182,79.51587349967234,52.915087487457676,36.52997148484568
82.50488198016592,78.47703815968569,52.860588063880655,36.4929573446438
84.13207287857185,78.13797011481499,52.70121106405059,36.22197154193296
84.24535726866618,79.14686214949069,52.924774594252405,36.056611498117135
84.04557558233653,78.46404018784278,53.29529718140535,36.03788604809144
83.4954570473912,79.60168644657935,53.791709039771035,36.20036127468261
83.47351834219347,78.73021690923925,53.81485666996935,36.36002121651982
84.96037613228873,77.11378682311184,53.62004242835609,36.044965214839706
86.17582141076403,77.46629276290517,53.53904973288623,36.070897789922995
84.05922745887656,76.82364929227185,53.8555036564823,36.18440521783055
85.32243703110328,78.49706060921648,53.995664712224205,36.90494298509488
84.47075337760238,78.57393829555542,53.83955771788781,37.36907302320263
85.16312886718613,78.3642117624454,53.85173695646321,37.39034110450031
84.00401108809498,79.85540787467818,54.188391303555406,38.05892768366935
83.88887634685904,79.87532579165715,54.34026573228301,38.007553345088546
83.15791354684632,80.63836674774754,54.59709580275215,38.435896052582436
84.76507855485124,79.6965578958329,54.651155011748415,38.53732021488494
82.69660875116034,80.79978967156262,54.983872035359454,38.06783090277487
84.6401233142968,80.74448463994196,55.21167149566492,37.8404153662981
83.48286897302933,79.84155344917355,55.45581641820536,37.52857717105268
83.56774243787216,80.19223187734774,55.58500183224108,36.82176637422336
83.12030614870557,80.23812636727149,55.545395710413274,36.04844775322444
84.47524367609773,80.10956192253184,55.32440987300565,35.59768190021487
82.77056131730052,82.00584754555626,55.28499667655286,35.68453808717994
83.65511848001799,81.34626813774645,55.581629850583866,35.566134913969
83.24477335993208,82.34348546387818,55.783401910289975,34.75486330854239
81.29762416737361,82.96992769868856,56.003341689068414,34.51916512298688
81.3556944159002,83.35042216957919,55.4339974840818,34.40053847778688
81.40197612925337,81.0775958402908,54.35444694342284,34.805379693034816
83.19198670271173,80.17053919872352,54.644217781064214,34.44662591646172
81.74002099077481,81.32459671141973,54.57420215675081,34.667278715242276
81.59373120246741,81.87997111846458,54.343110165925566,35.55115463507744
83.06866552712394,82.38590243262627,54.19519435551021,36.23340836074273
82.04726236321227,81.66752229503157,53.86778240635601,36.97661340006938
83.13251832038881,81.02843920579292,53.645478943274,37.66306930909555
83.92894369110343,81.26118288398419,53.284305614831496,38.08094633211897
82.7696653187831,79.92050310358552,53.30906319756115,38.50206676861822
83.41495923631146,79.41524818019376,53.156354018891754,38.46699956614637
83.37840189408685,80.06708677075852,53.12417794026087,39.10511093920843
83.38886031539423,78.98641172747224,53.11478272949789,39.07047952324802
82.84418511595969,79.11573374350223,53.30135658904126,39.179689549930586
82.76558423468191,80.06136412905005,53.34034404238129,39.750706668086636
82.89957446032716,78.60205330218965,53.08354712677095,39.56867705761679
83.33811479267386,78.00861358860492,53.04278787559455,39.267087599364494
82.87401982138846,78.04837760106892,53.30362788358741,39.23362234194214
80.41538389221814,77.92251412018919,53.57790581492608,39.29740133009261
81.83029637661232,77.87236043859832,53.65551459438298,39.34991524530301
81.35635457768299,80.24503756948286,53.47116123469159,39.34589589869506
81.40660329224738,79.22259725189583,53.126604868728464,39.50489212968668
79.77431866856242,79.69051766699744,53.41242174144935,40.00799516239853
81.13128617280968,80.26801455434097,53.55156485986216,40.47583607017607
81.57249212602429,79.52350217012263,54.29978392343416,40.20193306799811
79.32361481015994,80.18031139205632,54.6309888725457,40.00372292548418
80.59077684805547,80.54462913332402,54.21472252456833,39.661548700883344
81.9458947502763,80.6918014610122,54.30585591034277,39.64585906788972
80.00231355614065,80.65466003577842,55.03758225964311,39.98408615678158
81.93785509616905,80.4882125532547,55.16615061162368,40.12777344875622
81.02585033769503,80.56736126627875,55.157347104050814,40.33876893757551
81.98489394902853,80.67163747704262,55.387046260244276,40.398308045655554
82.53388587508317,81.47553937814305,55.292758611366835,40.85937693365549
83.06847882140059,80.92961488384566,55.223608719937445,40.92179589047385
83.03485809498149,80.52970401178575,54.95320824815597,40.983610446750326
83.45999079228054,79.99291549722298,55.07374736605863,40.800242104248085
84.01396719963874,79.50722859768204,55.042084324329586,40.85179672713289
83.48403335642158,78.48348415686543,55.44424747861744,40.93939405107264
84.21689541314075,77.84765652671624,55.479918590704,41.0332812001421
84.91300015596306,77.87121074959063,55.42644385103871,40.97262422375509
85.08127936703661,77.66789375259086,55.33331553672356,41.27058724546698
85.6313118741279,76.78600712727466,55.23189088098901,41.328059045370004
86.05270193440089,76.9218060161669,54.708584593288734,41.20551645051933
87.08918901191608,77.28112519155883,54.359368182093796,41.035085203941556
88.04666041497535,77.09338592225373,54.387580664671546,41.13446960392945
87.92031536498635,77.31915093936612,54.2921253989345,41.15015936946169
88.60337552768287,77.28248789957308,54.10266358470327,40.981639260144895
88.91958368077577,77.93215494273682,54.27547968417999,41.09852381223753
89.1282661266749,78.55812233418166,54.22916878608366,41.31260114959475
89.58738652128096,77.68070565541905,53.92073566698797,41.40083821367055
89.45267028111407,77.47260521783231,53.70059478783232,41.48599262678502
91.28355584285131,77.4835762332053,53.52331191318291,41.46241210812634
90.16470768475924,76.6539592859468,53.505198207012945,41.400715426318875
92.34473742146565,77.28199367163944,53.7833518912539,41.41697693905223
92.14907586916246,77.4419529660116,53.40210152479097,41.28379281805274
92.6932842164863,77.63583599778528,53.617523440792375,41.32653620255685
92.39636997812825,77.77255488646203,53.44703810048427,41.21989580982305
92.34154252394845,78.64706628772237,53.39450811475892,41.30061126661788
92.72687143132629,78.45393840122367,53.181019260574544,41.101967316085435
93.76025208487847,78.3965535552392,53.328857086008014,40.91129258867039
93.86127342265985,79.03948133544681,53.645203575846736,41.190565593089765
94.96377288061224,78.76764014770623,54.076869527343064,41.072906897442074
94.42761473602299,78.79431174230163,54.089380661721144,41.067882925068886
95.35138907558087,78.94078153194444,54.14633234786265,40.939989054201156
95.21387019859294,78.6792285465573,53.85977680769482,40.78110028878084
95.49331410264318,78.49011530333077,53.98382101882804,40.66038121120229
96.55516166827002,78.14409455590582,53.99588857907219,40.6477464951719
94.41875040064801,78.80838344300764,53.89313700237772,40.74729207588007
97.10840990608523,79.80519074608587,53.85717364717347,40.77491293572702
95.5861799564558,80.58877544316253,53.75082497366314,40.831610218857946
96.9097594993465,81.84843883921685,53.266586601306415,40.51938715599735
96.71312619965909,82.73439299622171,53.34979472614053,40.527555703369174
97.39761258431088,82.75813176761008,53.27537011071421,40.35183122737062
97.88457618208,82.39121719738935,53.15910314915044,40.26246890386478
99.05993677808843,82.36731717069023,53.18718330295876,39.94889797652344
98.60048554324426,83.2090695943558,52.645836110247814,40.0889968784675
97.8992190968026,83.02104349038498,51.726743532016016,39.940939007597485
98.73579428947735,82.81026713339976,51.59210728393457,39.85342788165551
99.74300998746622,82.39110363129555,51.72088415326141,39.73351002569164
100.73288651858338,81.57633323850706,51.9798012017296,39.80150293586429
100.58058946365432,81.5274957765638,52.80807874035207,39.86275169926624
101.50088074400972,81.40506985829933,53.122801803649445,39.97937451376913
101.00191919480463,80.93091093257213,52.969471440221874,39.907292317921275
101.92133732177517,79.75918359454016,53.05028669461209,40.00369122501856
102.31218931541125,80.66173414063121,53.27413035004776,39.99175200188553
102.80200290353127,80.99972330638124,53.300205192545505,40.0201075717908
103.39610229246706,80.467431311864,53.33666180445969,39.89077631290809
103.53677727147732,79.9273309233518,53.51269917458705,39.98528572135264
105.1630260657572,79.62536811650685,53.37319744898813,39.770600547650865
105.97308297453449,78.91369921419358,53.28845147792249,39.71503541629564
107.5899979118696,78.14538509899602,53.40036049103914,39.66670747756237
108.0169848307672,78.15170132295424,53.653631979286104,39.78590980485535
108.68266507495284,77.48065653481989,53.50570061288597,39.51760871797709
110.9541669716988,77.04298826960178,53.61973693856518,39.43224837236427
112.56064149866685,76.7659681964665,53.63283182421953,39.567497880187986
111.83734940479673,76.71598282975853,53.757529591709854,39.76218971482837
113.09772832142009,76.41355575614789,53.492369111444674,39.45756287307031
113.58603139834672,77.68253129978135,53.233219000357984,39.485486600790594
115.07882485899123,78.97774020628468,52.80255847448524,38.846115254611306
117.17923783948153,79.77235561313195,52.776633045273435,38.55608962489962
117.77918535609342,79.85977299646636,52.306364608023614,38.25990499452278
118.99144489143758,80.29651508882273,52.72602397552195,38.45347245890366
120.09738361175206,80.3905344287901,52.48324963280863,38.43214516898737
121.01792967572698,80.25894816575315,52.1766705015324,38.17889697305352
121.97238562621212,79.38039806921552,52.14749788507747,38.04409388491694
123.67302931147265,80.12175050072028,52.47525948191789,37.81112545016822
123.83359724610895,78.4436560673109,52.55897510886489,37.98372819638152
124.44410941855007,77.3324125236058,52.73052149800671,38.19196595899312
126.732785809168,78.26216273384864,53.06692699466389,38.04774189901924
127.91708765912517,76.93049717475682,53.06326393806013,38.118838167273054
129.66378641464155,77.64182081549158,53.136995323740635,38.1895012181018
129.55553866905416,77.31996722823521,52.71465824579309,38.09770060634061
131.13573998722399,76.3951621924639,52.53843272203279,38.26164280545433
132.99060433176402,76.47497493171022,52.31827679639571,38.17630606026525
133.02336964672827,76.36352174818525,52.05425501036599,38.36497435334032
133.78519066662312,77.36106905263797,51.878031874880755,38.30404498376899
136.19095478491187,77.34192826328369,51.81115447906255,37.72626475579877
136.74202853084634,78.37196085925135,51.96780034122805,37.471032022359566
137.83864903728818,77.9807549242069,52.23096854427151,37.609968181102765
139.76942308956012,77.87396316153618,52.26578894329819,37.85847881756327
141.10813621396017,77.53645989618711,52.27292823862646,37.795834536589176
141.93096575670003,76.77924407472507,51.93327141240123,37.97850231594972
143.62853628572924,77.50628030545775,51.96329719966447,38.048704561324875
144.53253913484784,78.35158114546545,52.14326721801816,37.90830763518521
145.1002255167644,79.15615218302045,51.94176208752775,38.0403810275282
146.93996940806184,79.72269356511939,51.989210883683484,38.12212460877409
147.7727128008607,79.0696725545127,51.89748603808824,38.30471313210077
148.97082225262668,79.06194637885001,51.72076719940611,38.4228876215926
149.99972965216298,77.46737131720238,51.74480030644617,38.90215786970475
151.4890229267709,77.8432896513516,51.96075020475537,38.81876821907599
152.41776877648718,77.68866983288257,51.810775056340546,38.73768144548207
153.17468484000702,76.33501884755383,51.73807595160923,39.084119730531626
155.01719683386645,78.11789192553748,51.4861033116229,38.68034132892834
155.2866529406602,79.14553641579569,51.55946896344527,38.66252888802373
155.59115758298927,78.77748128150343,51.61290456833257,38.55805314996687
158.06853404685793,80.26800184777112,51.359475626648695,38.11299152678512
158.37339668030504,80.83775160289628,51.120852663021005,38.121288766603485
159.0611405683586,81.37456462344849,51.22333036104257,38.032640209248434
159.6086287612519,83.15130099929968,51.069466970403724,37.84999584766751
160.45215636596882,82.3835398971153,50.91975573985172,37.88748083298873
163.24732403170762,83.09511862507729,51.03632911122445,37.66617355292229
163.83976960618634,85.09692341254666,50.64347413799489,37.51921719148454
164.51327312469704,84.66716341534462,50.53849235713037,37.35619852393184
166.97443448768064,84.03657933059816,50.598905741850416,37.30575051109746
166.95657819996217,84.7564370701446,50.40832454482837,37.031303572386975
167.24146888036023,85.65176139803373,50.63494289659479,36.647474975431344
168.49472898499974,84.03592174315698,50.9545919397114,36.301724513761506
169.15414446275332,83.64975374705821,51.101745686314516,36.460317439171334
169.49053742411246,84.11123921971625,50.826777852127734,36.31962646211695
170.89722828559366,84.45654931191041,51.0718844981534,36.188510190654355
170.39518117976863,83.6086531845271,51.51220787917221,36.521741219529865
171.3336086932471,83.73671635804858,51.52107143627592,36.334291254790145
171.42455618049505,83.7848869729998,51.50373274155851,36.290285641088865
172.07590488636333,81.83248475330547,51.59746284199079,36.609581495501345
173.4501988814709,81.19727858556504,51.598210856032864,36.9839502323303
173.67876287847446,81.53739372473365,51.84821907580523,36.946624056795365
174.41107963596835,80.52135654004877,51.92007647802325,36.767547064699656
175.7301203400954,81.08772728929385,52.264906656530634,36.8294392885148
175.60090889210966,80.08977432252924,52.47775616148181,36.76527065424923
176.23511650127253,80.03033630650387,52.546690596400104,37.20451879094476
177.49619445992232,80.5964744244078,52.71983406607865,37.42887562226794
177.40402887114098,80.14870547048372,52.249735867516016,37.62248139787197
177.9434956564954,79.57081276252185,52.36928183000266,37.96522417310969
178.8646943241278,79.0941542355074,52.25338739009307,38.29006395176701
179.32929369552858,79.06263375007629,51.89508384229882,38.33144951023843
180.49913236963815,79.94404957474377,51.986310405670295,38.185699741472924
181.38231835118157,80.01169194487744,51.89960102784191,38.12064964263833
181.19771405200066,79.97513376116811,51.73425621758102,38.062592235456975
180.77776489343935,80.1190051118448,51.74864450967921,38.153812825748645
181.9206511221671,81.03614758765849,51.97423555854085,38.09947992337665
182.304957010823,80.18020109796629,51.93808171703917,38.14746549404674
183.70293128155112,81.04709186046773,51.99493282958988,37.95806832935728
182.5012206786198,79.82526912484943,52.11098383052694,38.043435526057735
183.40299187797288,79.67256089863815,52.148071486294654,38.205530479251834
184.34577336868762,80.24536266046356,52.07173334884408,38.270089476009645
184.51977688982282,79.2404658991775,51.86686146678144,38.270487160797956
185.89224493226632,79.56158025752583,52.195725945706656,38.148204304010335
186.56124073033038,79.46006438555183,52.15246012529725,38.117633971189456
185.21766900755676,78.24178561991411,52.70387664213353,38.16100183380952
187.35157973932752,79.11304252345052,52.783617014834675,38.22329580890985
186.64809390226642,79.4210058181244,52.737935519324914,38.186142062446145
187.34178539731653,78.55994874083508,53.16851577175552,38.024823232672674
188.21164709681764,78.88223372489435,52.95391811471192,37.95923752511324
187.0767484601955,78.53307857066235,53.01749476112519,38.05852705444437
187.16611071006102,78.99361223520346,52.944250582145806,38.128094166737895
188.6668521298136,79.76514294830238,52.80787742472373,38.26386312574817
188.11239356149758,79.51587251332396,52.95977976223773,38.43261623473205
189.47927440012543,80.0265434284504,52.9728950400144,38.652106256438415
190.3813498335909,79.42397754461304,53.0124241972305,38.38340720498318
190.3348212101113,79.42942750389399,52.921467436740535,38.5524568084397
190.79917678024646,79.10477248262565,52.964117754771806,38.671805086163914
190.6175578814148,78.57606953838578,53.13969017934819,38.822372796009006
192.22791219391107,79.57827999018774,53.33948755487444,38.98556992867524
192.23136282596155,78.60591774610128,53.118997918900575,38.781836412850346
193.1546298889705,79.101181928056,52.84569382103512,38.696367267347604
193.24664123465715,79.04040648194373,52.856133354502944,38.793298116458274
194.1071245938663,80.6424880614912,53.016026607131096,38.76078107552739
193.08244119510232,79.86695947192693,53.05525918453575,38.894154891695145
195.27525210425657,80.7497141570667,53.45052449314989,38.807978969825626
193.92906879584777,78.43432569006794,53.596440256619694,38.67315474568109
196.2189718413553,79.2002579477946,53.59766119654943,38.542416495753564
194.16139286059683,76.66639686455696,53.620172559250506,38.509576089749594
195.1130868802759,76.81909874618448,53.58616892788951,38.42096170621047
195.92239658633724,78.11889762891461,53.5025627146193,38.33622647813426
194.78373483857226,76.98519767958643,53.60439678449013,38.18124902884443
195.51707527229422,78.03334543537827,53.71599791568056,38.1683635419037
196.00306555852336,78.02245420571022,53.87883410900745,38.20839677396932
194.70742682313133,77.41959684351475,54.22809550274991,38.474127534393894
195.09784717846776,77.40905435984583,54.23021931968404,38.41254616424167
196.60125399465147,77.54410385309703,54.21437677572602,38.09572685179245
195.9769095233524,77.23202742824216,54.32511422506096,38.22770886100041
196.36618364430888,76.57747360006172,54.194172177167275,38.31394747877942
196.8010738371447,77.48999948385597,54.17248232093742,38.249589738137956
197.67888069384654,77.3425138695705,53.82773451043446,38.02067875645422
197.0253461719233,77.0810094281203,53.911724945768086,37.89054173004523
197.45680997951172,75.07680251955199,53.86964513990596,37.78461285766768
197.82814695866654,76.31861848360974,54.13476460811002,38.04512584608662
197.98960562874444,76.05025430274054,54.076688466875396,37.55718849451479
196.01416312650883,76.26667782462722,54.35679042843891,37.679417811443926
196.89291277505586,75.60981608612067,54.13865952238184,37.62706243484984
194.95333610306844,74.84417966647544,54.467771190789044,38.07623655168241
195.40877582386932,75.1990592444345,54.47680974988539,38.3848907010469
193.11157245391655,74.28959351105284,54.68140735816857,38.71119943469407
193.95301041220287,74.39543836266324,54.62619457712451,38.764916697682665
195.60477787955676,75.16827608939329,54.463067443091205,38.784938437368346
194.42636960135314,75.60261505676041,54.41847914186289,38.758458874521295
192.38402843788356,74.79004499590708,54.39782527953207,39.08996851546166
192.54206929644369,74.85712554603275,54.721492016505756,39.145077613555515
192.324631677876,74.92511851500107,54.583068620542505,39.2723800841367
190.5373441009206,73.62251044243209,54.730992535058185,39.339268296916885
192.43371934472034,74.170527349155,55.00815829578024,39.64473876165406
190.117750808987,74.07579021916773,55.27353109341267,39.834454385035116
190.92790550013498,74.67209125425926,55.32313619514075,40.01389842786628
189.29093114807597,73.21303538861852,55.04554357082863,39.780295834196586
190.24630360510946,73.85952746370185,54.984788309395285,39.64841290606819
189.59667155687794,74.6199449226917,54.716252480054195,39.4455560125712
190.2440894578561,73.55568849741651,54.320191123154814,39.109328348366354
188.78270364822058,73.89586427727784,54.602673912622365,39.48114646923908
189.05683068192843,74.53057998658105,54.4183031319212,39.83670646756384
187.95230651992622,74.9216292896385,54.82931428456182,39.61207472603478
188.91657229994144,75.39819019776645,54.88150455585311,39.51008148796492
187.37848241602484,76.05366353369502,55.14505104770059,39.48054717916018
187.58392433559422,74.92696713396437,54.9621811114644,39.50874957754419
187.30715734986376,75.16634163597799,54.98104449157097,39.507768368841276
186.5344571110284,74.59286592335306,55.04215961462744,39.82878478794947
186.03579330255837,74.87609727488253,55.060330916240794,39.80854214905375
187.03319238997545,75.03412742136305,55.17341333375282,39.54652118538307
185.3379450594576,75.89014269523149,55.50714911417326,39.44386682973911
184.8020116152081,76.00632533937953,55.769969018953404,39.40187612444893
185.74481291433972,76.08405183887581,55.68614330667653,39.268653551305945
185.64317004873163,75.84718251248395,55.70955743404612,38.873124203963755
185.88388287818526,75.29804431233096,55.820508662937165,38.68199203970219
183.61064018509853,76.09315498797065,56.3234921951678,38.15561155451165
183.64857353274328,74.40070869766308,56.33729371419939,37.99082342528795
184.80932881050515,74.27681469359567,56.85658201350357,38.205082267290535
182.20951387983038,75.02185782061885,56.99337665833086,38.26733771284441
182.4946342145738,74.20680281002673,56.659681462181204,38.01686063304597
183.00288504302864,76.44913043894394,56.082307399504096,38.166975291745985
181.15312824087476,74.74637579233797,55.911752930539166,38.2452517472809
181.42994858865652,76.21958480391228,55.769957412387676,38.275590058437096
181.07682344469328,75.7815233717254,55.71773239666422,38.144212989568075
181.70580980564472,75.23683610231015,55.79860540458925,37.81611933820538
180.44766799083874,77.00983878901229,55.75503142731338,37.91148950648812
181.01522215563472,75.02822665350473,55.8114776440776,37.79214465518878
179.7501488811408,75.01377318700565,55.97054713236601,38.03515032483074
179.1037133471621,75.49877833202939,56.23030531675555,38.1740174552087
179.65486588833886,74.42213029072549,56.35922882441367,38.27885877631135
179.98039825030625,75.25647826413177,55.8170156450379,38.44090268526508
181.27720403510037,75.65634694100497,55.99834742719528,38.13824792257551
179.06653083951275,76.06934812585963,56.08844362763563,38.33761531624051
179.09857340108073,75.8380319794011,55.955255606259584,38.2612860198212
180.07611504669313,76.79264640794541,56.147385058793944,38.32491249224611
179.33114737560174,76.58664526889748,56.13750469853833,38.43069379184351
180.2234032066261,75.48353891171992,55.94967439291969,38.475934626239535
178.6400622319951,75.8306295984759,56.45236775194121,38.7793229329415
179.05318053841359,74.60139119607095,56.31351562530268,38.80882797032585
179.2556957537687,73.96229773317904,56.006091011612426,38.65873561544714
180.55279374338286,75.88854868626186,56.04795717761719,38.715283220237325
178.60039081052543,73.74690843379035,56.059062443661695,38.77163167638273
178.90786258033333,73.63958296671069,56.15721844332582,38.646462732202274
179.62487200601976,73.6432409604318,56.13442717583817,38.96046084121086
179.9313933688478,73.4884149162086,55.71768488226805,38.769224462822265
178.84778894934817,73.52404728853313,56.033163016959726,39.001183447306786
180.28207353385068,73.42652053751752,56.10211554404543,39.00271740175634
179.54737424400477,75.6446739331441,56.05397903329075,38.9948611949148
180.0502655577471,75.49825847079738,55.512392551340625,38.71109806490929
179.8929322693251,74.6240570596274,55.33582428922209,38.51772473082377
179.18820019134012,75.45040429558316,55.06999654932568,38.53659495713156
179.7168746801238,74.05633035269585,54.9548637296715,38.40053539394684
179.61668173757025,73.92029843943193,54.7168125701581,38.485367605288936
180.60908741302515,74.76656421365749,55.10801974341821,38.10002564061621
181.0446977445332,73.83287394224865,54.643514682084714,38.16031625862156
181.81448311147116,74.43247805475868,55.22151744788842,38.131732647363414
180.39131271385315,74.9767908368803,55.17783858789677,38.38582568434697
181.5108004470816,75.4858624126467,55.45448621409123,38.03425516321961
181.31823746419244,75.35394918690187,55.51519655572789,38.15140483591592
181.52809318015034,75.52704200503979,55.77233550232539,38.10758053897074
182.10457862470653,73.50371785594115,56.127800220169476,37.942187459146794
181.47825017984405,73.85307144261517,56.25087923475709,38.36555155197306
182.03930848114013,71.54510570119686,56.13679662302498,38.46099191161023
182.90253299565023,71.71488549540912,55.794826163035495,38.09431401471605
182.46750004838378,71.08326163084106,55.82394937673266,38.319117344018466
182.58062719368743,70.46125460584733,55.52734105658914,38.11374217472189
183.5343477888069,70.82211413962104,55.65687286592293,37.77287476337298
182.59477918740274,70.82694379245554,55.88808135397907,38.51331118276349
183.34908034441938,70.69158299280308,55.818734396734456,38.20910825346962
182.14093245648047,70.41259735974616,56.181300400044535,38.28630347783732
182.81013168116812,69.97600594737624,55.91108239252557,38.266703912459526
182.35511762325245,70.29249083296527,56.185126087580585,38.47776756136735
182.66207858198882,71.14297401515898,56.35622934949397,38.38612422172969
182.78865686559706,71.53546098627052,55.95494880270901,38.71361673401252
181.7895750516679,71.90401321493414,56.293449468607484,39.05866512016064
183.62146149942006,73.86167997512113,56.02187012893505,38.892397475793736
182.55912032342303,71.82623950091549,56.04974214004781,38.74559034055633
182.82220830416438,73.08890903216191,55.92393799829965,38.597389654299455
183.35037189969816,73.98210345627302,55.26772921781941,38.55521832106898
182.56494326614927,71.79191472825646,55.79654232216694,38.59395625836433
184.2410157794896,72.91346360289907,55.974098766815004,38.027775108352785
184.65974506812617,73.4497162430458,55.64641618575007,37.46701200268473
184.45580667497683,72.69777188796903,55.64400273080728,37.56321626745711
183.46046593319826,73.1112385804415,55.56011785007611,37.21030541998204
184.7090099662905,72.91239148020199,55.814001339601475,37.11438312890486
183.15730397291424,73.56830288934341,55.672810169310516,37.18328032996253
185.59889057723166,73.50384954258912,55.705404153516284,37.23302924634052
185.68624913534342,73.6664438121946,55.32840133029583,37.440555550879566
185.855369427973,73.73138210545913,55.39153457845457,37.646549111101905
184.27332457131482,72.17988603171474,55.51664738404081,37.613147234695404
185.4796297210662,72.8360613279439,54.88712982173591,37.70001830094378
186.9978438949623,72.92615771110715,54.888221882574115,37.21742876032529
185.68796184399577,69.97462453412845,55.34682432335913,37.430613789514624
186.01624639521276,69.80088928934754,55.14635684708289,37.51895269848522
186.2307917749078,70.33341222324428,54.809971769612815,37.37310742988532
186.30958871808912,69.3950976845835,54.58773172115754,37.50628717687698
185.81983978312235,67.99463141478736,54.61592426129142,37.73411342755935
185.12020989434384,68.61221932621882,54.43209385272935,37.8314608314344
186.91220517105626,66.65198745186498,54.94383932606841,37.51934248785693
185.33656229168417,66.44087703956839,54.58386624425171,37.504318211713496
186.23752908291277,66.70676517838706,54.42160804059394,37.60725647789558
187.1289555312382,66.20720996715733,54.1848424089577,37.41411617174789
185.66127392017665,66.3758826928786,54.355386485878185,37.60264134150971
185.656446202267,66.35913284400259,54.167188818417394,37.57484541816465
185.5721769741633,67.46807115668454,54.432755999474026,37.02383986366255
185.3070838183122,67.50196206786003,54.583077886709106,36.82670405612119
184.7894191143339,68.11731628836023,55.496941157196915,36.75374216854182
185.69576268384108,66.82257827366212,54.89638980996116,37.17675339233501
185.85685227821523,67.10826961257527,54.88469157347569,37.558404579006826
184.7921339816295,67.56852742086002,54.89799972197554,37.489095861126614
185.06605155435716,66.3576022448366,54.95380769585539,37.450154148506705
185.8589970358471,67.46094154279336,54.9632834492604,37.70643984893412
185.6796890617427,67.88127964898722,54.87283454666206,37.95277413936165
185.10274086966746,67.90748968321378,54.976797497279804,38.24261267328926
185.57692854291568,67.48254463369267,54.93922117727262,38.10239142131831
184.38429662959334,68.00403362406414,54.994278371303146,38.29461372648695
185.61747196665254,67.79294776862773,54.73534351635281,38.18509299208158
184.06519887413484,68.9943884726119,54.79325311996734,38.29551796343148
183.5657698384508,68.73633302639226,55.0292451711328,37.87453100840905
184.65657426374793,69.86636107046407,55.34022555584431,37.741854576103464
183.38081814774492,70.51620177167666,55.40624102843568,37.67627005840575
183.41650074516497,71.65820731631288,55.27598945086676,37.997096148317276
183.04216327010974,70.09199477700164,55.29991727964314,37.612824058589524
183.11413541221796,71.1772032561723,55.056782506968986,37.65040799860942
183.5867954879388,70.099345237248,54.91858047333666,37.56250054135609
182.33159882195642,70.47952724401247,54.96864069639938,37.70635651283538
183.16411379397488,69.77364297423954,55.33681912257123,37.44624099247525
182.24209797281594,70.27496997251059,55.03696348347125,37.82041125569115
183.14613364225858,69.03282554810698,55.37077623310219,37.49118825604863
181.37876572620263,69.39819427781372,55.63134428910634,37.7677462859464
182.27801671755827,68.00061519011291,55.73913689066933,37.51529560896155
182.54063426537058,69.52443483700817,55.30253307481125,37.456348121964226
182.89107772099126,69.63601516249963,54.76268985222479,37.51899311358615
181.67773011630644,68.83803711180538,54.785763626429045,37.5002390032208
181.9511211986411,69.92398659929285,54.866799628969396,37.484580253084125
182.07520120151102,68.41735809917996,54.48088078707933,37.214593358732856
183.05611722572755,68.0780556841539,54.25379471795539,37.499706056359685
182.00132620532258,68.7932353262795,54.32225432224189,37.77845023718875
182.9181337076228,68.14488676568372,54.19473119843979,37.662177411519025
181.9640413803756,68.09350868929583,54.074836581617674,37.925159477223396
182.57417554631755,69.05296623100637,54.27660549357682,38.21467229983871
182.12770044910314,67.9588918760282,54.23625924597377,38.14624637905772
181.75654964837156,68.42031950267535,54.51710729042249,38.47040874775744
182.253308554744,69.29324297586862,54.511428580422645,38.47025560420445
181.74162237969372,70.18370286685382,54.726944788002285,38.41553497231951
181.7243550407475,70.64293825150278,54.539680911831915,38.318416744468266
181.95892440428696,71.02712882534442,55.06829783145858,38.45773720830387
182.83972134239758,71.97756422380652,54.548260957304905,38.20763230722316
182.39719098768188,72.32777447078936,54.51030076744054,38.26131559305027
182.59266647604548,72.41955141876144,54.18301516582684,38.335703062348095
182.83084225435385,73.20701818745063,53.99804335898499,38.442995586790715
181.9228870029156,71.48907846593869,54.31381748643429,38.672166121733554
181.40242807689793,71.00887968169891,54.43554981925113,38.96908150103461
182.66143840848687,70.97084911017296,54.06473808513516,38.9623335162193
180.7406487235607,71.8793633985583,54.39694927375888,39.0633390161393
181.06773053053476,72.27414216347857,54.837991324445454,39.17326880290718
180.21673658649541,73.55513759238099,54.743198268653614,38.76266730553021
179.69005469433733,71.40039664516976,54.93494067311749,38.89687387417751
179.79834712977015,73.40476349372736,55.234416631414405,38.70367810659724
179.97090909040608,73.38659102902103,55.274332248287635,38.75844376393339
179.98350622275177,74.4248963238562,55.22339981881372,38.64327051881415
178.51412927284616,74.1766353627878,56.06025218740547,38.562059520304274
178.73006470546707,73.8338125616012,55.97301508023175,38.88605656310715
179.88219249451885,75.15197123571852,55.64062920923571,38.85377506921212
178.9405821996319,75.60474263591843,55.56014938530569,38.69228277158942
179.95250000804484,76.95194717423756,55.72087764367818,38.88865843539915
179.1607869475768,77.9307009795132,55.88482093742766,39.06744733554429
179.2771883303453,77.51190895314635,55.41205633912892,39.14444429206369
179.03161482650955,76.9295583967425,55.45062322266065,39.25322516160814
178.4153827371029,73.87940665942136,55.408309750640825,39.31156696632854
179.55730724677267,73.8958452547252,55.412247215065904,39.225187879160664
179.92940732606706,71.2847973849148,55.35297505645043,39.351561420295155
180.34504769875295,72.26351378264104,55.49334693806992,39.229149047778165
180.02049649264615,72.39706347314444,55.578816623614216,39.13357140494294
178.05622491309083,71.86804950249952,56.14380125191734,39.40650150878465
180.42123854155957,72.75521317391713,56.44208286338809,39.553387792810994
178.72165576147242,73.8305822396263,56.45845165918861,39.63617279180956
178.78207513102578,74.62099186736125,57.12043213156487,39.469099178048005
179.532002959244,76.73010623908439,57.47667405413081,39.284891812165185
177.74947867358745,75.32308428477866,57.52691444749594,39.33855616793549
178.6874762406672,77.12976173809594,57.75235950460537,39.37851322915066
177.35022824371214,75.10682587065979,57.47806709405076,39.173230541262946
179.3533417444525,74.69549834476483,57.59970445337932,38.98869095480061
178.54523312793762,75.3594852042985,58.034817860839965,39.26572738759636
178.48242396549475,73.89414805569237,57.812178942092416,38.88451155953397
179.0900284343966,73.76816342991262,58.24290089055732,39.11580074117005
179.29601023924658,75.02753604014825,58.22626151105144,39.229157533333066
180.1784098467967,74.10616560654151,57.78964570850309,38.870407283069156
179.44643750949353,75.27275498849201,57.863876738128084,38.79165976687931
180.05912774128439,74.72622571154622,57.58681666334032,38.47134854595248
179.52778733723167,75.86281968739617,57.92358823835248,38.488858407286635
180.1167721573717,73.54645408558855,58.05914904317126,38.578073451844276
180.31470985932592,74.56958102873355,57.71986256095878,38.47238097931921
181.14123495595314,74.09572611728854,57.27153334167286,38.36735630799994
179.85315453209554,74.82988288241687,57.26266720994164,38.43818943950171
181.60351325323222,74.53043671480064,57.33355545004134,38.303608414195686
181.7611384225893,75.18128969270066,57.13708661834238,38.58778714868037
181.95157187842682,75.72650346631606,56.92633698059407,38.61560508389433
182.60996970038497,76.95752875681292,56.671724955223326,38.50766688960411
181.9929815453455,75.18872465088072,56.52981685158312,38.57396234016177
181.85963043151986,77.25073258017426,56.698667691077986,38.63435705362669
181.4391587413956,75.3671716750408,56.83560541269995,38.76539788359271
183.10309646691934,76.2433441141065,56.37014408328025,38.7360592539354
183.11282722966345,75.57984264983403,56.059077055425,38.94138836007739
182.68556794194853,75.00136037275144,56.24053080293583,39.36728179970249
184.71321836597124,75.6665361746478,55.87140410917205,39.18267928801181
183.61720010381504,76.30916986841342,56.20678885049492,39.243215161283786
184.2528532850974,75.36942912199677,56.15856967951194,39.27811195067166
185.38458744892378,75.84402911687059,56.094262166144475,39.49556213697228
185.11216326692713,74.96294712319806,56.11425354552246,39.7072440896341
184.16088624996272,76.01777990348009,56.325684332304675,39.64151287431542
185.7667344413151,75.11782463924403,55.96884754013031,39.66037069416174
184.44821495136034,73.82375528357443,56.27256327975962,39.47195601309069
184.65381610194305,74.64377498105054,57.15457792233505,39.71533827760807
185.0544106481671,72.8187235684614,57.178291721999685,39.799252052111896
185.09041576502108,73.77889491269706,57.53975161825852,39.720997943772126
184.95565979038386,72.32370157806413,57.615612144674685,39.538627388001345
184.0811754304612,73.09136441350448,58.26691710433477,39.73157165177488
185.3888251429105,73.50442121213683,58.56225672705887,39.72776343580823
186.6825827352551,73.2469332789654,58.098007285625265,39.65274505042305
186.76287739196385,72.03003694223402,57.953383346394375,39.502012853966995
185.17999712522766,72.10534957378765,58.41936985299607,39.8345086879476
187.6664469613998,72.9812574496137,58.909775653979416,40.13941200100802
185.99988262898745,71.65996268019464,59.01800407313762,40.2913499323327
185.80964366993965,71.91478668235104,59.091988381089564,40.48074544036428
188.09185756475893,72.59123171871866,59.46719729875692,40.1564647626562
187.1933490019931,72.7104228494226,59.369058159983425,40.26344999249356
189.22654749317593,72.686894695777,58.871402976018686,40.22595335607827
187.95838400117287,71.70886724022012,58.827542162478366,40.09392094686429
189.44632300842417,72.58613493022378,58.88176306307589,40.159140167381864
188.0077895745992,71.62807847140692,58.955486873093406,40.29822404753999
189.56142637879424,72.04033134121241,59.136433670281924,40.651907227950055
188.41001671968095,73.1188303678458,59.73456622760608,40.76499021792668
189.31423487153427,73.09715197873746,59.471442686159875,40.649921188190476
188.80451856514432,74.33549669226696,59.76315062757595,40.83436695781729
190.26767287797537,74.17003565674077,59.838767231940096,40.556282683597615
189.55670881504452,75.29124259638255,59.5602922635101,40.370796723701844
191.5126215235492,75.79494365895586,59.749135276829115,40.30910472114052
189.44374936110108,73.83841995015877,60.44140116239428,40.64838113882628
190.78731324300236,75.55917224779897,60.738487704469456,40.76328351833835
189.95088512769368,75.4342166644443,60.74878955180891,40.73121539241651
190.09110292028947,76.12908706547321,61.529791215800984,40.88197463518139
191.65463465181355,74.41812983955855,61.781882911749385,40.947299054433216
190.93267909959815,74.2425409327503,61.46670085078259,41.55872833050927
192.46707260215442,75.31538578985294,61.99471274245957,41.64158547413787
191.69619038148076,75.86007102156938,62.00174186180827,41.77370801645753
192.75081668051862,75.71966680685665,61.44036860199702,41.79540039230175
193.15725273588464,76.14055735405621,61.75908602316347,42.111413058202324
191.93458545118824,75.4127090267441,61.82332852102306,42.06217432902986
194.0437045110127,76.52647632691291,62.2588451125253,42.225990474847016
193.3057097708315,74.76281906719035,62.340703409263426,42.285460269637
193.2475651390484,75.59893668929445,63.1607370246935,42.76457385469819
193.32143747247147,76.20013132863018,63.62196437084398,42.96668303393537
193.0031010058251,75.68057276016637,63.5217054436898,42.80981044288903
193.11163378837404,76.24522229392386,64.21014613183448,43.042320271438825
194.6303682619303,74.29866524703874,64.52193107762048,43.4174814462027
193.792052959135,75.23536419852562,64.81558705857734,43.563796229767675
194.80462048109052,75.80667036118658,64.45815886185711,43.58354171160517
196.84792743692302,74.9131271380392,64.19355236787096,43.85159305696303
195.4814942994517,74.73242163853725,64.50462637406056,44.41901401018104
196.34377456487547,76.4953164395906,64.94898397599498,44.37449853603454
