70.5,51.5,107,87
71.9294710105215,52.297637517857446,105.86270834097176,85.97493637480757
71.99816322785773,51.23313717345433,105.9953966644971,85.17278901139822
72.19703791298033,51.29781639183,105.53013261392589,84.29466975521177
69.56376682096115,53.26790857676703,106.31031377120036,83.78007804624164
66.28737322737221,52.59874300422891,106.95971150449029,83.27047744864973
67.47619553855738,52.036230514630276,107.00545131014425,82.8783407008954
65.63576995226899,56.12543450451609,107.58089071476144,82.87109151171214
64.41996890747052,55.17627510512449,108.18611541254319,82.73804372381016
64.2767146039001,53.95721615428453,108.21242387682359,82.61559162388791
64.53025479322305,53.82103639220047,107.50622336406249,82.35530258467102
64.09962970598595,53.542678848954885,108.0457330602595,82.5818917730394
62.05532734152729,53.025886430469335,108.88245523607623,82.93320501024091
64.02232981595206,51.6945899959199,108.3607978423872,82.74252138817462
63.66013365204122,53.19432208573574,107.0310205153627,81.89443655539047
63.84811304855436,53.36609875002702,106.47778132611334,81.41269717436631
63.52744587300734,53.56183160917621,105.8092052606043,80.84875945594587
63.5945375207124,55.28920233958857,104.89722009389443,80.42596131634917
63.754451025542956,56.091051611173285,104.99735277838043,80.19479168381665
63.437258403384334,54.99116820515726,104.32796187771629,80.04627878126435
63.7373024527817,56.04259665792682,104.16942042766233,80.46857122112317
63.89421170170215,55.05063860022808,103.6183469823975,79.70416628015468
62.18657512058462,55.74780431904386,102.91696670224974,78.99051827653268
62.650612712112576,55.51810933144253,103.78277961123484,79.24745390829719
62.712458707706304,55.64697279278375,103.60784570064908,79.63343408219144
62.047707951911285,55.59235603861663,103.5136698869904,79.36735287800127
63.632200498518046,53.623074777750304,102.5913157008356,79.40533475512638
62.0208410782362,54.515677007658184,102.48036607101659,79.60870229676783
62.47455976470312,54.452558135228024,102.10741648199159,79.28953265103367
61.116963454700915,54.70965765208736,102.02105418370682,79.13900891362161
61.5932023416314,54.65979856006301,101.97984476330808,78.65284675852465
60.86504872698778,53.808527105426634,102.00324071577799,78.56265576009781
61.04032424791813,53.45454763398233,101.92714614512205,78.2698186233508
60.776852465359795,53.14977150477718,101.89936662626579,78.47230927511552
61.54955361818503,52.39332968978267,101.29926996608117,78.2590667111043
61.65253786245805,53.901469005936804,101.1965410287217,78.1435987973324
61.00290805108743,53.10553525833184,101.06560365095939,77.87454610173117
61.220787847333696,53.16306310952123,101.4979312309751,77.95329156397946
61.229472781496796,54.30579332406512,100.8912132252702,77.91592950830477
61.09059075962364,54.53465567185732,101.50054208286883,77.94614309759433
61.914789629358566,52.94449839992898,101.66112886145012,77.88816351684774
62.68122228928132,53.71662434430975,101.58892101898346,77.78150759156429
62.01591291819331,53.43878143431566,101.72497792205579,77.59592143889623
62.681157997717094,53.973244123431,101.04006006773386,76.97045166736453
64.43587138057372,53.82770647604099,100.47540483026464,76.19817342363137
64.11795199299797,55.50089033199852,100.42807483653337,75.77683427426209
64.90693204821329,55.17227659796437,99.74108304885664,74.98171827843268
65.02693464655344,57.48834516300967,99.69098456852308,74.99165191860575
65.79468176500724,57.23917445182353,98.9430809545174,74.79939050198496
66.10654006250309,56.24927123930681,98.5473430211821,74.8981390685513
66.3124515121473,57.21834698251486,98.59697299345468,74.86700922386646
67.02174092316824,56.53755669054931,98.61441239994373,74.96883526926149
67.7806921214213,56.526957044316454,98.17752570949992,74.46022633847967
66.98282088373335,58.36980562829328,97.89158829233581,74.07061786605215
68.48325926807448,59.178567021316056,97.7533378378168,73.8454723373537
68.19308875289511,59.39841576523082,98.01899867928125,73.87893016921487
67.65060800298824,59.76950132618105,98.0162096250102,73.61385459165264
67.81063340207578,58.99915089055115,98.37327784348247,73.80139090927017
68.7883696360276,60.42942105661521,97.72486204099935,73.82791741826753
69.21458920266076,59.88040288632968,97.51970234908968,74.376196993473
70.09618254078963,59.78697413546101,97.17980866733117,74.59317029518871
69.09469513712024,59.84374262527048,96.56299411271621,74.95739521003426
69.45304192564168,60.32909516799859,96.21913277434747,74.91858567864375
70.09537069418147,60.97699651597159,95.89285069121688,74.90328494440581
69.93555725194182,58.73489771770954,96.0688678284056,74.88967026981175
70.52123334591978,59.18205239357205,95.69393049259199,74.96806616310474
71.223103587087,58.740427875922656,95.87905719775756,75.10789370344274
70.86052625268417,58.648123970232945,95.93893921346034,75.55268729296318
69.65899337471009,60.355137445374886,96.01304192810295,75.18878761051683
71.18236597070081,58.345309568431276,95.5976455844644,75.21434637000402
71.23730910447415,58.811202424345254,95.57004864757903,75.53665955038798
71.3437150855653,57.65278578183013,95.32413266429455,75.0083364042201
70.56661958936644,56.6856855797597,95.22987650073979,74.81695053707496
70.41910934479202,55.65525826222907,95.14833525878856,75.25267356508056
71.57698754961356,53.50784529092308,95.13221354419858,75.51345285775967
70.53908530642485,54.8028279959657,95.4030010360997,75.06828572648303
70.28439474267708,56.49473933411649,95.35985110003857,74.51714160662371
70.5174290177752,55.12100092188999,94.78329109524103,74.78835252378911
69.6652907102344,56.22361685747207,94.7827784294312,74.61021573204695
68.62558628493824,58.07739737680302,94.84861577924532,73.77753500725834
69.19096057010624,58.02147604924312,94.61526085276537,73.99658234550316
69.92491879894575,59.08318188237747,94.13799504892548,74.04181367697616
70.69561974220447,58.24959298264528,93.68348338305012,73.67586726799021
70.18374760972014,59.67956599517909,93.2989011414041,73.51903980562096
70.88034530040913,59.778376107512884,93.11407203485979,73.26284442760254
70.88508080722892,60.203357435557365,93.12501265045002,72.31888918805993
69.96851845156563,60.98520592472909,93.12974104143356,72.31115977906768
69.17868970031886,61.3798341312877,92.852062261197,72.1714776457356
70.36456516827602,60.83056789280119,92.70830791303598,72.15388883059437
69.93098891976351,61.602438271246335,92.46123836034785,72.22673249390824
70.31192475949733,61.69288208452157,92.42834674527231,72.26269397092776
69.50896235271946,61.78935323791304,92.1897816267678,72.14303127591116
69.60235129001231,62.11087830581519,92.17662056381522,71.61735401800269
70.2657827524994,62.295879332468765,91.82792094078575,71.46732520101794
70.46838863460488,60.48122662646185,91.63756681445706,71.2018378178505
70.58578700328202,61.01630511559459,91.34708254154859,70.83805661730642
71.02896504365305,61.4672888303857,91.30943616329832,71.01810255633077
71.7896565083084,61.67092936612738,91.18818326748064,71.07808881930862
71.39984332080309,60.16838871782905,90.81974359863749,70.92429226632642
71.44252528784628,60.08997905573564,90.59689675320277,71.09686966905858
71.40034960468444,60.12705768575868,90.26245822613771,70.99531994525391
72.22090687025067,61.00454302308198,90.29551287778266,70.71571002175935
73.12571246510085,59.86872409726997,90.21031722877748,70.90842011802754
73.4080986319755,59.60693772080755,90.27544833073526,70.72944096961189
73.69852404407273,58.936986351640705,90.22268935443739,70.30885019102358
74.80872402632966,57.96492663473687,90.03947625096174,70.39667535050111
74.92272564726741,58.45052480263309,89.98999888906536,70.11847122509685
75.27663784326133,58.08525149365764,89.71020004076726,70.35367031339803
75.42189053730706,58.418125764238695,89.70624109160819,70.67338175558476
75.4973803827411,59.35609365923253,89.57621738987743,70.77797205526537
75.74041531892668,58.992335989660944,89.28572531778016,70.80736745603497
76.63151546719345,58.753730630792234,89.01689791934844,70.71535924019008
76.46516115190636,59.14679371227339,88.95376605409781,71.01224792307585
77.51365006870469,58.400404446902826,88.74959963808077,70.68817257293472
78.368988318309,59.26148566856715,88.71118616510968,70.62861148134405
77.97991928504825,59.46678606037288,88.9435415463513,70.82634935177387
78.4650172007601,60.11851807625846,88.98035748612969,71.05540215712277
79.02630915460429,59.44416277679206,88.66729424027221,70.46651297788021
79.2209496433353,61.346168091380605,88.72490388518759,69.92011863021253
79.20585885798066,61.30552168466221,88.1969226474786,69.92781358033278
79.14872854857637,62.81856456847492,88.26771099859985,69.37024845403427
79.6479176351057,62.817856936888894,87.90521734893294,69.59553363698323
80.42263989500547,63.451624772943255,87.66637251384864,69.48319272424341
80.79307395084075,63.97407363528119,87.40272452022391,69.6033049750009
81.82389028552748,64.20365689838874,87.09351251468405,69.34634900922681
82.44218333293264,64.81303676807312,87.01611171021035,69.7395775759036
82.48623449539731,65.30027294541614,87.27024900358239,69.37282464260426
82.5487461852452,66.9458684573708,87.22362937245852,69.4540167363707
83.36939993509256,65.78873350176059,87.1936554813911,69.33357614496664
83.06754641689135,69.22683881034278,87.18379307933603,69.09694673126293
84.09816270739574,68.00265735406066,86.79559480866813,68.55441222675869
85.4764225418955,68.24600640936833,86.3861198460132,68.49502857642089
85.14656500357493,67.87688613183371,86.26621487127036,68.13294891149656
86.2966542564431,67.11240121753639,86.28624014666194,68.15711329442011
87.9983879920104,65.70018942219772,85.88516496755008,67.93561436732097
88.55122047520088,65.55840398241727,85.45073031733122,67.68608428424301
89.55884885510386,65.40599557577161,85.14642905812796,67.36888079333131
89.67047890638362,63.42028593998445,84.87104876172938,67.4928619679055
89.62649348342961,62.74184018106967,84.22184098396109,67.5140700207311
90.48758948860154,62.20656460756921,83.97641401020019,67.38842675740791
91.26324586650544,62.093604228011245,83.75841257374358,66.9280511131158
91.63653284573022,62.133253383832226,83.42910313641603,66.4172255445082
91.89964192150575,60.6057440517053,83.27453323687531,66.29301184982955
93.8063380343608,59.05709452304016,82.86831011478763,66.3663889406071
94.55104075441173,58.57660293274255,82.73938569847424,66.24536817012962
95.18990694692991,59.71437050598069,82.43874534110206,66.14505828152689
96.57468458003993,57.7976645733561,82.23061838336895,65.89443761122308
96.51813027989353,57.43028126415635,82.23521155714522,66.06279869487832
96.62527113420634,58.28769950702913,82.4087841266072,65.3482264961277
97.66748408599841,57.473530377132946,82.04318260961976,65.22629093218197
98.58994750372183,56.98725433908679,81.7255037991134,65.05615687965795
99.61368765947904,55.71166949741524,81.65345945981271,65.68882137119807
100.3846117238164,56.73515393055991,81.27572044197021,65.62995351046293
100.81348650590212,57.680799046772066,80.8498822867,65.3882257561041
101.27537038872372,58.01642049521767,80.95823880198637,65.32475997789575
102.41234884199173,59.697940190147904,81.18108184128164,64.90442764980287
102.52841450159161,59.134150614437374,81.12111686958552,64.7868328701021
103.07419758340737,60.84794358021693,81.35336962799686,64.34152743132559
104.17023657615391,60.54112150892879,81.22362570317274,64.2964324243314
105.14103944980629,63.70381957653241,81.2520954439585,63.66741928854432
104.79346274624228,64.08377427953002,80.84342816951455,63.062282149294674
105.12252066735539,64.7260014309499,80.52559870138045,62.887130367206865
105.81497772048878,65.23931516630878,80.67480944634045,62.419688639821
106.80002556536058,65.91655077709603,80.41517489627581,62.301654619746444
107.80033730393768,65.52978959166651,79.77310947786032,61.72597400007356
109.02440145944018,65.49973756901707,79.12637181474351,61.59250938356347
109.71730265686378,65.87170858748311,78.50385314944953,61.27578408509384
110.74767745682759,65.83434874535803,77.89498293165539,60.705123451179205
110.54828461045453,67.48180093510331,77.25140271577877,60.579206584277145
112.64782709718955,67.79575890135271,77.34828579803381,60.25310166142377
111.78959369483674,68.13786868801914,77.04822781102192,60.02731377902225
113.05795802574099,68.39749511009518,77.19531653584062,60.093682828276094
114.30188226960018,67.84951492909171,76.97979308703215,60.211458371061525
114.09624785606377,68.16443070537474,76.6849867822118,60.079889134484006
114.73220081065568,68.46645067472754,76.70127946330659,59.79227976447348
114.39071922040536,68.70270202556566,76.5223390955666,59.60495003190012
116.12177010376118,68.40144436828388,76.09551994070188,59.5933866459212
116.0670133255941,66.98615816806469,76.09798704189116,59.07224419688755
117.35530281576146,66.36213084670362,76.09588191943605,58.953612614672245
118.1463141343507,66.34672539961238,76.2395682437444,58.767004152747006
119.01517919593397,65.81740796086802,75.53358140861803,58.42342319180342
119.84718829548076,65.07322310608829,75.43559085082083,58.24445929845759
120.01470548129133,64.69853176267944,75.14031604806976,58.350197473575626
120.18373040145387,63.53524228357127,74.78629961166283,58.54288198828
121.60571972531557,63.53845483670812,74.19745363911034,58.67777189517655
122.55033427079975,65.04626154561046,73.53533028487445,58.39203523403994
123.40036794584489,63.488518927441355,73.78130928717064,58.03449657892919
124.53066033303406,62.59814352479073,73.57560060188835,57.480322209517304
125.24366766246767,62.514127519766355,73.36968563059744,57.53619006491728
125.96339208087893,63.60509386318611,72.90432200552877,56.992002162432925
127.09732512704014,61.69382157251256,72.69844522060994,56.617577234655265
128.02288373438432,60.629257671804126,72.64325374234883,56.155937652496696
128.48501935477753,61.75104297900624,72.50234256559216,55.872008613905756
129.52349918483173,60.01618577246475,71.85827677774475,55.043255867717505
130.13671236632456,61.111873309318,71.88164394426965,55.513365035496605
130.9333670758945,61.28098520190991,71.10187033464666,54.744291876972184
131.71084884551288,62.12114299857767,70.76559266081213,54.696377511587706
132.27891006185416,62.96527202458425,70.43845558064572,54.39628898662838
133.58955429313212,62.850283046024245,70.01111228753867,53.98876045876304
134.5720330207417,62.888977404417346,69.75197503514694,53.59183788725386
135.43255053729666,63.324020298173934,69.41753358228297,53.1860006973626
136.23922876768484,62.96256955457796,69.30808813987827,53.14227654177806
137.5803210711369,64.5031224143166,68.72377483653247,53.442995554127535
139.10893722628302,65.51176732790259,68.5378098449658,53.94049602351014
139.05136298979903,66.20989550232869,68.71161169120501,53.824088727087144
140.96193015827672,65.2745965745949,68.43578189106911,54.42042618082897
142.06857337078836,68.05717791281441,68.09447923260159,55.10564831197661
142.76300414905876,66.88670714440363,67.72379232434571,55.33314146737422
144.07860969346035,66.54009816660052,66.99106701530478,55.15938661891093
144.88365123609717,66.10410637326189,66.5922026447452,54.98641292542921
144.90940033561833,66.81453783820021,66.29546001718742,54.86154272760059
145.5696642529046,67.08407100345852,66.23131011802444,54.60599873475905
145.37376430970542,67.90329950645162,65.81707007503287,54.5512516839883
147.69082859278677,67.58005580203277,65.68577296791555,54.57562687826072
147.65032105987422,67.90216894309884,65.53821492006077,54.55343538426029
149.7213266853296,68.53443190177744,65.75373617037074,54.37784710709323
150.063618490983,67.03681044822284,65.32028015973381,54.234621510250406
151.31456327763613,68.5739957061788,65.30047271495235,54.27021560348457
152.3490865576777,68.64074835670519,65.50391856362162,53.7371631129577
152.23755858346163,66.78239925226616,65.48946836085443,53.7049768823674
152.9162476339521,68.4243915604304,65.47500817903239,53.83711446414379
154.12414596247567,67.96171536212552,65.6225314434788,53.736556602460375
154.6646773805071,68.38150632623993,65.86264001034715,53.713659873969114
155.14548140999494,68.38191097230543,65.61615029996993,53.45917392892978
156.07313100100077,69.15554799765073,65.54641625582143,53.14513869450046
158.77190524107914,69.37277640024881,65.43702762292422,53.50609675432125
158.86876718764498,67.70432324016542,65.04967519511791,52.90351084884104
159.1483556918222,68.18167408991535,64.98410642307638,52.782129290179824
159.73087596442468,68.2888909798193,64.97700602717863,52.63108844010472
161.31720537457778,68.03970141771322,64.94022386245106,52.786500650139935
162.04231350253752,68.07969865632064,64.80458840468067,52.67693862205729
163.00616088701005,69.31249554134273,65.0212925634242,52.55763043360188
162.69403078504894,67.41238635822089,64.87890095813086,52.95777145685851
164.0057295410117,68.76288432894447,64.95257380638904,52.31932772908014
165.34252536329626,67.79610905847277,65.27224659854177,51.98811777579139
165.42019024017492,68.66554768372347,65.3605103736512,51.98231697849887
165.49459080639033,69.10430282171572,65.52677018458547,52.20033852376532
166.06940864666223,70.47976152375274,65.5926759860134,52.171801280976666
167.2620769059916,69.31323316225634,66.04350155765621,52.258793579454704
167.8843336833147,69.39545746262895,66.0426685993616,52.45119166888738
168.95829911670515,68.44010534738464,65.93033744113785,52.598242263397296
168.79686029363384,68.79786456282743,65.84483267150898,52.912254238509966
170.04273887954622,69.10267605441122,65.9249908877915,52.448167052223106
170.46819195252675,69.22400696127332,65.58188323473891,52.61942519399094
171.78652499068642,68.3500003571817,65.40363028250405,52.501047816274834
171.63351995860293,68.22070140876717,65.36910768618672,52.21307207418787
172.28755946959464,70.35786961773681,65.39088267573898,52.26276700924541
173.39888173955694,68.80994965508407,65.44784614706006,52.21032392979016
173.0461938063031,68.22847828923187,65.79722266302,51.96390219959574
174.15984423023326,68.86855733556969,65.58003267026223,51.873052273424
174.22388372591269,68.49702736019645,65.62258920031528,51.801834754058646
175.01081540881995,67.46812513248508,65.44798516334285,51.46337060329547
175.62240463167228,67.6316707904794,65.42994277835294,51.552990796534566
176.28721035600182,65.7008028192777,65.82799830376158,51.22784710408081
177.6723420875673,64.11203140630997,65.72907482933905,51.11115756154702
178.15221849857917,62.90730768825115,65.93096587003966,50.835848003417226
179.22879694425671,64.66568616937487,66.06229479564014,51.40155716665808
180.3777032445165,63.53874067129246,65.87636440489835,51.65417667654054
179.94428484342734,63.5642967284961,66.12463564768953,51.76810989802212
179.29199374399977,64.14678795457408,65.97059515252914,51.993524875332405
179.82164980015818,62.91326231593017,66.0692041160332,52.21887574177734
180.43893820936884,64.50947978295008,66.38891842672415,52.62530750886361
182.1042675357112,62.99719608626701,66.15698247034379,52.43035814807937
181.79604108904772,63.21932765700192,66.09361917724266,52.3668661965376
183.15564990570834,64.58135894144625,65.98049971897026,52.63587589899598
183.99755146553707,65.365169308676,65.87604933578584,52.61575434437656
184.8789043228816,62.53578660358171,65.64386775573273,52.69231255165377
185.29424971230037,65.09652317277282,65.36053394005287,52.969021805391925
185.56461526048406,64.0966001218132,65.37803383981736,52.886878618981086
185.8864134031791,66.67805059358915,65.39610209996334,53.182868113509
186.83152006637425,67.67342320340487,65.42851967967808,52.92430217797333
186.8775306141726,67.49869010497633,65.32179449167563,53.03015651753537
187.29497231898665,70.78299615572274,66.00014283635053,52.49362554320931
189.0733793794582,69.44020490623286,65.34554777249053,52.4812357445206
187.73756762857897,69.27485966930826,65.6961315975827,52.23940131316503
188.44007566339164,68.11981913600984,65.9232686813769,52.22658518394584
189.72947124889134,67.67468294654209,65.91297779075774,52.22033146462999
190.27667710854533,65.34597326646102,65.71074734872485,51.63800949941371
191.11334836812443,65.44380346342768,65.54854314953583,51.48609333053536
191.95679243453145,63.575863860734586,65.74928667146114,51.31532866842889
192.6374337930693,63.575241099774246,65.89843870112773,51.16486964056015
192.18792798156574,65.69240278574438,65.78264774902347,50.994250759281506
192.32264917082048,65.01103994054209,65.61085339507298,50.80125683565714
192.32211146409867,67.30487568671225,65.49698330742754,50.919818367913976
193.5918317652268,67.16355896482133,65.36743693315285,50.88379408564641
193.13355084067655,68.52714691388655,65.16522949419024,51.08145148524544
194.26385574828572,66.76750918098813,65.35194014024512,51.00524436322796
193.408478770873,66.80505159133546,65.16806139796516,51.25714722630635
193.78382255686375,66.76545052905847,64.5592844385668,51.10068849985859
194.826971752212,65.21059851043293,64.29097718537491,50.8279743814395
194.84840036741772,65.01504741353425,64.69958076347898,50.813682140307975
194.36753367632457,65.16702766054956,65.29902027640836,50.74593518134776
194.5163887419699,64.51166248201027,65.05875406936586,50.790534852620084
195.44450453343674,64.37755023662501,65.29012343285859,50.85380713320268
194.57336979758088,66.50771143081175,65.4852363322284,50.46391783694649
195.95376138923757,65.88179784378491,65.28378003604575,50.38914219441846
194.70237798063425,68.2972384370342,64.80968823737715,50.26525029624999
195.30728416067615,68.1185654719416,64.92584914961698,50.121281586390026
195.65711897784763,69.66838377715615,64.69261953726576,50.014604236901455
197.31001551840617,68.36581332023552,64.58540290649655,49.885401621995165
197.5129435177675,68.36768148320665,64.41514053963746,49.802834927236034
197.89481533210045,67.6401307672828,64.55009911519902,49.774934769308665
197.7592891158068,68.48107557760368,63.97077923333318,49.68822816353659
199.1222597556295,67.08095105331904,63.80964942181218,49.723860007439725
198.73142849853252,69.01380622076317,63.039979700669846,50.10091462235005
201.18862859348823,67.63257711987393,62.9962822542887,50.36027505153027
201.2887668166943,68.88274621645874,62.8917266578078,50.946761990730636
201.30731870801128,67.80118353972591,62.75110929163293,50.429971439197516
202.21669702482748,68.17544367503942,62.59379171916537,50.40367939761636
202.2617204008617,68.88264836951272,62.86494568716877,49.92762992487994
202.84012143226914,69.18187148312214,63.26436582474753,49.62668853994246
201.97061407469943,68.55713747763505,63.84898329066519,49.35112319615739
202.78637371155025,69.58504075694799,63.84913484959745,49.50864309169414
203.0899559913267,71.57558533824508,63.99257468114264,49.78194989086144
204.00822952541506,70.64378461193371,64.21712666539511,50.2201025681927
204.95671853728481,71.3124678415108,64.1617582388617,50.36038734748002
203.34968767971063,69.60269545068357,64.64657166871649,50.116933691253
204.59558192917638,68.94299363478584,64.65579239563034,50.617573828556885
206.21561646504475,67.67870169962615,64.84950780875687,50.43429751897516
206.6438389953978,68.32404666621446,64.74088288698204,50.63035949982286
207.32591136987244,68.25115252250704,64.7595078418978,50.48092970695549
207.944722727148,68.26927133732072,64.54315266064901,50.515585879076895
206.29021422468105,68.82732127267185,64.54428139615848,50.63250214168303
207.52247640920046,68.2059884092837,64.72945480772877,50.77582433017502
208.37462717223033,69.3658443901083,64.82294190166414,50.61638806623399
209.81669580824828,70.05580962915865,64.76788759547907,50.09474802201694
208.76815847542272,70.5680847014488,65.50988511364636,49.68018036797619
209.50303556387638,69.25830627538954,65.42945202552991,49.268514399812716
210.14273428509063,69.85367525812526,65.44906974747673,49.13347959748824
211.37550840603848,70.20907211704255,65.49668268798459,49.13336713928578
209.486770759362,70.9652318720583,65.61633012718109,48.78909756078049
210.4835360072113,70.1112952548821,65.57237755907187,48.938262246587044
211.48344909626366,70.14306459579488,65.07167173561956,49.29691584028561
212.67935553852124,69.71125077139325,65.00212328401156,49.500351476302015
210.6611506659219,68.89033477630544,65.09313541377746,49.41659550241971
212.56233454664977,68.69222389025677,64.78271649532408,49.84597536448261
213.4289562777372,70.00358659624635,64.94026492615455,49.94367722720743
212.7121839347103,69.3340719050734,65.06129387658211,49.76614855844403
213.18228530829728,70.24508468769602,65.13747477732689,49.750882946697644
213.3081106163277,70.3438046614229,65.11353306720133,49.8795258249046
214.57010697494837,68.94800668072459,64.96075283241237,49.99724097079522
213.33550592859916,68.58469811870182,64.75229875140475,49.992787218719236
214.68249186364545,68.13518881181508,64.98390118398548,49.84768254052342
216.27078291161882,67.99523459463292,64.42808453565533,49.69756778152836
217.27048963184478,65.78336734320885,64.3565619920006,49.71311823286281
216.33470940263155,66.28106377403594,64.04261753709699,49.33116081842468
217.25494463589274,67.55710567171393,63.634000364947184,49.14564439634447
215.9462409974858,68.16284426521918,64.12295820175862,48.851839962668016
216.34776532659907,72.92042793791241,64.16452577783454,48.369512392367
215.96479183403576,76.65735771890039,64.35113993443944,48.154718458442815
217.13987225441358,77.50533363267664,64.32789507306923,48.416222265961096
217.2270247466812,76.91678737244263,64.68106622044999,48.83188184070083
218.1993021450965,75.53796907983751,64.29014117959323,49.25841700836955
219.32478909072697,72.68372390625252,63.97497463562997,49.666351649515356
219.5129427059955,72.23995873982717,63.68352015271206,49.85543660263201
219.84049661684156,66.5175453829735,63.505071688567654,49.919351489251966
221.084991770582,60.36450748718672,63.78078560853432,50.116097103518385
221.69764007837466,58.86452239654703,63.4721921575265,49.87965642855082
221.27197000274253,57.22456217707031,63.304276432249594,49.426828835888045
222.0349845106581,58.7775245185267,63.52442532817693,49.531464236364556
222.64708337995677,58.15440954453111,63.197316474886875,49.290837604575145
222.4652603956609,61.00676571851749,63.1705041278677,48.98948133188925
222.0691657291048,62.37676941755335,63.359481283226444,49.07533061945597
222.75295338570317,67.56224600371387,63.69096331065171,48.39538220024773
221.80291177589788,68.4787131322093,63.623074013248726,48.45913413958408
222.2059039202393,69.85980087061162,63.79055999519953,48.67242586782703
223.61408874553806,70.81253485325628,64.26882707098144,48.635070347415336
223.56459460507025,70.3448884086482,64.40482516853382,48.98490591164981
224.3037537454088,71.12130355767825,64.5409702171719,48.97060441360039
225.23218598207617,70.34299834027195,64.33597146458607,49.103630148782266
226.03122082071548,69.719230500597,64.10520539715552,49.157055315398665
225.5314979716978,68.59288267104552,64.13435399703104,49.46132019790558
226.36101805829958,67.90746665065919,64.5198308640802,49.334457388710305
225.43819312580132,67.80503886997968,64.91372615906936,49.31727441280542
226.7692460271527,67.27157977512756,65.12237698249581,49.657061056966
224.90315006566738,67.34978633108983,65.59671182119214,49.599558060700716
225.97670110378056,67.47570071401029,66.4857857112286,49.4892934554452
225.3170924351115,67.47972647009604,66.93349284091364,49.596256667707095
226.17723273316727,66.72399165866962,67.44022893219525,49.80335386071223
225.33988650538805,67.58894729818141,67.19901734264873,49.32152653077772
227.8375756506499,67.370082857943,66.66915466568096,49.036666633712414
222.74964292268493,71.75577505537046,68.78125459579302,47.8050690545008
224.37391637135806,69.77180573494562,68.35341168175361,48.1650744124983
223.87186528768717,70.07191698649369,67.77006990130339,48.30261304927186
224.10542718609742,73.03942361165322,67.42343288548398,48.26809103659317
224.9390128173069,73.04825895449255,66.2184222103758,48.800514120941656
225.72656619465312,72.12094150289852,65.16703941560615,49.17871670067393
226.01254602478687,74.33295049216143,65.50300178483388,48.61800333716886
225.69435083382115,76.74028660142628,66.01502671781358,48.22310278993432
225.62812642512833,76.0876883016055,65.52687078170499,48.54087263176339
225.75598331896342,76.17180802974431,65.69850566737848,48.487204910748645
225.82067786556357,76.55231368564642,65.53241650799913,48.5869599501674
225.94008430968276,73.68181455978997,65.66512869877266,48.40745649289593
225.46181604337428,71.38714212861794,66.02637117306672,48.03296468531811
226.85395945264563,70.13362887678002,65.178224891786,48.497238446226625
225.54344744166116,68.09222473129097,64.78367541216798,48.59998615981216
226.20279693417632,69.61578534448334,64.50667690950613,48.82009091418607
224.7373985133095,71.73956323980627,64.75678727739336,49.4769268891347
223.6963384250609,72.37760841671563,65.03055093037678,49.44841730199383
224.08839559422816,73.84759563107396,65.48135864347199,49.66889857701252
224.78240739015914,73.02050370097808,65.55061807162956,50.10838722197907
223.21015122830633,71.61076574108985,65.7397349352064,50.78251793072647
224.5799746288211,69.69901798090395,66.09045688188804,50.69860950517542
223.78182815079285,69.37019134990655,65.83738961035972,50.7913468717082
223.74260947116503,68.03537906659578,65.52175312565937,50.97818907443813
223.29817128925663,64.72965056934945,65.58677969222734,51.39255687367932
222.91163852021793,64.77225294732372,65.47918350430677,51.39365089638392
223.71461552701584,64.20977976972507,65.4758893122213,51.56590265672113
223.37904420174982,63.14365944810612,65.4964380859146,51.955432113550046
224.38309116846926,67.28518465075604,66.04936476519241,50.842999288664046
223.5891211976231,65.86957339217247,66.5186132624878,50.16696124484177
223.13636383309486,66.43487307665477,66.4739636138549,50.09164923702222
223.9143287034506,66.43750646889805,65.9778039804127,50.20075083910228
223.320164670157,65.42662008403217,65.56948180419442,50.19461719098738
223.7262476396793,67.09081994831529,65.8447321563867,50.35662349879808
223.07612257834154,70.45831169827925,66.88267621469492,49.32449510903862
222.6021010554438,68.44679375579518,67.41425022295759,48.7767182918278
221.1445546088188,71.52059992974641,67.51200345747046,48.345499891526664
222.1063848997525,67.59073312959872,66.77687510884124,48.71778336898878
222.04723993136383,66.90680474998541,66.16239943063218,49.07536977108343
220.4991530984103,66.3394005540103,66.0975215847747,49.04835751293296
221.55567459814213,66.6574356539519,66.56976114947422,49.07319481999252
220.57387627282336,66.1428349838199,66.96844643460274,49.25576004375185
221.4813773074028,68.73920140087009,67.27469904798478,49.53191263140441
221.70152259062175,67.91360482437042,67.25868417782448,49.46511324022954
221.0978809938484,68.07251909511511,67.7839960001973,49.63858587767234
220.23654115091114,67.80663165758884,68.30264028472754,49.77858889975478
219.4073730461971,68.30259601246084,69.2770505078656,49.60899596967768
218.98809643260756,68.30863412425535,69.83049653966738,49.127324343609466
218.14411627737599,68.42803432255307,69.26995650299307,49.45173216940324
217.69194227938624,67.8905282597243,69.55963207656352,49.610420335233364
218.1529314583585,68.28883033734986,70.4972169500872,49.76503395055871
218.48559817090413,68.00211280748593,71.27515647326102,49.659938436441685
216.60106802411582,67.72923041286639,70.80361761141162,49.637596693583895
217.1470313171493,67.627065916086,71.54905104979682,49.79879621322006
213.40344350933285,67.9262479290517,71.1221875304505,49.74991065856779
214.87615089058355,66.99847954547623,70.11280625526906,50.32913590895694
213.85254860465034,66.70453198641512,69.98734380061566,50.28096149087005
214.67355506750494,70.1342956650282,70.58317105053513,49.73352643787363
211.67869467411757,67.99670326247397,70.3583422958365,49.507784748383706
211.9432658680551,71.13519871378094,70.34012424725589,49.227163684484374
211.15282517181672,69.09927921969317,69.38294259041622,49.22263767861082
211.96356258103415,68.768113570242,68.72468658015549,49.30013726288306
210.81373776367678,68.62945540926566,68.72717105945948,49.57336424426815
211.40202697346538,68.94359309760137,69.37414393707006,49.929148678235165
211.02242035565737,69.0938540848655,69.65587264843604,50.26187562891593
210.5745099413012,67.99612218394371,69.67466244887771,50.10304370016868
209.20854722308468,68.6827994634433,69.82647900431401,50.3796704014692
208.38893062835695,71.75758414975218,70.05372000150109,49.88581458704844
208.91405256279273,70.201830737904,70.111995805977,50.0487049060756
207.3510041118927,69.6377646111545,69.40858678736691,50.197688473642486
208.307733522258,69.39985999028102,68.49917404913296,50.7336235133764
207.7742341111373,67.4678680746679,67.82836547830031,51.08960124871641
208.42483490200598,68.13074430305312,67.59549835682145,51.362764249671486
207.0145082479636,68.1479898185966,67.66373863046714,51.551846113515374
206.3856797099907,67.71537323205091,67.81665639805564,52.05692427042292
206.86637683842372,68.30474653228107,67.72608659740459,52.1881265911662
205.94413145970924,68.61269818787143,67.9616443828792,51.873066429409086
206.44766168627336,68.163175935982,68.20627872822044,51.40156793010566
204.59992758712613,68.77244352223289,68.05226081392034,51.06450939830519
205.53069219172528,68.91708586206423,68.03488584342291,50.5416602822068
204.6023856947832,68.28957839931299,67.8401058052331,50.35034728298089
205.2699454812324,67.94422775811677,67.24127311092045,50.72140947864999
206.08866781529483,66.90691141886737,67.12951697181025,51.07879014108129
205.19774079367795,70.1170001067935,68.02653243395876,50.560086764252475
206.1482160093021,67.66493246582888,68.54985310943043,50.36996373777107
204.59211629983443,68.84468960835751,68.98205079267854,50.495341105774706
203.90747937375914,67.00563754666845,70.55286149397024,50.45632863483827
204.04172830246242,67.52573104333405,71.06256044823971,50.78419269360056
203.86882728615458,67.90104986874175,71.28655957714356,51.01056696180677
202.13501648873466,68.66136013729829,72.31404140147563,51.37935346338236
202.71035647574428,69.18650855458898,73.2054573270383,51.79791177139435
203.01932422656682,69.09254868333585,74.20570591505384,51.65479211499199
200.11336345911585,68.90134984260098,73.70897123428807,51.41466350842921
201.87766961971258,69.68668320862787,72.99872663274489,51.56026257399047
200.99421007294015,70.07883131690758,72.05659507092473,51.69410438462221
200.94354729663655,68.84215996179388,71.8322161979586,51.518094782761615
201.4751570938625,70.2178352084218,70.98430872680538,51.395223293412016
201.44599325471887,70.02590972210014,70.4835451947273,51.28415988335919
202.31183685982845,69.8286009824782,69.78324841305123,51.236690904396866
200.41067688814783,70.2831871142068,70.43975107659678,51.28311568397711
202.02625944337973,69.1587582792011,69.66951130678544,51.684460870391725
200.49765055139284,68.78067667454543,69.67256539637756,51.7993235802638
201.39952246366167,68.24064986268955,69.32278306342465,52.11979200223531
200.62222160471848,67.47623748368005,69.4161145681839,52.0841500453953
200.5390154105014,67.3634334949586,69.67032362979671,52.46440288465557
201.92653727004847,67.2015979052827,70.08403685345161,52.802508294521225
200.57521795042553,66.86183728472814,70.88139335291937,52.75254783854783
200.2970051978581,67.61388806363823,70.92927918138793,52.82743411756542
199.21329306943704,66.00092558517564,71.34474316067266,52.9220388363772
199.5738400809102,67.10608966828089,71.14804752420477,53.06199381607123
198.7679764467735,66.62286574796956,70.8588753822304,53.135529328450644
198.60081519796051,67.4741370995364,71.55310124522998,52.965677031162585
198.69724000112052,67.7744706425284,72.63512954475563,52.959928673053355
198.27846801673414,68.50043860403696,73.51154706680443,52.725631242620466
196.78953337931213,69.1343862094109,73.58892653451953,52.88717200027163
198.50979875100393,69.6327568145052,72.72260810383433,52.37822524894916
199.2080136380051,68.85751573689251,72.45695056284131,52.65058223728152
198.65138257708037,68.78909165010835,72.46085461240989,52.891023864614766
198.6746999510048,68.33001924020047,72.79728359813873,52.86598639483014
198.92526498077336,68.82811864742183,73.35395669259333,52.35737848939162
195.79390771902203,69.29066062302105,74.07313073834332,52.09432642715498
196.99086444120977,67.78155854587712,74.03435368846858,52.196843020407684
196.41943437932403,71.22105142270573,74.42804261482564,51.777269841518546
195.07493118266927,68.50279573582998,74.16651847911291,51.8261583820181
194.85255394801973,68.09894743532253,73.98805757108124,52.416454983533676
195.46754807823132,68.96612844568264,73.24055502223263,52.440733728957234
195.98655982489677,67.25508416758024,73.31005520863498,52.45418452309236
195.29530427037653,66.51254674214238,72.904350084422,52.44893845302384
196.08592176277625,64.39020079644224,72.47740506048376,52.870775110278
194.63325284904954,64.49842461619649,72.45756626745381,53.31377770375215
194.76452289986258,64.82956969474756,73.21631563363931,53.523772257057274
194.17749057380775,64.7503736108163,73.7441957817168,53.773095467948636
196.16916115545547,63.81785317530078,73.00107659565523,53.234283637792515
194.18247897552,64.62196794141903,73.19762268007453,53.69776898363831
194.29488580863205,64.78811273957285,73.53766774845812,54.48567787556611
195.62990042610022,64.80315072266744,73.01713077731574,54.025372126318786
194.24698014822525,65.09987858025848,73.71964831213062,54.56302040359886
196.20809855421587,65.83116815347205,73.39712816350999,54.037253538780305
197.46212734508248,64.82769108094737,72.54329724250522,53.26173674228609
195.04780203238292,67.14202038233529,74.09352432015957,53.901534121718484
195.83360487447436,63.71737249496921,74.71661124767104,54.135566911221154
194.51332156735793,67.17165819594591,75.05599749920245,53.7505569869289
194.44718355267307,64.80139697446674,75.12440552746881,54.13819418361038
196.81901424969195,64.17846481850776,75.23878017469083,54.171734829909454
195.1766741965679,65.11212835847249,75.91913546328149,54.59370032390881
195.54158793801685,64.57744766873807,74.77388712033144,54.68733909242718
196.41243940497088,65.96058041563174,73.88823050543127,54.72077147461641
194.84238927154394,64.94686621084227,74.26890227115601,54.66746133973125
194.85518869851788,66.74561134527009,74.291638306322,54.744584069838
195.0172347270946,66.5817949940045,74.29818069412057,54.500033819011506
194.83344118263003,67.01047055467974,74.59535546762145,54.95007457960374
194.6449162509166,67.61675616734632,74.3459906148046,54.98257738800776
196.69892552512295,66.64551966123561,73.88728599308864,55.06335821005891
194.47892206629837,66.47701904372737,73.94265460125906,55.259771146635416
197.29474839611603,66.49868077704501,74.18794457620625,55.59520923972494
196.44255490004318,66.68943659081896,74.32017299329398,55.3704099952089
197.16717258860155,65.58773388261042,73.12121456915918,55.68706006437408
196.80152281134988,66.82998002848925,72.47335836861947,55.913588480700525
195.7593163684838,66.94662727740334,73.02905337887098,56.20213938320575
197.59485874219638,67.76602206534912,73.4500954777593,56.25410612826755
197.62005828485493,67.27025084509073,72.62186614933154,56.16468757978592
197.77752030235808,67.66990929195188,73.5683302969653,56.51694422484384
197.04652684465796,67.90287036328543,74.61543747308104,55.92402680179172
198.61388541580166,68.30087688212674,74.58034782560564,56.033476982798064
199.80722371106492,67.42278990628961,74.38024688624793,55.922182219758255
199.7683114369697,66.49648958528292,74.21071119004507,55.87095054537302
198.54466252839495,67.61269196853533,75.16570098660283,55.98320248472453
198.25338302679498,67.44224035178998,75.43899893600218,55.86904973634076
200.7261926818767,66.92348870595984,75.73597386793467,55.87099027432369
197.86544420241222,67.53441284384462,76.7806190774435,55.91549143340673
199.7703441017063,66.82244961849797,76.84888629545682,56.469264874208505
199.20692125785015,65.84108686838238,77.28400029180868,56.40592335593079
200.52539062724549,65.96162836939452,77.57271954061267,56.62429489034449
200.28612106895304,64.61719260415381,77.95128206543168,56.958441059955526
200.45132394593196,65.53806628895632,78.12253594320293,56.875462606480596
200.76086553527176,65.2597965037663,77.94266484833986,57.14316876731283
202.05341936013707,65.52682774041448,77.74143256863488,57.16919522653066
203.4883841155906,64.71416029115048,78.5913073446846,57.21385464230873
203.08775034987553,65.07309210681515,78.96632543163005,57.425635714844425
202.65489174938955,64.55498793043017,79.05974727680515,57.22054086212426
203.87862860502162,64.29405244028783,79.1784194624527,57.25211658126431
202.75322747218024,64.6800381092775,79.29870138435493,57.46213766681935
203.67958195609256,64.03290921108186,79.44208211341441,57.373066190940435
204.224166984436,63.97220174641734,79.55780111579432,57.513862121861166
205.5695370931742,62.92958945127948,79.30626010753114,57.28190512491764
204.6613567602647,63.149322146452384,79.456907701527,57.36238201820221
205.19170794985126,62.97222552824934,79.40246845921763,57.755415507514385
206.56157138553354,62.70238938713352,78.88134662935697,57.886752163620685
204.91542020150834,63.74158053063566,79.5521694861464,58.28800773786824
208.057653096906,63.75521098706879,79.48982588773389,58.29019162569179
208.05465543964198,64.06025323995127,80.3533476238089,59.06535542334025
207.00269845489123,64.36813884812366,81.17284372564987,59.36279221480794
209.51476298343556,65.25838214817333,81.13675797681923,59.43256873345251
213.44389326759187,63.4665490105893,81.06262130605913,59.37779678382809
212.4241315360207,64.08843909584095,81.56711356974617,59.76113853867879
210.65581419263424,65.419973368373,84.04072635824949,59.69803508913473
211.59202251184166,64.91243296738105,84.02341595438507,59.555604179997985
212.49391973273205,64.52863554402909,84.24358639450128,59.37970232260037
213.44728008590428,64.19220995748852,83.72899642069315,59.68381400994084
214.77971395049286,65.82696929908597,83.46722822841173,59.33241666463655
213.11497917422113,65.88197218129841,83.28897731052672,58.281190855121956
214.82184327979147,66.14524091105807,82.59850616420539,58.32060510058159
216.52310023932168,66.02917539381721,82.30475212521088,59.12394914203658
217.41896502354408,66.22926631603747,81.69463314102511,59.17575423631104
216.94821107600993,66.54189342030344,81.71552101188917,59.58367048943374
217.91203308369174,67.53101965061961,81.81726661635281,59.85621577736707
218.4403588949433,67.12392507372466,81.88369179038135,60.33945386633193
219.78811626046485,67.67480919254176,82.49035496537464,60.550028749272684
221.75663950383898,68.29302870012238,82.67449282768644,60.785853189502376
222.14284589775815,67.80732021674243,83.48334405886052,60.83138382327355
223.39226615343307,67.99481003167682,83.76391939338166,60.57065736419304
224.21441933304922,67.45122152548929,84.01437352361319,60.35799368786266
225.02719355727677,67.5472726673342,84.67648805809876,60.18179822610922
223.89531456103416,66.77028722329132,84.50973791383473,60.592952093778706
226.0465228373635,67.12597651500542,84.51222582208298,60.92002029436997
227.42164154195527,66.67544082529139,84.38252235607574,60.796345255798755
224.89641812616702,67.32457103330727,85.75191388026397,61.21422844786028
226.7226216146565,67.24080362558948,85.66862564145941,61.41811627770538
227.6198957401528,67.76085209057308,85.51212913874258,61.64992655808821
229.18958581062492,66.921474079581,85.53272095023671,61.58834592350195
229.34889488444833,66.81161642093255,85.4600910672698,61.938145531899345
230.51839804329646,65.8024794748906,85.10715609776383,62.67019195930734
232.18213930133282,64.88584342192877,85.12332487639934,63.204941831267995
230.90480911297212,64.32727385360018,86.07836228826176,63.79848193933785
232.54384478799014,64.16177084883454,87.13314234813782,63.8250776998743
230.5186702943647,63.777685966326565,88.50471578645377,63.95724003672099
232.7813531904792,62.7527769018764,88.72582044557973,64.30501749331907
235.2059863697563,62.465676046664825,88.43336398921673,64.49063304022141
237.47446328249663,63.20968968277242,88.90907543549507,64.5888880212716
237.94351396468048,63.23150263517099,88.63176046143194,64.61490994272883
237.49250959693578,60.34066850864125,88.4068908161459,64.7347644598264
237.25585399275553,59.89772751652707,88.72748121552353,65.27138513037792
239.96410054040157,60.10490174889094,88.63081520000442,65.39732261058884
242.08884108289516,59.57397072704455,88.7379749307521,65.76115269236374
242.8234383441013,61.25023059994796,88.39011817975549,65.8942939763726
243.17248392362066,60.650090452703914,88.27642439630046,65.95221262993051
244.15522024410552,62.174888200546064,89.0636661508538,66.21693650642334
245.0245200278125,62.704487663753305,89.00950171260544,66.18979057378327
246.90963038655943,62.83132107665084,89.77747994301814,66.22213681475685
247.5279207467492,63.20731387549648,89.99616343333955,66.45166441925596
246.12139848694522,63.592041907555625,90.3250923523616,66.71325259990391
248.02985081905365,64.21158284604904,90.00535885170368,66.86424199576712
249.11270816388497,64.76752209395131,89.9420408886493,67.0814544528358
248.86811031141508,64.10837181705975,90.66031555698802,66.44911337453885
250.17217029768364,63.996364104024494,90.24468163219571,66.48149727485443
251.66398410592421,66.5263217037182,91.13335392530621,67.06587681423655
252.5740459432186,63.8111503629009,90.4709423526538,67.40697369966755
253.62138969616547,64.53143047514774,89.98980658263801,68.05179331411733
250.95502285453958,64.16256943978425,91.205247861715,69.30341024082044
254.20780717212068,62.94778531777415,91.61715683427988,69.7539543130114
253.95604559203218,64.58651503244954,91.25205894314539,70.49264440453466
254.71083380500804,63.04047829981521,91.24662396712192,70.61119258408247
256.5210316321561,63.23394282386664,92.75279329237895,70.92334298992478
254.12606150127434,64.07510871352048,94.65361369063243,71.11305327051548
256.26700667977946,64.24677840650938,95.1363245642435,71.02264777416514
255.20687277444236,65.61749704564426,96.04682860958263,70.13050527758027
256.2185698143517,63.54384723776674,96.80531753109138,70.28516797431368
257.3118903236215,64.42269641967755,97.45974668772273,70.22348854474194
258.7026789484362,63.98669230524372,97.3390533415968,70.13959878672071
259.229121296064,63.297053046383745,97.52201993418292,70.02333668554418
257.5730152471741,63.78038093907033,98.05052632059798,70.23071132333538
260.2887364196134,64.09331857448363,98.03252801792526,70.53475380525154
258.2058341499336,63.09140778522489,98.28898287733796,70.45185181771373
261.1363697973868,63.7815386808625,98.70210296197868,70.62523277622489
261.47458418391585,63.127903254295234,98.91134961921841,71.10060619178694
262.15875645170354,63.25832330514951,98.71308705671895,70.80915411309722
260.4284338889729,64.25069101132499,98.36349668184442,70.57271257739421
262.3161756765847,62.99253161370744,98.56414621475999,70.30278769549003
261.41366753277526,63.4889068034994,98.69389635571895,70.20325541597707
261.1179576833466,60.98838527055296,98.827863608354,70.65877674572492
260.5403113657431,61.14156817418157,98.4508140480501,71.16029575082274
263.88982750656845,62.79029813714021,97.97010165928268,71.52927583497626
262.1141129674244,62.85779618262411,97.26156388729012,71.77673106966346
263.6301863460603,62.66439057022508,96.15518633987999,71.88705071206786
261.7497535726108,63.58550831225901,96.7523112518608,72.43217341662915
263.74247203900956,64.61664711132144,96.34369493101701,72.24234116342922
265.17264094723214,65.319814702386,95.2135653922742,72.31702321324131
265.8102356286726,64.88677692365309,95.24248548354815,72.06248662623693
