6.5,166.5,42,26
7.947742083326602,166.8624370250605,42.32627896734948,25.773674815197317
9.879554483879978,166.97765669522585,42.62224298002447,25.596140944999455
11.54781960374293,167.16189440605282,43.05281641232615,25.513109932000628
12.12428836389936,167.8575782746836,42.90911224753545,25.36193365439488
13.334584821014275,167.19347748622803,43.58010949939754,25.584199061681655
15.273167981621015,167.35941511499686,44.02815041161301,25.68269052887355
17.085292447846804,167.52845906698715,44.249209067738704,25.863062123775276
18.181789119401223,167.9622144384465,44.38757678000401,25.9051661822634
20.058419399799718,167.86753455154064,44.515304578658316,26.020465247790728
19.886625030478115,168.54669024230876,44.815835476984034,25.908759262525294
21.49832598255339,168.49030106441228,44.870496393268056,26.029122716819536
22.650546618374946,168.2767226979288,44.98078114053058,26.04748757990774
24.489587544511792,168.87152556035184,45.15577431572271,26.05643350987731
25.364876535644182,169.00264657195598,45.15402593665312,25.91049744887399
27.065789117244925,169.15068367002118,45.365314176771946,26.085942067307315
28.738690130746377,169.0530654870981,45.36710831828711,26.248041368726334
29.251185258964526,169.18299282091476,45.68558732397392,26.429474248442943
30.520447500822097,169.2450659358285,45.62543660620421,26.522458843538978
32.13251180913647,169.49851879070124,45.90137403152188,26.60070313722672
33.19093895428297,170.1976550914581,46.358050653628176,26.5984458221586
36.02012368250846,170.5991328763801,46.50195685483099,26.752769874869358
37.28995230351818,170.7347677446256,46.63364675407744,26.795409937238965
39.291548837459075,170.5027344807318,46.540101389366406,26.88568611148996
40.7514035062934,171.1910136294758,46.687639442444826,26.852092701620954
42.279171083847714,170.67084219352486,46.45692242164406,26.97230979103305
43.63712212080554,170.86129021711284,46.50800075735061,26.971313186052985
45.01304608967225,171.9387322821278,46.38770670793811,26.75825575718735
45.87950715830676,171.85137614577377,46.129902969335475,26.696237022200208
46.923067753342686,172.0392428650865,46.1076800317508,26.67130794229554
47.78642638427673,172.01680784934038,46.194237391846215,26.67734359938975
48.86978034017663,172.2781541675158,46.07874870497623,26.625690794677272
49.54667477016024,171.64292328209845,45.88202869361894,26.75292784932543
51.61219054357648,171.4743161813507,45.94740923327326,26.843170890647528
50.901971774525094,171.8198804359657,46.04780022730103,26.820820860516815
52.559282968519724,172.2665554181073,46.13928311923426,26.869372699250295
53.583812154058926,172.54514353009066,46.03055847217776,26.744478416459028
53.918945829044816,172.4868792068516,45.964336692102684,26.71965078845154
55.58346546210861,171.95710486558377,46.09078300832677,26.84805493544565
56.29817033186725,172.67007249652156,45.91079188510436,26.836431917031703
58.043847496163345,171.82736271808295,46.292497544534015,27.072714501481542
58.627512254416686,172.00246667546892,46.6100682641571,27.204889718690488
59.864757250450516,171.384884248483,46.51634895537801,27.267686880668656
61.5479485181075,171.57854385051633,46.70888441933162,27.21003911911064
63.20819065966636,171.413926355811,46.913128434401166,27.35273799013319
63.28021353681233,171.43464724324753,47.08583898818797,27.45891921778925
64.7023239922729,171.83730768963423,47.00278131197755,27.352593915225768
66.08568693989531,170.9787983033014,47.27438740220636,27.402107304399927
66.85894379303984,171.00906969013755,47.59021843773857,27.453519033488977
68.46055326220448,171.36953755718534,47.75520027837048,27.511443689579735
69.66495858648521,171.3778328767715,47.768626072374936,27.592223347124083
69.83866049464606,171.39165176771738,48.20203291021659,27.697562469743808
72.0560580430099,170.81484234521264,48.88566652061172,28.13996820287584
71.92901603233022,170.94502412174077,48.69415304236208,28.190931660212684
73.11701477314105,170.19194878780556,49.07048228765387,28.432646917583554
74.44883828164363,170.48361544746857,49.41441698146414,28.588676434141654
75.49140605755231,170.53914204934765,49.619629721043886,28.633906236455513
77.15752137924532,170.71162422699007,49.96728947186867,28.66350718449634
76.81475724865032,170.39786204754853,50.30443227983447,28.88936734593451
78.4153963174092,170.76550664875356,50.65982743066207,29.173241990494013
78.66026651905985,171.09574552065604,50.79787056427179,29.13290670655847
80.5521513833111,170.4153986026717,51.081343458144765,29.32080667732326
79.44591157624481,170.39226247361503,51.18025047477368,29.398697258613726
79.94951276405837,170.60356605645924,51.452745517359446,29.452560712365383
80.14201944584866,171.3636579672034,51.66143101299366,29.434422164657846
81.19584422215104,170.17627050366167,51.56486935482861,29.46822848288516
80.90215813734281,171.2418412599884,52.13468521101977,29.474135214707992
80.65990397800822,171.40505983189146,52.178310250842195,29.55654927720452
81.06705217340863,171.3932699008046,52.43606300097157,29.534266948952833
81.15870390587179,171.50259739104237,52.72027461721247,29.661372671564138
80.90657131802885,171.3097065576369,52.765653378132015,29.748374314323407
81.70729069041109,171.951122759046,53.11526861038018,29.887761068724142
80.84293811157463,172.6773490541852,53.302741539774,30.031641147703855
81.51836375339624,171.94029796288132,53.632929351055694,30.074628775906447
81.17725874715055,172.25759473190058,53.636362324496005,30.000947131712493
80.82309557359534,172.8655828629156,53.539267378824604,30.123934974334855
81.26436377107905,172.27417728909785,54.07842073262124,30.499756571379876
81.54893905496547,172.14743834753787,54.71695909249881,30.847523898886784
81.25344676872392,171.73229211473478,55.0622808416625,30.738636407579968
81.50325529396754,171.99357494282717,55.254302082057364,30.556280116286242
80.63792187783054,172.4088364183803,55.033842338861405,30.22831944964959
81.26817182708797,173.05348048282886,55.187621901253515,30.361864525021883
81.43806389483895,173.43846101388863,55.85927351289817,30.280762448803195
81.87683080586768,172.92437954550763,56.52591352754875,30.624110157579796
81.62197665762884,174.0782779478366,56.5012044332031,30.5516627696547
81.27975585977467,174.2779740898124,56.63771805325685,30.590601851288397
80.60488958798157,173.98590858980833,57.09464633182073,30.98464590540518
80.53932172381306,174.7308348141986,57.476857864391306,31.15745179040298
80.13082350234258,174.44404290308267,58.174557063677554,31.653500698618153
80.49143801310073,174.64331215906626,58.579787283074644,31.947597067193747
80.21829907948879,174.67996560295072,59.43553821782057,32.20598323267035
79.75503309217169,174.1775414821772,59.582916845439385,32.086620401295626
79.18085721416224,174.7459439193466,59.61938102726242,32.12185420131143
79.95207697581621,174.48967231672611,59.959775819254475,32.23476200220398
79.45672989617607,174.82603653588941,60.15429348536687,32.42303356530791
78.42598401481054,174.65763790134162,60.515457017240095,32.38954636646793
79.1195588825124,175.72729067199077,61.1030831922139,32.729321263783525
78.96361948144404,174.2853423462442,61.23038490182225,32.46954521057998
78.30256392483457,174.1873793562047,61.336787163226916,32.72040999129192
80.16033557121247,175.33248012487923,61.74720612785637,32.765867957879635
79.43681043482134,174.92190274223609,62.10009226756673,32.68760830303807
79.09167345838657,174.4830761873453,61.94647418256777,32.693770457466904
79.98097039766444,174.6369528427363,62.540379054698704,33.01777494249559
79.88160827115016,174.33991433818034,62.35634886265125,33.06573100996857
80.24103368618323,174.64586134699888,62.85136855794522,33.170956328459674
80.13743083036746,174.99504804657488,63.49855611757824,33.33663290041136
80.40136603698411,175.27578028009222,64.09051726638717,33.534015312382124
79.7114813059159,174.47491029154602,64.87345212855183,33.73137496797182
79.74263593998484,174.92460064623484,64.87823127067223,33.94519253892869
81.24919923717677,175.14784672303094,64.90255665878655,34.21148503327805
81.28540603704771,175.00439896054513,65.1217184908684,34.453026773092475
82.09035848669298,174.3569885331682,65.73205013141856,34.56866402551324
83.48863185141408,174.41399200122373,66.46544829867435,34.98689533441256
82.44142668644463,173.55146882991616,66.47660643706966,35.31098051636794
83.36781445057943,172.6178940434284,66.61851298239323,35.21872407108631
83.00312683883428,172.98097810595823,66.55593017184498,34.958287775431444
83.91029530075353,173.39786664984678,67.24223936235583,35.4460460365466
83.43238237290227,172.94697355765842,68.00025255652977,35.89812805069626
83.95662346088096,172.60352002952078,68.84767992837817,36.308524868324064
84.51174387269671,171.5665403669654,69.25529844446073,36.65640306054604
84.08451248171451,172.59749041635766,69.31316195751187,36.83571270716862
85.4336088371268,172.2653426723349,69.61372851640162,36.86986443357931
85.27876956043721,172.61329530075693,70.02104877624748,37.28230528135717
86.28157677839,172.10434630192466,70.6702457226356,37.62271107769342
87.48491425857645,172.26313838458722,71.14149782715835,38.21860451198912
87.39420664948904,171.92553658888488,71.82271414463355,38.50780279118945
88.8309821750344,171.1868090231783,72.54267515180086,38.69576746125307
89.11509287766185,171.0906936827587,72.94162028955289,39.038184546678096
90.81195387010499,171.07752156158716,73.56912804862414,39.37133284995721
91.52309982921231,170.9221619801597,74.28191336849235,39.604828533064335
92.07053347754344,170.91720278708593,75.0507335870889,39.961972853478905
92.62313026076095,170.53125619484365,75.66888494271963,40.22290551864964
94.51500377124111,170.2126980120095,76.08104074616114,40.427917505379284
94.97706927987585,170.38545223419564,76.62897541607123,40.93173102240989
95.70503138311861,170.23789046515242,77.2308007193971,41.261842561485324
96.53024061599588,170.18549436673806,77.7277549762683,41.566332193216205
96.65134612634405,170.3361592866993,78.4549648058489,41.909614069564135
97.02365741734161,169.52879667769213,79.0094818427274,42.14664611130901
97.77964724019915,168.9542832043155,79.73485671399533,42.30662272933072
98.57443845069429,169.26400701810516,79.9822644110318,42.699449724668575
100.47283808426494,167.87152821899457,80.70905475494396,43.34517254162448
100.54632282523484,167.35898606521135,81.43391746494828,43.790251978299366
102.58169306713755,167.13525254740097,82.0393273031033,43.96067888998061
103.15501628712138,167.4531628575108,83.10181663393335,44.41476019389428
103.81301251917169,166.59693711552345,83.3942094943109,44.45379458649933
106.89332885738432,167.08474637245843,84.71957878626944,45.114935830625
106.90661287113241,166.9912444713041,85.09712074340958,45.42415064219762
108.27045922165124,166.7646058971364,85.49351919074839,45.65974334276771
109.21704646943456,165.86361657892226,86.22874263677106,45.75918933015573
112.03651562275898,165.7594142276485,87.21756426359391,46.637431209503035
111.25292185598587,166.5393834422705,88.41018124860574,47.20089752154625
112.97207551612816,165.71869746384627,89.27783839823084,47.18959361131404
113.83357799893949,166.16700188010935,90.45937730925613,47.4141157220862
113.88156576730594,164.58580154782604,91.21175825789003,48.092855450297236
115.63489664561511,164.32947512383964,91.8361623467612,48.280343950383006
113.70873458203582,163.97406712421332,91.8568602970857,47.76010123286162
116.40693113470023,163.8266619276876,92.42500671964993,48.07955387920762
118.6914492924256,163.96399431876296,93.24460174804075,49.17503429873999
121.46233657979319,164.76102484942885,95.24257298095327,49.586195796383436
121.80945438709955,163.78332762812326,97.45514359688558,50.336164618915575
120.05208688956122,163.9477746448521,98.68825999683895,51.006232093731946
121.24053141943104,163.9479835910812,98.58029064344393,52.29735828105436
124.51219823712259,163.4180852957974,100.22073863190116,52.553212489286295
127.2605675827499,163.4271656345557,101.9345454805025,51.92320804698774
128.52694334834572,163.17880968898655,102.4381792470861,51.24797567752881
126.32365739379833,164.68087994140416,103.7047102816997,50.997302970926604
130.00828895838214,163.54477519355552,102.66078599301673,50.47018199367772
135.74706155060915,163.5441758527829,99.03888503463693,49.01147004404317
131.31072026020885,162.1257985627661,99.1192445029497,48.79308031407917
131.17151270197652,161.3611511617501,101.44457610424713,48.648348746062716
133.02292706119638,161.67516037568925,104.58363342935598,49.195910581322224
132.63785920239212,163.50959864492327,106.66989418225046,49.74394631244643
134.4900121770488,163.89310999047092,109.75269140905402,51.07739058798017
132.89429943475022,164.4598375322147,112.40433144891475,52.001659026678915
134.81757857681745,163.0964850309074,114.13941293147336,52.60951046026278
133.8536102811579,161.53523238166548,116.46031871386684,53.59730663894982
127.67942022857176,161.0230357876473,119.80983845984724,54.58080960270823
126.78663210640623,161.6718931594489,123.79018122563215,56.12806651590431
124.6163756984898,160.15972856745046,127.55615879080125,57.06355211584052
124.23366511194097,161.0385596070065,130.9236116716626,58.16079301944024
121.70204521601973,160.07120581927737,134.17414392013197,58.964668041988645
120.24090298164103,160.08054176789895,137.93942796641164,60.10128436419742
120.88781573794506,157.94176910407123,141.2406651865001,61.012961123432426
119.5886637158446,157.67657779250325,143.889171741952,62.28374036541147
117.33012304879905,156.9470695298632,146.51524958654878,63.41358264032726
118.67547166063125,155.57824808615618,149.24685794683825,64.61940904519739
119.89995253017757,156.85348727341534,151.79785901444725,65.53960375493807
123.24336206523876,154.66099465375777,154.83619196001092,66.56436069415864
126.42105165595018,155.4265877363344,157.82553838741376,67.67645479672078
129.73736015276873,152.18659505075038,160.75175260868144,68.64671745823307
131.7918164183671,152.5335609398914,163.8741795321356,69.7183938714412
135.04087616494672,152.08730349377356,166.9146247209832,70.6566412692964
138.4512771251312,149.57976645450483,169.865167939164,71.23324116951964
141.04253539452532,149.336023199834,173.04904544334454,71.83700123104069
140.27518291905233,149.0316462961607,175.70762458175997,72.3547400347657
138.7418781035523,148.1802036783952,178.7165129480997,72.9733199838892
138.36118962284672,147.83390325878074,182.0830670735886,74.10192665388293
136.09955769018055,147.29673899405762,185.25394160328864,74.93148969303564
131.62315108259145,145.79891574499416,187.61741413166877,75.58494902494857
128.9247860410166,144.53999026537127,190.4296841947531,75.86420354483278
120.72718968010096,144.7920577062726,193.69771589058342,76.51552413311529
117.20991218399845,141.2452659666117,198.00852863616063,77.86498558408624
108.01670418848222,139.796190773589,200.1933607648884,78.45514088918381
104.29989417313809,137.2879090199017,203.9572413107897,78.8313459485298
92.61199019738521,134.3203541953943,208.9666781075103,77.7043346830854
81.8524045002971,132.71860266289104,212.18729031284374,77.11356365637127
77.90292467846692,133.28133224624884,217.83405984343648,76.673088696809
68.57462512523645,133.33318499993823,220.2054149618603,77.12502817844393
67.25076122672841,131.20087321116273,222.10488804248004,76.89094446153078
58.17748292196882,128.01526470747467,223.46618540517306,77.01807854120307
60.1172646851071,126.86923896484494,227.77319967583253,76.60038199675367
59.859393363114805,124.90300567595541,231.15050743288475,77.07288191498682
58.985814552319766,121.82819860107412,235.19483044830417,76.14176133498256
65.2864802309248,121.52888363377178,238.92961397451697,75.21764148797864
66.88009525826071,123.26620104994461,242.77313371766618,75.28926582044316
74.03202007235447,122.82003058329789,247.22160914746206,76.91517977324118
91.03432336653225,122.57256401043179,253.36456649343268,78.78087264454403
93.10175206599521,121.9412132995624,258.41304725978995,81.21017322075518
95.39132950665254,124.3021424906321,261.6385522219201,84.62970945378915
94.65133012962656,124.4458750616808,268.78053303545084,86.96408335817002
97.27457717054915,123.1687968362292,272.9686121271286,90.18963439563628
102.30518824535045,123.82682328203549,276.58264956767493,93.95701084057158
109.77101372395757,122.4312460317678,280.7970595540642,96.08613237926156
107.75827262657344,120.41904103693173,285.3677307122457,97.66140182022764
112.89593924010902,120.33948110900918,289.93366030255737,99.10427173329319
114.60080946892981,119.13959621767071,292.552481913855,100.08703132786742
118.8691885845688,117.79447569273123,295.66793582552134,100.79633513523844
121.59846519892051,116.39352596310252,298.05717760643097,101.30277985397156
124.68730102377992,114.65022828284243,300.5577047711042,101.7726553963765
130.90466394313194,113.30894299671229,300.9014899797635,102.14676144150665
134.5230369833958,113.71925067062172,302.1521077145434,102.00081488259772
136.20773965827948,111.96155862442136,301.72475949749696,102.26151333466336
139.00554887701347,113.6450254786769,304.3042547380075,101.55934903723931
141.3689364083523,111.53391693769248,302.6696487217318,101.13227508069497
145.8744362184887,110.84551115290823,304.3370300676455,101.55527321661631
148.14178263957365,110.23087161084834,305.88741784910235,101.74319585637726
157.45487056450733,109.11550079433037,304.1374588876627,102.04126939954656
156.1184395491966,109.20694280560511,302.1075468704326,102.03362620658407
165.52236771522797,109.06828707250332,300.3394644794099,101.34761747711275
170.46492393812514,108.65475476639637,299.87859596061753,101.16713292264728
177.28348532266835,105.67865022468666,299.142903321536,100.93893305144631
183.41358506434813,105.99484752533681,296.5444517706105,100.51029236855538
185.90287467852883,107.55039288761066,294.53322445570126,99.72726632410716
191.69460496884977,108.52637558703071,295.0593019533675,99.39127451707157
200.48956790217863,106.76292391877348,294.6156353945711,99.40737796878987
209.7009270132882,108.50159593588447,294.5779727143441,99.020070803617
218.56827552041267,109.79232725952471,294.42723909426024,98.84761904348251
240.83446623784062,109.48224016591728,291.04106356150396,97.97155285327122
258.1070443333996,109.00405386214774,288.7533994358157,97.14184808062993
273.6066034282973,108.82685212980718,288.5073959463376,97.2600421676646
295.7594014093169,108.39591861285636,288.0092073634488,96.61173981470253
316.3402788044237,108.30385858087402,286.9433426184013,96.19419289172492
