51.5,47.5,25,62
47.73272830996737,42.13714068273987,25.41685996942073,63.220484869871825
38.84797307874578,37.218155440983,25.04576450535023,65.08828723967707
35.657021405344,39.69950348740807,25.192099805583975,66.62491070020216
39.3587500588862,35.190598411504595,25.469533535486875,67.40116945277816
35.67246941531207,36.2239948152026,25.296334191073857,68.13836343317817
35.631716345977566,35.753604313092595,25.704081405735455,68.87614551612305
38.41159676787464,36.971846164235885,26.330659940298233,69.09947283373393
41.317929014103115,36.41656184460048,26.757795901027315,69.4687550164198
41.347563166140404,30.171484734182712,27.325600944521263,70.69804402576852
44.39173631370497,29.15557320847929,27.235230475655563,70.70362553626656
43.61877904907722,30.031715507141897,26.84636750666581,69.81145891083847
59.31443823187517,33.7246417152501,26.52937470259335,69.56188130922777
63.44896258090513,30.136367751574227,26.421871758012436,69.84250562207757
62.8869828640492,27.89890516563362,27.25909571666096,70.3128660318433
79.67590763349808,28.152769642568998,27.54218138894484,69.60240874688353
95.6216687886556,31.704753061812802,27.731004232438416,69.44422409299675
91.86039566648869,22.63851142004475,28.31245226357644,71.1865325108102
82.72920898146018,20.60431623420164,27.919205058682294,72.07714773791939
87.468893694257,18.783791983369866,27.95048054580835,72.67660101901714
84.83370097259414,18.413743289355764,27.84664752523636,73.34355352412794
82.05472837118904,22.244315450664345,28.313543533710636,74.04972067917191
82.60478882062182,29.491974077346683,28.740983226542774,74.1902247682755
89.3867876403866,34.457930051117955,29.10119518173977,74.89606058532036
79.59159714737282,38.514413876862044,29.149002238934305,74.26602311724282
77.07439691434114,37.08888074416363,28.90413682441297,74.23607980393481
78.07952762497646,23.40081347663805,29.00029496643578,75.35430074950844
77.38808967523481,18.918389358299095,28.655808948423346,74.37151619657453
73.56507653460065,11.245579712250738,28.799008539017862,75.1910210248651
64.24867876341537,9.670350049374989,29.028600117155,74.88550457966628
63.50416927160268,13.033597192658313,29.518627909393224,73.8697541972134
72.87276779929289,18.81800023877627,29.58615268628818,73.15156837475287
81.00224830289254,21.205908666549796,29.78298124512893,72.41413834095265
87.89311781356662,21.79223440694912,29.590207639735347,73.07693786704334
104.43302271895641,18.143317156437874,29.2809132708503,73.95053559362125
115.56055708468483,21.084085702096992,29.792694057215726,73.83202187876786
114.14177662856127,19.99072341060475,30.203500256404354,74.26569243896334
112.24328290000408,17.70707482369052,30.857158331576017,74.3541797792652
128.49715774490898,22.698939265398693,31.542394176434158,73.87130634171066
137.17413208079896,25.09584345868035,31.60069793080168,73.77970838147792
146.48086596584713,27.5839654698175,31.446748593322535,73.38175672904615
149.57364831994235,28.254308347825543,31.534727242981205,72.9438490024719
150.11030069516985,28.904460465357516,31.393945802710686,72.49660310557323
148.60510296864447,23.997122622883552,30.79715660724765,73.91221663384391
148.74946206527227,24.27302871752326,29.984278148069514,73.3218093716394
148.31776097415369,26.64347813008453,29.869796752959886,73.35732923242995
124.28423194585835,30.63562107006576,30.877135723857176,74.25861387859054
105.94845131490267,30.420683541905937,32.18108605437206,73.27931747285116
101.79777843973937,27.399907683703418,32.55936948017474,73.79129813289023
100.08261685908829,30.129208629427175,31.96374697802475,74.59983567625717
106.15967148922022,18.805984504868178,31.027289084948386,76.16988889058513
104.09577998430098,8.272286686645288,31.457806231368306,77.06893621465298
103.44413848256283,8.593793257197277,31.764911084667578,77.40364643361065
112.6628662745861,17.528528671936407,32.15563772108003,77.63061878040192
115.5940605446931,19.081683466986433,32.33985238368588,77.64398935654637
117.07196431315572,26.612786493808315,32.150128564106815,77.5671749197239
112.37672851926442,27.501301853423072,32.267275185458736,76.58151810901413
109.33216170553177,28.823851300842314,31.93750021688521,76.81916185753197
99.33521397046944,24.416536132541864,32.012955821897584,78.17567089438921
99.89411056682872,18.725419433280706,31.174554841808344,79.02004246887589
116.26742028815096,17.172137854032535,31.357764042962692,79.31397855026957
132.1368053360981,14.615620079974477,31.165172764817463,78.99859355471503
128.38452573189886,18.006432811913413,31.338828443095053,78.74195388108984
128.94810042722412,26.199243118563402,30.96860952291113,79.0853219152508
126.97083024649565,29.754733231402817,31.196660340453295,79.7102096667143
127.52152860216279,32.42520306036978,30.724151044051283,78.56140057442369
133.43311928826103,38.61389888433827,30.65966241324881,78.50796636972402
142.00435676758045,48.33443457272549,30.433122970967425,77.29412125027379
140.48810369803994,56.88390929282195,30.977366456697624,76.76507804482209
123.35943836482085,55.38555956286499,31.251100321377983,77.45680390244108
124.48812827260844,45.06380135957253,31.940565560429253,78.37764307819104
121.79996779917103,45.59587206528176,32.789660059245,78.9303501355531
111.131356157726,50.25298551622727,33.31453020797977,78.90184310518308
99.4162257579497,40.741789107171336,33.48636815596988,78.62378845930569
95.58802870345215,44.87911139739055,32.48367317652502,79.19199361031257
102.72108701666636,53.865545892706564,31.266213967393995,79.68977433891882
113.09067641138643,62.97753303405256,30.117254675634516,78.98049045539675
120.70014082244646,66.81384182892398,29.294571809935352,80.05400762364951
129.91318571586885,63.4215465476763,29.41454067787575,82.0529202762938
145.2062751076127,69.83411058700977,30.4953941362093,81.72581713811756
135.26455934631161,63.28469587786033,31.750005239499977,80.84016474489303
142.04328233809443,58.09595532160979,32.47303010401783,81.12981531387604
151.32321127592996,55.0493038426783,33.22603271723835,80.8688888215132
160.2807286609588,51.369356190662494,33.34252069803515,80.80111078570106
165.9239773889901,53.13755880526651,33.58364069650137,80.54210295067332
178.95368931329375,52.8797442088582,32.76911087560404,81.57878349074565
176.35139333753585,57.30021641024498,32.681084552431116,81.82040439558928
173.96605101415082,54.031584076495825,32.97161945326001,82.32963866757977
174.4157783173939,56.09975735776397,33.1561432613094,81.97925301774795
172.64274379650067,50.00962090518158,33.90056773942093,82.95048814215102
131.5628722547216,54.816217704307235,34.68048141624074,84.10804172865312
115.39281454010919,39.62850197764449,34.73969398291679,84.13178861166611
124.75970608692984,37.73170305463975,33.83436013854304,84.24825051330913
131.07130745738039,31.79791904161305,31.523240641965707,86.3910909087473
131.79260226832668,25.656781182437975,29.98218131568351,89.4911995738748
130.61187780752343,26.48580043187021,30.002744598099355,90.34520931948664
129.22129062088317,32.69160804366738,32.062859052976236,90.52627502698361
143.3881979316334,37.6359038848832,33.84309243562616,90.09443039960568
141.79772292877476,43.20735844768416,35.566973044370826,89.37290703907945
134.96655776134742,42.89001400434129,35.84868433015322,89.25204995198742
135.42194615500995,37.77129487458062,35.33212518298969,89.77945860945798
143.58677553867156,33.546676079728,34.671459411882275,87.92029604504944
135.8794605669712,27.542499827413764,33.39158175640602,89.71685655749042
128.41110955261237,14.20076639173734,33.44438218905436,89.60443452808643
168.55617521875973,16.540164283533308,33.52654242170101,89.08980281080919
176.30001480503057,20.542169503179878,33.629813261366365,88.46275360274774
182.7448700321156,17.128197677764042,33.358972588690435,87.17511574112824
184.29294134765541,22.551215749589517,33.087282834655554,86.71215721893725
193.05369544208486,33.020585660522,32.81470271586497,85.93368999533888
175.20780593676866,33.48703879886068,32.62607630047198,85.04261972709105
173.58185136365196,32.85209961938653,32.63164326454595,85.87125992113762
168.03106403215162,36.45784665204404,32.80234882506864,86.05813421443466
161.67146233446454,39.449670501682995,33.13647569761564,85.9778301926775
138.00393830576402,40.4619086359,33.58453034681355,85.44091586539034
129.94925945704423,37.28484643827593,33.276361799135934,84.81636966356207
122.68615469063191,45.179403935794674,32.76144126604262,84.7456394112614
121.23224165415658,38.84603097405294,32.598007840397095,83.96980225063842
121.04620982087533,40.281302680480835,32.055321467382086,84.21731227406192
120.32139003772677,43.780673947428596,31.557864805079685,84.57346056353066
126.1692992744054,43.99429367534485,32.41615209038941,85.91134387896128
141.3603094816453,42.817115660967936,32.378875404547344,87.19055156367519
141.60166821761794,43.763231535282756,32.704844308219975,89.70579385603065
140.55384344135922,38.97355971144126,33.45215418388047,91.41111311253933
138.20608070596273,41.11543739125733,33.807721940592614,91.77368858634225
138.87422402509574,20.381258049135326,34.56121205670589,92.99434371834016
140.36832896039311,16.189131807561957,36.01671299009674,93.00994767243417
167.24130156865633,16.24153631888212,37.61930140394138,93.62516436800597
169.48533629102585,18.07545780038067,37.839665587284635,93.4001739021097
170.3163042192015,26.290000129821692,37.75182629141155,92.94521224432629
167.6504468558542,30.396794548623966,37.16120110187688,92.48470568211236
165.20403860115056,25.973934319932283,36.83517939640991,91.40358058895862
156.25023418738493,28.487365858543875,36.072187332827895,92.19003862532186
162.770614148318,31.0994847785769,35.59879305732403,91.47241451664009
170.8514364470335,19.36115565618139,36.24913538311078,91.41372768391646
145.34315447970454,26.68898769762245,35.28714936049332,90.32777623988932
120.73428731956099,21.71821708462484,35.34407511754802,90.29239924536452
127.77519067539777,8.721049353066611,35.79800353618451,93.09405434959426
112.35422778616802,15.183191495886476,36.19746257880415,91.68383962114447
121.38143268364735,14.335997087142374,36.68833133303984,91.90160347296495
139.40310663733612,21.497164382566552,36.260492458865414,92.21207470639638
