144.5,63.5,57,89
143.63761870027753,64.51680407103508,56.940977613902625,88.61754351503433
142.99065605452313,63.99776781757184,56.46619121927711,88.42317960342749
143.67270507586073,64.47440639679985,56.215181188343564,88.49637644399489
143.06495728989063,63.67879862336595,55.86158901652458,88.31810389462552
143.92756776390894,64.99680640254712,55.87174132707865,88.31057139328527
144.37914967586312,63.027653088883824,56.1001764526027,88.12889720853912
144.06135274573506,64.16014861312844,56.04980751664757,88.42243863647505
143.04971045112137,64.00703694261603,56.022955778131426,88.3520375423135
143.00142171318745,64.03636936337124,55.74766103753614,88.18169423460225
143.46834542455696,64.39051566373462,55.73063157792046,88.34105399050007
143.87592641598485,63.145274197345614,55.557230719198714,88.44141570173574
143.57793994098427,64.79653668768995,55.88896757663244,87.98263261481537
143.19243506965063,63.7621334011243,55.59284341579634,87.86439838213002
144.21882132400873,65.11727197414153,55.68418301721803,88.5332358639337
143.35429205860783,63.694698861467174,55.42643515535022,88.7487891937746
143.29896147723022,63.87620315972655,55.315900039175695,88.45758766882243
143.76645962915575,64.17283952214515,55.41073955552268,88.43247929258753
144.2367306888736,64.3533894685258,55.45364272283777,88.40242192797868
143.77877925380452,63.38127320230358,55.29941238374744,88.12785653828873
143.65775342462362,63.84078967221636,55.40329187754988,87.9268493424245
143.5468056712151,64.2571066415658,55.49475242423999,87.77441025846194
143.3270592729078,64.07392600525472,55.30924659176143,87.52836688659482
143.5539909005363,64.1800875374812,55.46826964612818,87.70975330290433
143.40887292857988,63.97817494750557,55.29102940090452,87.47370545505409
143.65407435251643,64.07502296709093,55.425813950034595,87.66880321218426
143.91269605345144,64.20538607707385,55.57100840436192,87.86753731030694
143.69568397298565,64.02479453366516,55.40659901112096,87.63950118459228
143.9269120757901,64.18263994826306,55.520826207573506,87.87116576883338
143.70880012652188,63.916619185286045,55.35919036585271,87.61109172567272
144.0458856476314,64.0317748963489,55.49451048116542,87.78712495572292
143.99749789623894,64.55270864919699,55.61795352484331,87.58294065086292
144.01636170693968,64.51940565154212,55.44684242074722,87.33710526734079
143.94230012402022,64.75001903780708,55.71673889659181,87.55793206078988
144.31069340944052,64.61516380966472,55.68834399216354,87.43388365386393
143.68272271109012,64.28857123583835,56.15167682973269,87.82212305604853
142.8643360964349,63.27587366543591,56.38565867816092,88.02881812170386
143.0930591337802,62.943021632217516,56.621960183521686,87.73577021165063
142.17985892046076,63.54796330931357,56.932330536994684,87.53952881092684
141.81089195223396,63.19142551700026,56.83958803702406,87.0999522511214
142.42713053153707,62.94341403250942,56.932796021888585,86.65687072267036
142.95582025138282,63.4485708635161,57.18791717824355,86.169037965713
143.12927968181512,62.70483011376433,57.78874703802485,85.64901166416064
142.7257146578736,62.46235187281973,57.89704856751723,84.41077032824741
142.47553935601334,62.855399636545286,57.93921251500111,83.29600498454073
142.3151680162939,62.776404102053036,57.80371540471559,82.27122115213515
142.37863714299263,62.953570306801595,57.67895468943555,81.34304818410914
142.56776046373466,63.29511631606755,57.184894993807106,80.6490139793483
142.60221012681637,63.480161581635194,56.72113796300425,79.76390975344982
141.74099896539312,64.41599527095418,55.91199557332637,79.18260783234663
143.75389984073354,65.34896436186555,56.54085690858303,79.02029604479574
142.98077731263416,65.14486442751668,56.766946940253284,79.36980652784095
142.6346291203024,65.89168598574683,56.93988898150249,80.61129896664798
141.3368719736368,64.92006889615381,57.119067692100515,80.75946917336088
142.2265465677798,66.45421610428362,56.852062148910356,82.2381155606291
141.35931517841368,65.44076807207762,57.103684508826944,83.28769989465627
142.49948941154545,66.11706751925546,56.87798372666073,84.0064048447525
141.59697428341292,65.5267839978349,57.406375951919955,84.56944410467659
141.23745833050515,65.19738599277399,57.46369616492544,85.02884638046251
141.22228090626393,65.45838591270903,57.36183633309376,85.71890723051857
141.7557172544824,65.66544903936021,57.43284861113652,86.53404452129885
141.9103559659489,66.14450423422784,57.506464601508824,86.66153331559985
141.74886775087253,65.83209063607731,58.08332895323328,87.59489888918593
141.9290413197545,65.22016388628037,58.55129635823974,88.28280542356221
141.20255401361348,63.95776843401509,58.66836708754143,88.6989146493208
140.80095133050105,64.25414333518964,58.78775518634834,88.47663304622478
141.48481842821803,65.4271777132487,59.31563478047282,89.14772947412766
141.34725973817208,63.404686123924094,59.50301856400135,89.71469794521155
141.34352494913912,65.18346376707068,59.83865948467857,89.85618521758843
141.61126320585893,65.06407723092455,60.05384088730803,90.07411143126004
141.27294345016287,64.6558912009906,60.282255287930866,90.06419133395481
140.6496254428998,64.71341206300751,60.50854764114872,90.15905614328145
140.78583555100812,64.31277893731084,60.5179946310287,90.36217237979746
140.8370230626627,65.25302999074155,60.70886376098074,90.74190057574671
141.52378961585583,63.125123162182504,61.25309877536016,91.55986661857648
140.62749685069122,65.97265229078087,60.94581791546112,91.72961692079748
141.40615140273295,62.952464116157294,61.28643967189707,92.76332804024726
141.29379695458096,63.81480362666916,61.311665024566665,92.71103280447133
141.49994855689977,63.85654107647612,61.45624902934445,92.63719429022373
141.20354632841148,64.3299548569968,61.616899277899336,92.71577368585503
141.02136012514444,63.86907483021356,61.75662891593118,92.94565190396085
141.6715427926604,63.763761901985724,61.88879791794302,92.86137188926365
141.36239037522927,64.1451142282838,61.87748631346281,92.76838490615451
141.10828354493444,64.54362908688854,61.85152594899369,92.7323586832077
140.7371555872247,64.94969412117337,61.926633572348535,92.64883221609375
141.05833651530216,64.87957636202349,61.87417960079135,92.58488709143106
140.20739924454824,64.91539303477282,62.1696570380359,92.80189475168685
140.13691246646098,65.2374866826838,62.163101468996786,92.491182389966
139.93888980656956,64.7977997553221,62.25224554247036,92.06787980540413
139.98736744354954,63.93944492385677,62.54997523888923,92.19338601717817
139.82917798198338,64.09378996167567,62.89368955433278,92.031106049153
140.10015954559694,63.84072378277632,63.70698584559323,92.04678578954483
139.97983307691578,64.01057118120224,64.36523956368102,91.8392999062577
139.18559772180498,63.94226823870001,64.69033606449867,91.35654570196007
139.29284218609268,64.26113252279973,65.28830344571864,91.61352952227611
139.84205380248213,64.87705761108323,65.88784607330653,91.89920120392443
139.73103981174296,64.4656466525529,66.79079590737356,92.16257940875059
138.89814504098206,64.83835734545139,67.24094788423625,92.37937773807202
139.66749308087748,64.25636088213267,67.71440972146806,92.58171373664702
140.15791009971986,64.0224172284893,67.91069970722086,92.46568467783345
140.7034806237962,64.29498365121103,68.45890990780929,92.6086592633249
139.87227993941968,64.41033997108042,68.78839096368083,92.89373172166198
139.20719180977997,65.40654113981736,69.14309399784356,93.40773116145556
139.53460563355213,64.15981706363726,69.14737272408614,93.466115474857
138.14992562007404,64.76338840797399,69.15007182231611,93.48536469769023
137.67027266625553,62.86212653445116,69.17526273733459,93.36493579275835
138.2282559629269,63.23460300842264,68.95803619716874,92.67360643915904
138.21355852670717,63.434242564063396,68.8088996165948,92.17618766930724
138.13860291728926,62.84987527839791,69.10525031323193,92.14305167999215
136.47905379896235,63.41530822384924,69.64993663315292,93.01763889883071
137.44215742125306,62.40274087974788,69.8413145707615,92.9107256954166
138.9809114020317,62.967657727024275,69.53641488938611,93.21981524057176
138.95328901789512,62.40450647504823,69.0066452547929,93.66810775764641
139.8070339257663,63.39798578494279,68.87390681615622,93.82162488782677
139.93265948887267,62.242642212115875,68.89666342758005,93.76094839364906
139.85694044933445,62.46983922362104,68.76285856170067,93.5349330390662
139.5209708585251,62.74541439061575,69.39490860885273,93.64436775089129
138.56514189420847,63.61735109192328,69.76441985474673,94.01548815892991
139.6210144983395,62.70987037215518,70.18901226054416,93.85617162529107
139.9469841600025,63.76650325907569,70.16106371137279,94.13903617486008
138.34219728994083,63.90276298580147,70.33691385873797,93.96863317952648
137.7176391239043,63.99493516501769,70.45376974903095,94.42600178467514
137.72244337967282,63.11479291663254,70.17529830457343,95.19038916716855
136.4395727397765,63.88444853320832,70.91112310716264,95.33246953081111
133.93346713879674,63.795100220559384,71.32459516193595,95.80340042787374
132.95690398957066,63.87236938667097,72.5044618206481,96.15044245320215
131.2755294341705,64.5424589387403,74.40468639817661,96.15676636839638
129.27642397764606,62.97765427992505,76.21025104619557,95.94875495085842
127.93081622729868,62.79024656076528,76.74524611079417,96.05981399479165
128.1688244935164,62.00679314577166,77.34502785144525,96.03326443725906
116.1621007544075,64.72380532355217,76.81296408393551,95.7567637137476
102.44386057098728,65.25226479736129,75.41632029000935,96.1169083599938
97.90971586980405,64.37129508458509,74.5308381011893,96.21965057428066
93.77468263961187,64.4208678292229,75.02887039333027,95.70842715145514
90.19502821618414,63.58581023427544,73.94727633948993,95.41791156685207
88.25213768459135,62.71960261453785,73.28749656588352,95.15075464846745
89.42914089064506,63.286519033637276,72.09053396843521,94.66061448252125
89.82161046114382,63.92811715000568,70.90736740400821,94.40266486996266
89.39658114485881,63.86890202126254,70.53288484929183,94.15843254385939
89.02313581606379,63.77208181834035,70.10095751943987,93.92462044506892
90.28545391716915,64.46008536288915,69.47951431420789,93.63354937872981
89.54018264217765,64.41982668041346,69.37049016611655,93.4368606804106
91.3075913852575,64.19791765088534,68.97084576230854,93.51025646559256
91.24493524604897,65.13966546582671,68.34053285237493,93.24247991568116
90.76998089970347,65.4202165246066,68.09251848083406,92.86124356071272
90.48977273768404,65.8216175370199,68.18135599823422,92.32466469829876
91.81434703948213,65.12810840542919,67.75131621459957,92.39169173051553
92.34521615676599,65.11010040932047,67.48552660464276,92.86248045260663
91.948871180595,63.000934948454805,67.94362639017754,93.78168308034687
94.43105033499754,64.55189507825642,67.85368634003946,94.49050639107139
92.56433656234697,64.37713156041937,67.69203236526006,95.18448708937937
96.36945955664203,64.66544114561586,67.6510870282202,95.26789154865178
93.04277853631233,63.601102906217456,67.55141876873924,95.90840944380754
96.32135524425343,63.54253711260801,67.69247511543027,96.15381821360548
92.83277718201406,62.93369257330799,67.86570524885067,96.24043393653078
93.06695177662505,60.60075158147988,67.697062786895,97.17256653053856
92.71191334120655,62.05752463302523,67.31790017962074,97.48118052838474
97.5542102000079,63.4169847195259,67.75660510703754,96.80700842323924
94.4111531837473,63.598590853803096,67.54064489792057,96.96546631736261
93.38157661249267,62.66909784393464,67.86451037410906,96.7195474470391
93.82849616169722,62.683283868543334,67.77653340443452,96.22786935824995
92.98749550346888,62.65936077155563,67.6354808840687,96.02240320290589
93.48130353285728,63.57797882585738,67.48661936001326,96.13373818023227
92.6531801869303,64.90464114178934,67.62988106079362,95.37139701070201
92.1121333760712,63.8727810324653,67.60339659661248,94.8474616850691
93.05041710131779,64.36855059671058,67.25363252040975,94.60260239905062
93.12144674268325,64.72272225623854,66.79914690901977,94.6985261884351
93.4555411279825,63.64138578522186,67.16607361884425,94.38403533881197
91.86424423278417,64.0958557309421,67.01792481166095,94.27439522392558
91.70679034422224,64.303772947048,66.91018845044863,93.88653578470428
91.09095300978608,64.55765747696313,66.69674767227659,93.36014243963804
91.28754609661205,64.59389955656613,66.57061221192535,92.81947830945234
91.30435457892733,64.76919108799461,66.2756352576517,92.78137480220221
90.8090971616751,66.32862015929958,65.48346278575204,92.2268281639563
90.2836672178218,67.67574074089057,65.13188713230568,91.10547537510293
91.77738127402739,67.08102905199652,65.22328091740123,91.21113932582038
91.10981863442653,66.35023492727103,64.96833404160415,91.13791250225808
92.5491494843268,67.06262226308324,64.58384658382326,90.85338755979015
93.87435344609912,65.19139453201802,64.82925617851289,91.19834918265666
92.21299538351528,67.44812072837405,64.48691488294997,90.93571218148513
93.78874282053798,68.00193209137858,64.82343661428177,91.26798520456819
92.78529957266207,67.47703985284548,64.9414357046381,91.11794868630358
93.28766829779926,68.43127522453128,64.94479208828703,91.3089228091124
91.5933844807958,67.35202541957327,64.81278801361475,91.51464920564187
91.4683800272999,68.25604293615677,64.84200137860482,91.48546591998769
90.85639348501411,68.8350721159199,65.20825963134735,91.65405198108522
88.20367603019511,68.97057782102591,65.33755566311669,92.17868580784219
83.47941929378294,69.8253918066097,65.59878371266223,92.74321154608621
79.9433223503811,70.37250761184701,65.32144976361998,93.11678067203891
77.63902455439481,70.79338352325973,65.08739732626516,92.99927702006613
75.87760435921115,70.13195047347806,64.91411173244059,93.3756667793356
72.78553755293657,71.32002858889638,64.68873950087351,93.19825007715497
68.10685316775701,71.64818147274275,65.06920721685032,93.3638896191012
61.88112399347791,71.9123304595882,65.72327272025471,93.55759582059645
57.63863453788116,71.61193173798247,66.12035146970504,93.40213632582724
54.16840493072361,72.11951304441416,65.75047266369543,93.17649105600816
53.40126019292129,72.50379607610239,65.49351787088271,93.1889008708704
51.47546553336808,73.09305720928906,65.3498889130116,93.2606118970767
48.855961831681356,72.69020375227134,65.50140385041215,93.27470922582694
46.13201284521703,73.71689080114461,65.56575165625706,93.37399335218622
44.8859282520267,72.34894420085811,66.24214544819802,93.95668163485153
42.19765893104028,72.98010245434472,66.16610268453121,93.75713418324482
42.11957585705813,72.56756787285659,66.18554611878663,93.72425081106867
41.63813331811261,72.54203464351079,66.0926162152171,94.05699231048214
40.74908758582936,72.81347103037916,66.2146038303726,93.88314727054819
40.45866506181763,72.95313184266394,66.34246105848601,93.96627156668444
39.45148531466106,72.94675418002802,66.46205970570746,93.92004651270264
38.335861426887746,73.09736220278023,66.4632209162364,93.7975323894957
38.507695732449776,73.03647083186516,66.58891125596568,93.88916455948784
38.678260400205026,72.92928821532132,66.70102711322137,94.02783715382067
38.90114510553386,72.31765738887061,66.5969615049109,94.23988407359829
39.12045048238197,71.70518238696098,66.53871570568626,94.43839643722744
39.37003398509862,72.49159746844602,66.4187986008324,94.6606109348256
38.1750238651053,72.45579369999038,66.50956585391108,94.42989596483226
39.20497636073283,71.76995119595043,66.74097641822854,94.73906166100727
39.37654247840092,71.54240368133922,66.53525255863241,94.92390115438869
39.22092741665405,71.5571266231224,66.61743648638068,94.61105992084295
39.1456067620265,71.60742336600444,66.67899653805407,94.36108679426121
39.338949522723155,72.03831747292924,66.43405937049968,94.29228068185205
39.709792602547815,71.83952968852579,66.43883078760207,94.20823483623596
40.22845399369122,73.3757779495796,66.39403531139513,93.92856091353934
39.81305804424274,73.80215404208482,66.58733950076984,94.04969563562958
38.67421650068066,73.92590715455061,66.92875390064577,94.29467555977064
38.69721347122149,73.31945419406989,67.05124046014299,94.37089432119383
38.7213015513995,72.81489279082865,67.15251135345785,94.40046259371786
38.6536071689538,72.61908149815588,67.21814621817893,94.30774531600149
38.98324319214751,72.52244841115564,67.11156735998196,94.30073724605114
38.5710359275825,72.67365826889514,67.30093743358373,94.14111126047347
38.95529372899394,72.50758947080976,67.14513308154287,94.22032191095788
38.674293768347056,72.73525611176271,67.31003806765787,94.14384090704613
39.0934911122649,72.58217672311204,67.17302106966059,94.31979612435275
39.58588115935281,72.68230902216666,67.08941575919144,94.47423936334833
39.472661250387134,72.96269648942867,67.25555025739632,95.06571150009049
42.070493065086204,72.61806518905554,67.39829509815199,95.74944692766778
46.331515688123616,71.9902827479176,67.26516014565627,96.85486146616789
50.727475800426326,71.76804300204992,66.86762239785749,98.02438181092681
54.71357826567798,71.83479730688678,66.4791529333576,98.81415433442797
59.8036951242521,70.34093251863406,65.94295550923914,99.41468188647357
66.49722379666878,69.54395397790087,65.27791354526516,99.54384767002736
71.08911050403918,71.69341736947221,65.00202282095405,99.08599130047415
74.60128354462259,73.45261883034362,64.208551755046,98.68724661046656
78.22595615084653,69.98715706061742,63.942335090266596,99.08879364311355
81.98442836150538,71.09696667351028,63.58075041397453,98.20390683061977
86.94953439279027,70.44290206980804,63.3970250152231,98.2134590869973
90.7593429358916,69.1522131659174,63.2524002042585,98.64222325494706
94.85934173685352,70.03151394954169,62.70397864450994,98.03976702194225
98.32496947920096,72.02158792356744,62.60693927767394,97.64088857653053
101.62111042689081,71.70824657216205,63.53264892511041,97.44572109871538
102.27337985170881,71.26069004788752,62.5694187884337,96.47841573410223
104.16289060503303,70.70835540350546,62.52697717680478,95.93222554773051
104.15540259540964,69.74881606985088,63.45598315191553,95.43729249819705
104.85990000265734,70.92489862048947,64.37037572183479,94.46965746436372
104.30733993879986,70.92321067771682,64.87512454837561,94.36204009870451
103.91347593044125,69.37491786574162,64.9415979183147,94.441454816588
104.8663611883363,70.30894768019776,65.49146914904559,93.96002751094082
104.54532747149958,70.98124081862962,65.7539565618145,94.12563553568233
103.23431560347885,69.72559646416465,65.87033549957715,94.17900130912642
102.54826840143146,69.6645227213366,65.43939071051855,93.72294100393096
101.07759858131479,69.22543081866847,65.73834057642937,93.71877883482185
96.94120257928246,69.27048341206512,66.00718627617275,94.56458703198928
90.37935504024509,69.28790331078945,65.90648178759709,95.54747675533835
85.01835219044305,69.91728061402715,65.70686711824365,95.41871928307162
80.43397763218714,70.50701181107814,65.94655815980431,95.0121313634951
75.95420666946254,70.80630527530423,66.03670578288535,95.08204807712514
72.11618033155004,71.42566747051553,66.25979272232118,94.91235909758356
68.75667863822628,71.72838067104465,66.52478848338887,94.65124944729018
66.26314708371903,71.9659667494734,66.67144279037089,94.46686483825945
64.04313989463034,72.32128444163685,66.70089131542937,94.43314462269475
63.61426479743673,71.54166166889135,66.85140396814103,94.14253784465365
62.020221660624124,71.79022106359,66.50404002165821,94.00475513342332
62.957009605124746,71.73616092961404,66.32447295986644,94.04474559366457
62.814256670642116,71.85511453961936,66.4218033144913,93.80028026178513
62.95812419118273,71.76069737500339,66.54961072693752,93.64857179774316
63.97567238949077,71.74972223180905,66.72041690676798,94.47114562024176
67.78374852328129,72.2059753753413,67.05164661245354,95.13414172880714
72.43464290882366,71.57565290336981,66.74747747027504,96.28969341711102
76.83918451814614,69.65760533522351,66.06101769523359,97.6649886209238
83.13532458947347,70.40782529289078,65.44797415536215,97.8865006671066
89.02868243268465,71.03012171037724,64.53020549805356,98.41123833369004
94.67821338587123,69.31215362285397,64.09613954810128,98.73676620261479
98.33056784965669,71.12325893341642,64.33745685038878,99.0161218485034
102.9175760584378,69.90952228953333,64.25886889962342,99.14805456505682
102.74791037652568,71.57578819918042,62.73297041840068,99.06437714449007
105.45490557679634,72.09480890316308,62.26156119461716,98.50408654452531
104.76442446208094,72.42565027451697,62.73837031545115,97.75163647784674
106.807363000928,72.22000230623107,63.299678563379594,97.25185551107535
106.2744459662139,72.31469687396905,63.71347823091418,96.84877305484818
105.7589064412426,72.38651602047885,63.9191894725148,96.63205900539796
104.94416802639908,71.60511078264534,63.88829607152709,96.50159534070703
105.2863527428292,71.12928777776158,63.88529618174244,95.93608296138305
103.2352516369905,71.28245837832954,63.43719731843813,96.14864048575677
100.04479256434503,71.22304407246196,62.90667509126203,96.08842368852778
96.49289691711951,69.88940898873807,62.441950608125175,96.38719100067466
90.79604005426204,71.48815835325114,62.10057598545146,97.0793156751977
88.07828149044177,70.40878111637147,61.89921891417841,97.64885725451735
83.41784425791457,70.06526078106042,61.95145000002138,96.43668985629179
78.84717617693568,70.09966406316121,61.42696413286542,95.90351935948065
73.81514415052624,72.09116096044232,61.481440897781454,95.57722140766134
69.44587071453752,71.5447243211324,61.92459477964659,95.61245389534183
64.9950348159887,72.01532260749835,62.26144533345807,95.09493747907929
62.23393261402619,73.00232792290055,62.34118586256622,94.76606666169806
60.50520721283204,73.56553840747938,62.82458495101103,95.06141125841259
56.862760238997176,72.6489017885259,63.286929078734474,95.49357825795438
56.274120638405314,72.75666921056911,63.52378300316191,95.66077497076034
56.620532158650626,71.56640552613689,63.63548301345635,95.72264184195937
56.899392645365324,70.99698155612825,63.38464522612887,95.73368514502143
56.962589896777224,70.95251220901504,63.27050947276028,96.13321190105736
56.780217576220615,71.94874653954363,63.31146150728132,95.12664066183703
56.625659608494075,72.84151697068047,63.36668281564013,94.44030159800238
56.43479236096292,74.17410369760123,63.63106032489502,93.69963051690256
55.72981557504784,73.20610997027818,63.65886765744448,93.398829698691
55.68980573592903,74.46023091229665,63.62027821275015,92.97455836137647
55.579506964891046,74.68396729000435,63.81470795603876,92.7552003301203
54.83628518474325,73.66660233330542,64.21360254515821,92.62164248945933
55.47789889719712,74.28741647935678,64.32661225518393,92.67557264996282
55.18816777050262,74.26858661862474,64.2824614490522,92.4151639672292
55.88642843918097,74.8360493887391,64.38172534805416,92.5183139217667
55.594955879078,74.82379439454171,64.33651332943563,92.30621461515094
55.36116407085542,74.79122745340766,64.27199728166951,92.10619729474035
55.39627083012684,74.87053812490213,64.274996029095,92.1580302070939
55.39125577345871,74.96593119982259,64.27922266122124,92.16186076243218
54.81902614202868,73.80470613543181,64.50667596790835,92.15744760233434
55.63376574824009,74.33886976255926,64.47279676445008,92.31002600966242
56.28588509331939,74.96170178292378,64.52983267432046,92.1072332057345
55.652740836599534,74.35063691535316,64.64321858461076,92.52734388121769
55.930167212735235,74.35580820919321,64.91143439150913,92.75853607797382
55.60039580225838,74.3331376859021,64.85414278653663,92.33315260148855
