74.5,86.5,56,48
76.90202327121392,87.06531053762107,54.75070437691421,48.68642222920121
75.91167473208625,87.46099121735216,53.82690526223741,49.461950155780315
77.0902754092515,85.5495171086404,52.81079649442424,48.544649693089056
78.95546147229473,84.95342842059549,52.99432998891275,47.40280860032209
78.95846994188268,84.7333056267124,52.76423180169187,47.632536215380526
75.68680001965028,82.11954073747833,52.48730301517523,47.53109460789284
76.79177561511561,82.0536759466224,52.07524332185656,48.13266781562702
77.01199439773592,82.0741952253223,53.29828210453921,47.18001007182587
76.22673366685444,83.42863777085131,53.20540565809141,47.23586830886233
74.7118895784813,86.3711864650671,53.69206428810002,46.66672369829332
71.88835947039819,90.29846045796351,55.08212453478385,46.22919078818407
69.66310630105048,95.44126149477114,56.88159103468837,45.96353958126802
65.81598782777269,97.67587441131319,58.09623327375492,46.86336997300693
65.44486726745569,97.15436557992062,58.31689047963215,47.73423794778663
63.414686546448394,95.10440382215191,58.89048129176394,47.8937825589814
63.95679605488445,93.32323277854113,57.99805793693729,48.564862114922434
64.4073912500578,89.67313774778572,56.815633818658625,49.838145686107325
63.500370719224506,85.71585726574133,56.07616326075733,50.918995026050595
63.532693198416396,83.34201553487901,55.29234898369756,51.586096822736195
61.56218482610717,84.6726032761743,54.87799854463071,52.64591295162633
60.73748488471877,84.19050800275218,53.97976144162871,54.293618987571975
57.680630837194755,87.52267124333974,54.669397271051736,53.23300506514317
57.555954187954924,90.7947700078327,53.537488624760584,51.437658358606
57.32861483382394,91.64422133178691,52.11480031336923,50.05346719203035
58.71312133033164,91.95057662363986,50.32077369473204,48.867982138472
59.61565962425679,92.86476430150843,48.94466342048227,47.48221481138515
59.7364230871508,93.65829261266997,47.388301065502674,46.079111951116516
62.31290299022103,93.69359739260747,47.646911331536266,44.31697943534702
62.84040430869538,93.02460809511047,48.18971550592027,44.37670375978746
62.128844613359156,93.14949878285331,47.928326811341876,45.061721876660926
60.29419859092412,94.08987132053852,48.43963722207194,45.1329588226223
58.101159235057324,94.65628731292696,49.762008582120956,44.80124354278621
58.88756637450228,97.7030411442525,51.31546149797897,45.294292314766494
58.31228126413561,101.13134703226913,51.76166968391463,45.523229893286455
58.40451245900323,104.32074785762308,51.75010095245977,46.47021626366622
58.87515709501001,103.7036772151369,51.64572443164403,46.58132521717188
59.66867881927959,107.86097168224462,51.56380769781129,47.422406448972055
61.057266982560265,108.02719688348031,51.15009405778864,48.68126404420421
61.607341029889994,107.61266033178957,50.2861889875976,50.259816501013596
61.528143214078064,105.98811939524835,48.865725409207116,51.94051658774961
64.39219130061946,102.77409024666369,47.844894136331845,52.563114908722625
65.42011978814256,97.98400765704002,47.3899418644259,52.53852754738158
66.50862697879677,96.97558751997494,47.00311710695019,53.34020804768515
68.4024930309648,95.49268444611364,46.3747349209796,53.57075394722355
68.58335496652069,96.28497879345184,45.36528099739667,53.976915088515184
68.83227540860861,97.71348990986067,44.98896472284617,53.1279132566985
70.12248530990263,99.3200119523852,44.81485810118158,51.640853745013686
71.35850462408993,100.90027670152634,44.737125178831135,49.48543486818374
71.35241730546291,101.51993949238225,44.356144956542344,47.86368978969724
73.28297326744553,102.37127097000328,43.51191354481465,46.559087960925766
75.50120015984525,103.03862951473815,43.72332219440242,44.74106264558587
73.9210907514201,105.35707290405723,44.48068895284208,43.80173498521859
78.56411894322146,103.6920411239711,45.327785530970324,42.637820045024654
81.32593619051629,102.2466791248272,45.125589825748335,42.42091951252021
81.20237813138527,106.19598716270906,45.12589911384259,41.75272211885489
83.05272708899871,106.49177957951518,44.56999113277406,42.53552633763368
86.7190239313476,104.70303423804907,43.83205773021126,43.28888314758006
89.20677217447474,108.08596361052251,43.08856970114084,43.58680423356581
92.1650340189617,109.43367248209687,42.6468208496608,43.48669598634299
94.83896807927354,110.49260730418737,42.01253810577661,44.48809189849742
96.19185041551192,111.48311767863972,41.62919736823639,45.75328434730087
98.65153694093388,112.40573741566502,40.444238418039454,47.64488369084671
102.07225852478746,112.28251931541226,39.63544524422877,48.651368698019546
103.99469676016491,111.14146916495989,39.215627853597766,49.26756698037723
106.58417935687862,110.6164256044072,39.00077303462103,49.523720531097624
108.10828710540967,109.865008369276,38.684938881400484,49.79399317465411
109.1246905906522,109.37754473113625,38.5113235670281,50.059838085897574
110.18069247064643,109.27693400751085,37.852975169168836,50.53539718249381
113.21235892528088,109.16034538170203,37.750433847729525,50.70002294589075
115.41497079019385,107.00830326015502,37.56993631800737,50.9386016843766
117.94227566528184,106.10286170466074,37.87552363509214,50.70262052420123
118.53609251289559,106.31051812298108,39.522968894561274,49.693755217353335
118.00374098257062,107.39982361623933,40.65046380190378,49.33439994048497
118.95638504178059,107.89238318415406,41.23112472294306,48.91083857443088
124.41654736462405,107.77434361745134,40.800012113388966,48.54168099871846
129.82505600820116,107.7576550647263,40.574516089357274,47.77307063497223
134.795543275716,109.1541707487764,40.244870633001966,46.26444914751013
137.7428979105516,110.6789912827326,39.43475799724189,45.09304270446041
139.7410127183374,110.49108982694662,39.05622204431367,44.021415959049946
142.12814959573075,110.53669256222214,38.526750287665465,42.95676608628102
145.34766248767093,109.80849492021568,37.60755377700895,42.26559910489784
148.18341649354164,110.68925746474966,36.98663246570696,41.64180532953532
152.0393479046862,110.10930606320775,36.878162244431074,41.29814997374461
155.3976521135124,109.92688650743906,36.8460607199366,41.29999435480942
155.03588453528587,109.8315306165526,36.76437390153994,41.07066201245592
157.0659224521284,109.92265045004022,37.31762652473358,41.025730108580355
159.00560668045574,110.38747477885144,37.209064380639894,40.69553567506756
161.7497607665464,109.89316200941032,37.43980900005407,40.94584437997687
164.36712497180426,109.56268966350801,37.01033218789648,41.21546917103038
166.89340195867484,110.5578653151922,37.249153851209755,40.77942807026055
170.2094991757611,112.4523359439293,38.60293992774894,39.871313524441035
170.75060819829093,109.6419568134123,38.80762299906041,40.26619640781999
174.8408802353714,106.86972899819335,38.52299777102987,40.83087470213728
178.53427473205159,105.72583387067596,38.19601655507424,41.29269108880204
182.18559809322429,104.45116821904628,38.5045301110492,41.80325982263389
187.33363831691747,104.75460093332102,39.44393855526434,41.705695162459826
189.56989406228416,103.36380309727221,40.66011295854346,41.83764145291985
192.658877127786,102.20488311875039,41.49933394606998,42.13074500554456
194.73984554538518,100.19701190898608,41.666720402650256,42.90214462111809
196.90419531374076,99.91492819441665,41.342296664736686,43.399639374945394
199.27760533869963,99.10065311862874,41.77088879285848,43.6703376636138
201.91447679822062,99.17326793189252,42.17336629083921,43.699831587763526
202.9995126234025,98.07328440518421,42.630963021212764,43.73608542439855
204.94981744991014,97.33424565336021,43.25123931256396,44.14511619228299
205.85263897605813,97.48661174564926,42.80531112595246,44.77155989528958
205.8264588428622,98.1052130210046,42.40877498426331,45.149177109669836
208.30029779535937,98.5922091984129,41.99473889445451,45.71754625273227
210.27184337668072,96.67499633814828,41.87284762576318,47.08593398459881
211.45370277940816,100.28547646618611,41.751820337184554,47.350426857337816
214.28139514123916,98.61511536991398,41.61684424389367,47.79529457676807
218.08241436392646,98.15283502685476,42.370444302547355,47.689570500504
223.10086119093452,96.75505104241016,43.082442478975565,47.95994310920949
224.73513428310483,97.21469411297204,43.62535273651424,48.39078108879802
227.58576472793877,97.934241548435,44.34437516441226,48.33105356940407
228.98101782369503,97.61952113840636,45.432549678923905,48.60768242709527
228.4820286162255,100.4058465486527,46.184696887422014,47.80081777756203
229.89877484754146,102.6566779822169,46.63510349362251,47.056898507464275
233.21933108842174,102.2302653544674,46.33197986531654,46.94598770568176
236.7259663574597,103.52551279176788,46.81561799194402,46.243874193042174
239.97826213468986,104.94346425580491,47.18713031550492,45.43706023896716
242.08340972402232,105.24875099160661,47.48912799877847,44.552375258040634
242.8403317793783,105.89310118650945,47.78991391965224,43.85208721269068
245.63090872118696,106.18180124423924,47.605325473351776,43.712428317228486
249.13633364241244,106.4165827700177,47.31980836786984,43.501135410134154
253.08161257708704,107.23766131765971,46.92106940339734,43.373244448158545
257.5580013539367,107.79178661903471,45.90909442385572,43.388452588503945
