139.5,112.5,51,36
139.8656564082088,113.8173813136865,50.316114122593035,36.1296862537763
140.00177737800513,115.71965693866859,50.08209797907405,36.337376367337505
140.34658820284267,116.92427318121585,49.98046136815629,36.46855082461052
140.746712704627,118.39022940661431,49.83983014622677,36.442335242710115
139.7941362656671,119.09415411497262,49.93806821778054,36.53427017638867
139.4365909275304,119.91989856727504,49.79311626242784,36.63329816326333
140.16760282526184,119.96198026607826,49.6456992527392,36.54540895824158
140.01354925807243,119.36244285596933,49.820824967554714,36.5606426691836
139.35504464974767,119.27546016063434,49.81114339116681,36.64853164377837
140.08616213004808,119.31772336988506,49.66402245186727,36.56027798036522
139.8906807465376,119.89275385698384,49.8931564923581,36.59639569040226
136.65187107122807,119.04671730472911,50.24630894692008,36.695341425031046
137.78012442285473,119.31008022537567,49.99655664201268,36.46854520257338
136.86693525652757,118.3741681111442,49.951033343311735,36.562657562750175
137.17955638085084,118.13822222329631,49.87565276420557,36.62989692173987
137.4032669455868,118.42111015706975,49.81564409339187,36.5632176861968
137.59575656228392,116.70775203510779,49.83876162050905,36.37897749968554
136.64258142670639,117.72430696028106,49.796105214990206,36.30561031462983
137.20485168857496,116.76905778273714,49.7125266720728,36.16220222898281
137.0220052132056,115.36503831820195,49.70313730879705,36.23303803686787
137.6219294795199,115.50498297192692,49.60985186744653,36.15283771536171
137.77973662400296,113.89146102670664,49.58513044771452,36.08802317112518
136.38597928473044,114.53121116287626,49.63840817061687,36.095080573193876
138.08521165389004,113.01242818552112,49.61203615614408,36.214824882167484
137.57142085212203,113.32602109345464,49.556639511083915,36.29794958504205
138.79366752524555,112.89054053456192,49.584463383617376,36.44558229124833
138.7675423453929,111.44363263222101,49.30320706974821,36.33247799667173
139.93590080168008,111.02699177721864,49.29961694054484,36.50623049753952
138.99959332646156,111.07979032803308,49.431209184950085,36.68357345581092
140.65698844174037,109.89614374207969,49.45738327171428,36.769038224244824
140.69279281861253,109.20141292690913,49.494188720898464,36.81609083988408
142.09373619478444,108.18929213001118,49.568451384524515,37.02890400598375
141.57703495099244,108.739974609617,49.76701029615406,37.11090999460995
142.65169799468333,108.74888794563539,49.59049721898805,37.111239286664585
143.56670315852617,109.34701524191037,49.67961983922412,37.21038471757501
144.08796972546895,108.7737452412762,49.75806112683971,37.15543574713313
146.9794756997838,107.03274380271272,50.12110344609334,37.3355532578203
148.55327354593342,105.91983022989841,50.08936583179702,37.39526178162274
150.06489241206228,105.56601603827659,50.05753859339001,37.480656654849
152.69009431667104,106.08296709730234,50.403155959557,37.61224611776061
155.70978220238658,106.36428651229095,50.79182975248753,37.77275891198614
157.13969459579334,106.01757792951108,51.16092089546831,38.196466371239396
160.2898086222275,106.75049632261883,51.78887162983139,38.61162771963694
162.5555509175755,107.35440173003836,51.8693021506772,38.88382514931235
165.64651459773404,108.20418000077882,52.21476479356443,39.2990209004645
167.2706180972983,109.52017421081422,52.44606285653918,39.74687695518617
167.3474677219286,109.628667429903,52.820289337030154,39.70988016785414
169.22640612796687,109.57871710065666,53.16456630302979,39.736989927964146
170.79100882691003,108.16202110986218,53.600553366157285,39.849979191962774
172.69254867129888,105.98908437618948,54.01413131592935,39.96601285751984
175.62493588962496,104.79502755290736,54.28914884476184,40.12878041567467
176.6900957957059,102.66266901584763,54.35150867623095,39.99784614930952
178.80345744268203,101.11282175360375,54.69790263844321,40.05383664089929
180.2947024398228,100.0323286034386,54.91082027317478,40.18224781076695
180.3137531243302,98.7180775288425,55.28225833549351,40.292601776136536
180.2979309604176,97.64479201988375,55.58296163591584,40.314424802492134
180.71865657213328,96.99534974220045,56.073162696152956,40.37105021307573
182.01819849999845,96.59044577480182,56.1650804940939,40.45420498920828
182.1577289545919,97.00604174345672,56.4541333887705,40.50622341290236
183.81370167662715,96.862868966975,56.65678202276402,40.644697575880706
184.55776302978535,97.53898647302331,56.70947526588756,40.79931876686331
185.73257984431768,98.36735519668763,56.756054453061324,40.89502189131965
184.66970372855252,99.15446357028004,56.94997162924038,40.950128626648244
185.36785718806118,99.58112588200845,57.113343980013696,40.93419031329198
184.8979264798733,99.82861180187925,57.13697143957567,40.92700729977758
184.99207213715857,100.32268718186488,57.188867263324134,41.04625648029704
184.08884816984795,100.19130417144882,57.132932547570014,41.00594232978249
184.50878677218628,100.13488251250078,57.06417076514221,41.07593537308593
185.1685882222554,100.05628535915105,56.945415729154924,41.07732889019076
184.43298195585376,99.97987984167604,56.98055007115469,41.11445671971503
184.5094779434639,100.26649203363687,56.840472564468726,41.04587672971429
184.72713660287607,101.13127305762394,56.761131976229485,41.029455646248174
183.30532567549128,100.24293790681914,56.67313299474114,41.016134807492186
183.33451253292586,100.40544297404293,56.56372221791248,41.08686708942645
182.4394229785261,100.5772649098924,56.3396727443298,41.097693709136784
181.5277069768689,99.53155060247694,56.207791899553044,41.075543527581004
180.70145959333826,100.90396846710655,56.093664957744394,41.15139127763088
180.11844900118263,100.84815207754372,55.974074274151015,41.1496369116545
179.63749864082087,100.24041140308525,55.88785175440364,41.134037013241745
178.58801779805182,99.550830101239,55.52518834075962,41.04351740028993
178.31760208954427,98.76989147553888,55.44829772332034,41.04541843155926
177.46128854294716,99.52599819770671,55.266694212342856,41.10164494770333
176.82534978229125,98.9284757447526,54.89630593699323,40.98557733053262
175.63876842576914,98.71883784214276,54.54413877409144,40.92506685893501
174.8955989806344,99.04848323201742,54.132253906617095,40.7896867208559
174.53596926072495,98.21586827931594,54.13788433909649,40.825788408561706
172.60883152425203,98.40891012663667,54.26753160197461,40.78458693395009
171.40124623569162,97.76372185869278,54.53628527655331,40.59254588637229
169.89772441781665,97.0963942614248,54.83267155413371,40.4139279609818
170.16323664888756,98.38120136240933,54.53800750780818,40.535712141199646
168.0261978902634,98.70837706614782,55.02353512500159,40.379066372131305
167.29797810409073,99.24750023236892,55.23530609440348,40.153533863007596
167.2636410865226,100.05944688916335,55.18076198059298,39.96894001364451
166.9945958999445,99.55993444896194,55.675188062248154,40.10406011985832
167.20023427726537,100.482457054022,55.42727862373325,40.243503039353996
167.5877196444399,101.20771399938397,55.06300040237325,40.29492176963224
168.39893705082494,102.45443302566497,54.742073658641516,40.6088515187365
167.88631582067308,101.87675180349963,54.36552085088648,40.73048440984453
168.9556503258715,101.97397623004437,53.948821444981824,40.8511021625614
169.50685730101858,102.04700437622809,53.59823074116666,40.89720339203787
168.49380297919473,102.44438562109158,53.5274782607757,40.993045040685224
168.28868896034516,101.35321081394667,53.63623759830435,41.00247895787726
166.79093676446408,100.66991891162456,53.88593720338435,40.945801000856136
165.22282226243104,99.93806134348164,54.283675625937974,40.859907668132585
163.44634456165278,100.24493246304722,55.004527536665016,40.99460384691295
163.67157229693333,100.92071061699744,55.24500803545662,40.93561634184608
162.34713420699742,101.6139941198545,55.347491059276834,40.77441020649328
161.77074361251897,100.97683795104312,55.690218720878555,40.71807221452619
161.43479220556938,101.50581244198385,55.68914849801165,40.6921551263749
161.99560111277066,101.38436225119077,55.58119445237742,40.68209017688348
162.2041813320202,101.7476964674574,55.221214910279755,40.81158470964792
163.04034341337643,102.01809368814327,54.9869473357402,40.987233389709445
162.00658812946835,102.48183427091409,54.75646543567612,40.985069511612856
161.77700907011194,102.63264962154842,54.66863637844742,41.01996433996724
161.58953287046967,101.23338997328307,54.50929524536045,41.09186582338758
162.84284483732478,100.89704177944418,54.19733674362657,40.9864399051953
161.25030466589408,100.68185725379955,54.267928484803406,40.801526182513015
161.87451081870483,99.59900585227915,54.29970938883005,40.82588110042199
160.93475014538404,98.8939128405548,54.39242868202004,40.79794163272839
162.75144234645023,98.57976995336239,54.077216973140224,40.70086808647268
162.0480132966769,98.48433418734515,54.10935366479659,40.51100770803999
161.90726535595746,96.61178453852656,54.09085221652356,40.40346184690945
161.85402013453415,95.48627548057043,54.02789057327911,40.15977166318489
161.98924540310378,94.87515992924992,54.037483340106384,39.80833762376659
161.7786941665499,93.23521369839385,54.04677452104264,39.52293963442892
160.80453910453036,91.96555985325732,54.255288125802274,39.46632080149336
161.16403692586698,90.69170914170401,54.175535966672456,39.24497973268714
161.13800417279913,89.39966645332643,54.131093700004826,39.28485968227248
161.30099026113118,88.10186665480377,54.13388545533043,39.24710246970174
162.3359404343541,87.78643011786083,53.772252320798664,39.18161543235104
163.500592859518,87.41602331326293,53.51917298965114,39.03285689799216
163.3634417751649,86.28063454445768,53.400926478051886,38.78477552599571
163.5549856093452,85.8230250936946,53.03102805004998,38.86705122645682
164.58897711322322,85.36718167245087,52.84206966711852,38.936499344712544
164.78537525807798,84.39035699057641,52.823808759202976,38.89983505928393
165.79324560357233,84.1554923168546,52.42070725698071,38.73265402779457
166.0855866701379,82.92642104066634,52.260242288366065,38.858182635163786
166.97745661957583,83.39486900532245,51.759050817071966,38.74321002137661
166.7410043734923,82.22614334834815,51.58339681181013,38.84632162127494
166.7523893202008,82.08713113070743,51.21790548594569,38.71020502743686
167.6929240167837,81.85965537178897,51.12003254205967,38.72495341502858
167.69361707981096,80.8954836016212,51.01069330715801,38.81140173270026
167.93081395336276,80.32475273801501,50.6924590653025,38.77946997198233
167.87743587194748,79.81896962084332,50.810140433557486,38.80534084423466
168.36893578180093,78.5913867670136,50.90413443690202,38.996760767134546
169.24339777005872,78.07062348182042,51.005961741171035,39.40725689719043
169.6989397795852,76.89111654232954,50.77555781826754,40.12097432174254
169.06645310667272,75.40765881582334,50.53755593864386,41.01138649793002
168.14416432261368,77.42151998861193,50.67024722002648,40.86118876668692
169.70237987995506,75.42976501753955,50.94297387740787,41.248406213104154
168.1705972399998,74.53928892143834,51.15984874098233,41.61844374580644
168.35243281238724,73.38105676016878,50.7346766184827,42.619325435327085
167.49521265042742,72.11155345466652,50.51440798949856,43.209731277288626
169.99409238279162,70.9429776204828,50.3721845088095,43.74327178633142
170.15192698428265,68.97899209779251,50.30589696724251,44.55004989958307
170.2478546584483,67.44995845012214,50.61925243577146,45.345464559349494
170.98675329855504,66.9277051247123,51.80725858802253,46.01622043411669
169.81755120369303,66.51972748010287,52.41379153045498,46.573439559957784
170.07005055725264,66.59355299075914,53.28679868557182,46.98004533548212
170.88881993178046,65.97631598671103,53.383033883278266,47.34293170949173
170.02174533929698,66.31125806637614,53.85270104691341,47.510870464285034
169.90032941780538,66.0855870275996,54.028604823583336,47.84179702564044
170.3779845807785,65.77929972793058,53.86145988812861,47.93244069197981
169.48259941558342,65.68365832343767,53.86083944188452,48.06970967501262
171.55680729182183,65.7440277822334,53.71828211073339,47.93916019517562
170.69886742578493,65.61272979223843,53.86490494106619,48.05115857303658
170.02160140050069,65.70412957452136,53.95660423082383,48.10813074711914
171.46680586259572,65.4858388123648,53.948611793373885,47.999396111707064
170.61810682567724,65.34283470538196,54.07230169059793,48.13437955195581
169.98137947217194,66.05957104864534,54.05383227861291,47.98649512989439
168.44478262129758,66.13095699475454,54.05737199247713,48.496440470380165
171.18048449503908,67.17608858802669,54.307878721678634,48.85593295247599
169.47094636172332,67.50185802781229,54.17697387106167,48.99313488663693
168.80289840139238,67.6442409067483,54.16389600746754,49.10723542457944
170.93781333881822,67.00554805546798,53.86255387217884,49.66978935767367
169.94632746564326,67.30452127652121,53.8921859225983,50.17164648249988
168.93032346639905,67.86693762967505,53.97230535983796,50.55063860624744
169.90463005913622,68.66764600097054,53.82682947676227,50.70828808775467
169.35054000013156,70.03130426779839,53.8630760868523,50.53785989600267
168.04469767454125,71.15237498059196,53.968769279140076,50.20539239963001
169.57586635247384,73.84730743295813,54.04019738233556,49.60471397255877
168.22889692291562,75.33694603838518,53.84138979293514,49.25682828697325
168.0695667908064,77.34269455503633,54.08585658697357,48.69203564133573
167.5800632989078,79.49170963480921,54.421346374592346,48.021451417992985
168.9900047087836,77.31998840145182,54.24400901649537,48.02507063870556
168.33224943847955,81.67134474564037,54.60312071238454,47.630919275401695
166.77683983740855,85.79211834884204,55.00586772901022,46.795478064176585
165.91341640673826,86.0854256659011,55.18605071000258,46.159050949251174
166.10855681341377,88.6482320653989,55.10402860894327,45.42077917274702
166.1981139392921,90.47704644264732,55.069966015340135,44.81337567612372
166.26781219972045,91.13699049535305,55.3550694234347,44.581803296038814
167.49450432368383,92.79930335186867,55.565729317277395,44.21581386688205
166.66437866434353,93.92811681422141,55.94790458329224,44.35847409351326
166.6754784490339,94.3040165267013,56.155142394940654,44.40956437325775
166.1359457236998,95.20049795943191,56.4519090422794,44.51038328899314
166.05921485072852,96.31786961074728,56.89797335708677,44.44401047166817
165.61841995867832,96.64365831725004,57.01113779576632,44.55331793968226
166.56524380043547,97.64485441114469,57.122005998558805,44.533456941811465
166.40932902665793,98.58683699277579,57.07840956244648,44.629522792038046
165.99168751684283,99.32341379692815,57.20083104414333,44.668797586634
166.38869992179124,100.37637165613519,57.3388596214116,44.57588521752414
165.76281048588186,101.39798084341194,57.203294848134504,44.86977760079838
166.07935949322587,102.43925978934526,57.45876416189957,44.96945280410082
165.98357917686724,103.24416701862286,57.42795671817315,45.117632401293605
165.77852684176892,104.19995526547012,57.477168258067344,45.31712987839376
166.90032567607187,105.74907096349057,57.71945620957865,45.26473731520808
165.99287061072386,106.1439403700083,58.03034636461243,45.50276771012704
165.52812272177738,107.37815939589089,58.156566259307645,45.478681569906655
167.01964411281392,107.13019885704921,58.15432958952397,45.72176618175443
165.36300445353976,109.13626728967887,58.25243137206152,45.80262209908789
167.5928684465587,109.24192796342574,58.26528572626417,45.97644841256485
165.62230280953247,110.79522582161327,58.33314386608503,46.27216259075155
167.06924670462524,112.23318367261611,58.38040984062421,46.168639876950834
165.28408222324575,112.74763670946469,58.42624797010074,46.39590693710378
165.93704772747896,114.58859885421342,58.69851622902175,46.41431934232371
165.7961616351568,115.0634057803166,58.84867809464767,46.46040483618287
164.66688421382864,116.66451002679442,58.82650602766654,46.799765576167914
165.32459416604422,117.50458660522938,59.123350875623345,47.234145605256856
165.8010684452703,118.61769512889477,59.19588687909138,47.93870610766973
165.07718442345532,120.81161684349917,59.15413020062202,48.61118448632226
165.15668532335795,121.63818232903208,59.072738558246954,48.84659604817727
166.1605190080095,121.8319272561169,59.102636181848524,49.45976339482091
165.13460225666643,123.06842572852291,59.02400036233006,49.99226915081457
166.14850062550755,122.39364328561967,59.13659211341733,50.49936577490229
165.57499561273252,124.5631396682961,59.13985969683635,50.52617052923327
164.73843139833622,124.69304829838073,59.01126571828799,50.80562903448302
164.73759512432872,124.06152425909448,59.10880274107636,51.00837223291332
165.2282478319488,124.6306547777115,59.146533618866016,51.402788965340214
165.0495838123089,125.8962573040215,59.243679784109005,51.639489386429304
164.73220604312908,126.41967592482533,59.31459076089182,51.71827227154593
165.1227654478237,126.6537619151323,59.36992974044683,51.769200897373445
164.7513602295526,125.90730433008773,59.28062565930024,51.80366956477705
165.06838554590726,126.08316805091172,59.395423524458536,51.94603121991365
164.58235516145174,127.10332600178289,59.253274283794696,52.022943587748365
165.04647681689707,126.44038792200061,59.497703959888256,52.012244239195255
164.98781028972024,126.49207539479241,59.4895533821542,51.99239501087011
164.9799637686182,126.13540748904767,59.47083535535255,52.12258353499081
165.04461115698106,124.71018723771991,59.31534950050043,52.28637328462508
165.12178927993483,124.52541962029622,59.196774366161094,52.19424601837575
164.9900221498404,123.83918664527062,59.17396567767483,51.997023648267046
164.1153932689435,122.24878005006204,58.85728544355793,51.77970260711679
164.21667818921054,119.96092422474555,59.06977922263755,51.387385235532975
163.932007026938,118.73323591296487,58.771497025927104,50.78086744228526
165.22674813663858,117.56401132372498,58.461907727973696,49.990604205069836
165.7110618508426,115.23009274442992,57.8865681668733,49.11021214613065
165.09785414464486,114.40272414621744,57.38243460141696,48.499370118922826
165.10306101831105,112.13997154511836,56.93147621902713,47.962424912185426
165.5026134702731,111.51767959443174,56.40732447181267,47.6923691975461
166.11024114817363,110.53927564310261,56.115745845213915,47.4806716699828
166.27192861565769,108.93414709794459,55.82378795226277,47.279272380599124
167.43147181821536,107.81376663940848,55.630197934629095,46.81067913545515
167.84045556658037,107.85097186355205,55.67752310624168,46.60519069723217
166.99264271328386,107.60449628447728,55.50736178356833,46.43118298687813
168.45436477206863,107.45590254932235,55.47374134115445,46.393134563461636
166.25065743063743,106.92395304344767,55.71631246475167,46.369153798256356
167.21387561294176,105.71318692115909,55.24887942942009,46.33674922757167
166.26791405089168,105.16964837984939,55.20032613597873,46.237836811098965
166.48597030838698,104.98011105742665,54.75986204932022,46.193755879953756
166.2582247561241,104.00962023160483,54.5393529759857,46.22735468571881
165.2355697759907,103.59622183326738,54.198497317356,46.36476845245597
166.08550270986743,102.9078167452972,53.84196636285634,46.3439090746396
165.51359978974585,101.20019751106835,53.2861561285374,46.89829410948828
166.3782698222833,100.45532486958817,52.78349443489194,46.911712450004806
167.46481512886257,99.20244325473281,52.365711853769255,46.99430392106378
168.8315516981078,98.29649646772029,52.02069124518599,47.13012287102724
170.18955814599923,97.20692208889317,51.79593506327036,47.32902031642564
170.06195267165046,95.73310793952263,51.43831322731519,47.702499006554646
170.779892074958,94.37383976442709,51.41787199985505,47.76940686248303
171.2155686767332,93.03201107119577,51.31623344979662,47.90295867719885
172.57602697541205,93.18046732281769,51.52555796037964,47.52115712710719
172.1581542509653,93.09937538386949,51.81732620828812,47.45817814127222
172.66045262610584,92.27581369643497,52.24610600868154,47.70553900488791
173.4674939331655,90.54960259029983,52.5009182100071,47.814070788615076
173.41747895183127,91.08887340228327,52.56076688231729,47.75234637675299
174.0990154897847,90.72349588352839,52.720541458845744,47.883206890642164
175.14480577868875,90.11092320697867,52.89649227599616,47.970575034459685
175.19278117557772,89.67612588764005,52.87069687927573,48.2299315382759
175.7845526055207,89.68151441703343,52.99360379031719,48.4016628289078
176.7671114578839,89.4026704012503,53.28078038757744,48.5095843735909
177.34788620968698,89.26567477357513,53.36307932700262,48.60797541314857
177.6511682340618,88.97675072762874,53.65094597521724,48.842619364378194
178.03434572643138,88.53037851187617,53.82004225962788,49.06963653815477
178.49558935220182,87.80901400007006,53.985712185058475,49.29937766198671
178.53456319572183,89.47033853284576,54.35271954896373,49.55812970613076
177.99545633571154,88.45222894143443,54.46062669368597,49.6978760772545
177.84010374855833,88.50265274351977,54.69053607326696,50.204992571537325
178.03559944968035,87.59277731526274,54.679194667780465,50.253383269131135
177.65808732667915,87.48429554271763,54.81946077989463,50.642132153934426
177.1123143470364,88.77725503781694,55.03087251428841,50.79318191945786
177.32938681981807,87.78825085050579,54.84223866842128,50.68839610462704
177.19295506205282,86.90527578269192,55.057063681020175,50.91342014143122
177.06231399772065,88.29933002933677,55.186203340397604,51.05537108112491
176.91746374806803,87.89389436956456,55.19573408448244,51.02458178188729
176.65053610610732,88.28258164153834,55.34913393408149,50.950151457052115
176.68476006848815,88.61779285152643,55.116184878738935,50.72301539638611
176.9349052958051,88.87778534910642,54.91031424918207,50.42051143324003
176.4506438828139,89.59101614216355,54.75663098328369,50.1570381522176
176.13017093132353,90.32579189003025,54.650642472354505,49.86963976221999
175.8131079980843,90.61147105074774,54.3713422972299,49.71550259952792
175.6537674284412,91.61308463484407,53.99089451071573,49.42988245266704
175.5920260203235,90.83661205730837,53.57893723963272,49.34259444867321
175.9981509513292,90.53640859387188,53.37990270488422,49.2617940763137
175.90868177901365,90.71816606413098,53.05967345818192,48.95943717819657
176.0117617283289,91.1738636124089,52.772359816582345,48.561363540934096
176.15720616297295,91.0282132899311,52.62813698235037,48.41875304115628
175.61767608722275,90.01439376172601,52.47232097799755,48.203242578599784
175.8370906743761,90.50056521626135,52.24952493457499,48.0410570281755
175.68478695213747,89.41248150572737,51.93006948327742,48.03533801468839
176.36725296765144,89.04775513984104,51.8026320401477,48.19492885757555
176.10336182962266,88.8656987622447,51.60609789803435,48.07344286980633
176.46161271598328,88.83119424418288,51.519376358219446,48.26390152546163
176.89253094864347,88.44725194767324,51.50205169986394,48.50178948495123
176.84540331267286,87.89694739289993,51.40432573069819,48.72514792311112
176.28305956933013,87.44083315055371,51.44364422648548,48.86442140740303
176.2920743212328,88.0909601269983,51.48444527820854,48.751521303924875
175.52402221979003,87.7535273317256,51.56743008393072,48.980891914850275
176.36112614688554,87.88308603089803,51.80879928376345,48.981852171820826
175.11168616381988,87.56189662244353,51.871864869249,49.18143001984441
175.3882526603378,87.17432484073981,52.04690668185434,49.20315585292042
176.28111607528004,87.3896844686085,52.48476283498686,49.06308878286154
175.50766928332354,88.00410532106797,52.39863446817812,48.8749373807914
176.18025357451288,87.95583728667157,52.656309289615635,48.966926512982795
176.4433138807671,87.34855836519101,52.81495139340054,49.01418484689545
176.84760765528856,87.20680850862087,52.890044903241304,49.11327464363484
176.44570258066904,87.13852594436575,53.33100539971316,48.993056614558014
178.33761019788955,85.90566413566683,53.35367104982416,48.971374693396925
177.25206097119312,85.39754348212249,53.74646194611098,49.544302878689926
176.8504738400505,86.12867783106388,54.2169823878815,49.329576681303045
178.66419072885017,85.73578950119862,54.04230906827474,49.35013824217569
177.44830046972353,84.48020347936887,54.191048109324626,49.56495050838463
178.08148874795233,84.7300180384545,54.11039235422049,49.51458755570828
176.51803275389943,85.18823612106429,54.66605056577601,49.49738044017133
178.66548641907016,84.97342095355248,54.495844735373495,49.389622331248134
177.89084212257842,84.8699871727054,54.59053657046823,49.49382200245318
179.85439140956044,84.03221400231162,54.22812810957181,50.0448889302082
179.02792587184834,85.68386475594671,54.63102652165064,49.570945762247696
180.24706532149997,86.17389185503106,54.42128971180967,49.88410314340183
178.1944427167866,86.37838661236172,54.78024781376875,49.55351397239705
179.9120580604173,85.92598063854308,55.08592455715614,49.3574209784755
179.70978425862899,86.09548341572388,55.01855178967717,49.66910508561674
179.4856722134422,85.86387516728115,55.309388951253986,49.89249701923734
178.81159937210163,85.93074768185633,55.51509550696679,50.08594316411728
178.18035754853742,85.91138439373124,55.76892682465027,50.14981340097241
178.67363467625538,85.07205964820633,56.11541209138537,50.48392158075821
177.45236788994373,86.28548008730705,56.47502320535999,50.484689430965574
177.66301223280763,86.66444232863724,56.48152411833561,50.19649157040985
176.39724165984356,87.0365674314105,56.79525105718672,49.78536612167636
176.49384502316101,87.44832471531814,56.93734915704984,49.73301614994186
176.67000090554612,88.06237511474733,57.100242060324646,49.667665595224115
176.6854618919361,88.34667232756226,57.277447452060976,49.472399974564055
176.9870566944404,88.7154508671025,57.39441505311085,49.41549038789232
176.27038824645447,89.7096709525832,57.36946494842657,49.2701136906324
176.78314303075325,89.40961656428092,57.28524349342308,49.268644589238576
177.1741613017416,89.35184435758887,57.202384753055405,49.206177048791986
177.1840385189936,89.62867526094172,57.22796633779923,49.13104406951511
176.87528502267227,89.17201488411507,57.34125850719585,49.15028382665502
177.0061953268398,90.37583488230918,57.49661539720141,48.85242199608407
178.04623149496882,89.90485744345051,57.52463846842933,48.854456150363134
178.1408647203986,89.38234188365718,57.74915851826211,48.9130287895917
178.6812696509,88.54205812945489,57.78974126494826,49.19047148873113
178.67316916514238,87.95463520679766,57.92369821576301,49.42990409265917
178.64963478828844,88.47535971551497,58.23690948679918,49.49260501285424
178.25362505567745,87.7376555631871,58.43054159144836,49.906880648061126
180.04309594975706,86.51432417203706,58.56609951527949,50.167794853243294
179.11334147928835,87.59242145126795,58.185032904230184,50.288906136227446
180.3560480581441,86.48819515291775,58.20111939938121,50.449621849764384
180.84031202205415,87.46156843833543,58.09336306799288,50.14903218601063
180.92699894390893,87.55362447474718,58.31143611273009,50.087177107434584
180.44701304540092,87.08449584075117,58.50777573143952,50.08933115067226
180.52823153981632,86.86528875470526,58.76197109686827,50.17796771365418
182.07146666148,86.04117358367554,58.757962449076146,50.605966641872385
182.18142219119474,85.51899788368561,58.76804778773798,51.08477057557417
181.6637678855734,84.22728473451218,58.87845390025858,51.57020063902723
181.8462572928151,84.21729591145039,59.099098528901884,51.806199241786295
181.9548902106416,84.03555983291265,59.35299775424589,51.851693523390644
181.342709721974,83.85867802227203,59.84550000126494,52.33033587157151
182.73432585036792,85.23937577555388,59.91481205218583,51.81471725671619
183.23361881082698,85.15889955451165,59.89307079965607,51.84173350223503
182.4590758633421,85.43515992815423,59.86320569345855,51.85783844350271
183.40932692545343,85.29399329562312,59.93075106889255,51.80603403041859
183.2421296907031,85.67001182806167,59.89757048899284,51.79920910324061
183.48246318011346,85.88113007288716,59.82540647633774,51.811941859977104
183.5412376269767,86.98206088404123,60.00853428606427,51.511422272008886
184.34868041263482,87.25330682442356,59.94536110850874,51.19071773963383
184.48323634245497,87.21910179982682,60.183244449979256,50.935383789822964
184.41086051598032,87.42222104274991,59.92356341874547,50.780324522269005
184.9244661304231,88.54294648913684,59.86835141786052,50.24707420341637
185.1503635218827,88.53935932459254,59.800414838829305,50.0467337100219
184.33102889496573,89.05698727535489,59.95439819483605,49.942654709360845
185.06751385964975,88.87750529137662,60.18706452836171,49.780954044996975
184.75052074270542,89.59857624278337,60.315462707593404,49.765789061357694
185.8866890360782,89.47185099047718,60.50350572137275,49.78932229304469
185.34233950249782,89.86103267435658,60.5602303536809,49.85173638204629
185.0380087015372,89.45573398617302,60.69495781182049,49.831248910963154
186.1183312148653,90.58323521907218,60.81850153257028,49.59404272316469
185.65354010851718,89.66654006998931,60.817307864452886,49.98352504517994
186.161113583213,90.59295374432975,60.711476739569925,49.77419516354006
185.4831732271971,89.8866429774566,60.812864215059946,50.137256031202085
186.6518879300576,90.33169374566354,61.062373190534046,50.036397000815406
186.13165439113405,89.59060520155417,61.06105300164989,50.18659910581883
185.87283931177484,88.93921401697742,60.92731501919397,50.30827991437969
186.2286764332278,90.83142966725669,61.31148647559835,50.00273760231601
186.35522520852942,89.34232558418036,61.18497589866229,50.36838668834476
187.07654439357088,90.8106592663371,61.13149887692222,50.06729438010734
186.19876736367985,89.13618969441731,60.970472498090416,50.386843188863914
186.31432180182702,89.82152866589091,61.06821374210213,50.570956815626495
186.97740141943274,89.6789527233839,61.211189195268076,50.451814627058795
186.23272458778456,89.75678571818595,61.275087645971304,50.669639060418795
186.17047830282985,89.44373450730234,61.21352544970259,50.79648859660598
186.24635942784033,89.14046137275398,61.183115626389394,50.912172883595524
186.14378572517379,88.62261913534127,61.16067998099466,51.11558089491233
185.98000732479295,89.37983794434096,61.22462033907597,51.184599316341654
186.76883428261817,90.61708582389602,61.175001229677065,50.73135809672131
187.56136474421803,89.02156177316179,61.23542892628171,50.89330363433172
186.51146566555525,89.34411439596344,61.34074706975991,51.165180205020214
185.90658772415514,89.89696068452838,61.464879569038075,51.02459506883882
186.4860360473898,89.83883015991081,61.52261314298199,50.82640430437616
185.98778436994635,88.61518342219944,61.513071037167904,51.07331125559847
187.21331365446247,89.58366786921431,61.36036089495451,50.787338688968944
186.57614793781818,89.0651035929874,61.56748654153809,50.83584356273851
186.799471976567,89.55397841576814,61.49015885664909,50.79850989560872
186.4993788526983,88.84065741072439,61.59571595971787,50.93355859247906
186.62680178085483,88.96756065239171,61.594953856036966,50.79911187062096
186.90274473020418,88.81706357166354,61.66163518565551,50.769685180369834
187.3267752001471,88.56172658096996,61.80602138360237,50.73376209821557
186.62739672440148,88.39008090198973,61.72576668023976,51.16181602196765
187.70919811988952,88.78338353826916,61.959423363064346,51.043582009574955
186.5739125784832,88.55478627419629,62.00299873931877,51.305905737940805
187.021715393689,88.72679990699214,62.202950321736765,51.07292351253933
187.08242329013837,88.5609465947255,62.058572889970165,51.03719274459939
187.96054306527373,89.29917200743161,62.16865430737366,50.958543079999544
188.1165653688501,89.01243732165037,62.31357544471635,50.983291972550475
188.07112504361504,89.48337301080213,62.5445869577801,50.97704954484283
188.5790116467701,90.10914019135566,62.83391204668173,50.90626305036629
188.80370572441325,88.67460919796784,62.887908719962994,51.225961662431864
187.94987535059133,89.00158727275723,62.80683288580447,51.37417900814576
188.13535171123812,89.85372995212134,62.859482536918804,51.322243836719174
188.26663381567448,88.92912530318887,62.446067272066344,51.47910644249884
187.6904176003361,87.8053309548909,62.283678697875516,51.65065940110345
186.24180242588065,87.44911589429705,62.12500680412592,51.83325829165075
186.89023463701477,87.74148142854158,61.82206777448536,51.80665760665321
185.11748122198378,87.34213360422791,61.321601303613505,51.76620205164818
184.57532248570956,88.45982367882311,61.01342624343188,51.61312423438222
183.4302278395955,87.73490925012753,60.91884895698573,51.39213106742798
184.00893697351387,87.60473550500842,60.7686790907908,51.28791828139627
183.78020097199328,87.57028684584338,60.33996836840241,51.59210763208738
182.70623556330796,88.06652739907685,59.99973619138829,51.945999368409176
182.21247537349507,87.77992923118998,59.80006746884122,52.02544510217597
182.4742350482146,87.21772823901688,59.6307434757712,52.0503744445773
181.18435038558007,89.36421316760877,59.54189030729633,51.44930269492222
181.1993233792443,89.038819023558,59.21678953981841,51.21197331201087
180.55695208993188,88.39903745949006,59.07884935629727,51.26340049673396
180.9423622233779,89.49045714801395,58.798416946365556,50.91213722861869
180.28789609255114,89.32728275337043,58.438458731792224,51.144905570768366
180.27858512400704,90.28875441050114,58.06327087350081,50.75703196056272
179.78219758999157,90.0598362606141,57.94525080126532,50.42306513877003
179.95232928905494,90.03485569663273,57.691358750446724,50.29859735671575
179.91657721585793,90.04947460036644,57.625862738411634,49.993878027165074
179.52195015341303,90.24512639517876,57.57851477151216,49.893187760990514
180.01714426211993,91.16629911260416,57.56001920899418,49.48857096955705
179.54266227228658,91.40017625226464,57.4309254227002,49.310746735840816
179.64148849187092,90.76932535817417,57.41103054473828,49.253572615170114
179.89331703639448,91.11747104192813,57.18626549594384,49.26624166159502
179.43216094908243,91.3149165523841,57.14357638549184,49.18622162404526
179.2008958649402,91.62751980551496,57.06680003236056,49.13305776180742
180.80251184977985,90.93824916018934,57.396708722013535,48.93756281188098
179.59243226738957,91.63460866087408,57.57680565000823,48.88695647091953
181.12575995761375,91.21565296024042,57.60058005242729,48.73879002709025
181.56049587609564,92.48520126441211,57.77198055089745,48.53847763658134
180.71072260736486,92.71836749492448,57.93227897949518,48.415443789581715
182.4333413713307,91.9596705193948,58.266795136561115,48.70884467766805
181.8360086199891,91.45180492935086,58.403667379623656,49.02134583437187
182.88875783804173,91.65744756066663,58.740021036261254,48.958819120238466
183.82080517751632,91.63495888403581,58.87466202358712,49.06474163791237
183.29812299382326,91.76661143908186,59.07217392248265,49.02593964263981
184.665749471665,92.28578963342026,59.37288426368939,48.92551914273022
183.9572174867253,93.1140956612599,59.560201295817045,48.76636328002123
185.34962963857006,92.52646783318298,59.782040314576236,48.92896713506577
185.70527987827654,93.13396686477313,59.83052554692861,48.646614750405675
185.64364622745592,93.63605186376702,59.942562602405914,48.550853334628414
186.22352845549452,92.88989564521793,60.03177592667083,48.678025214437454
187.44216708642568,93.38382011070972,60.49835994906448,48.75972095641989
187.3383745696031,92.00489116512395,60.87162478023979,49.29259300965504
188.82941365691454,91.49262419636995,60.9227492537798,49.56142492842526
189.9793596729154,91.52759957581188,61.16867841165846,49.99698891048529
189.86866099726421,90.3887537254551,61.246500616166514,50.49072074562878
191.21102292223287,91.19070110609336,61.34755123560478,50.73810488545243
192.56393320673962,90.80070899290818,61.43542873902475,50.792194660681425
193.457831059452,90.8504280744688,61.8688954885866,50.89172182351179
194.45339395958732,91.13815189934948,62.15839527005727,50.774471648230076
193.8884961427998,89.51712275466393,62.42350620266644,51.140507837152576
196.76424781481714,89.80296085754631,62.24733836125624,50.78587868198311
197.0157403983076,90.2624909650271,62.71865930084271,50.59560433948093
198.32188970318833,90.28925988656697,62.78554226685639,50.417810585885405
197.84636963504053,90.11460020408431,63.07243830439329,50.69928781005691
199.08943935447618,91.27600435714835,63.25953428193435,50.199708578406984
199.06532990730906,90.49611745076962,63.43549335080055,50.264840371892596
198.044389263583,90.54748571561197,63.70853074901615,50.30038594753455
198.56748660672034,90.47644335120758,63.88882214958694,50.28149726156463
198.12070711076015,91.14850853559518,63.81444283755983,50.20700495431286
197.5983043105705,90.4253089143326,63.71831671243714,50.66239788208352
196.83998744652294,91.00635668330621,63.53374232590822,50.75070670204647
195.99612420123802,90.91123078238942,63.398874293048195,50.86289171526625
194.4571900004778,90.77442614818715,63.353590200138115,50.968982099727235
192.5183248834464,90.3278258627709,63.18781667290939,51.04882341000067
191.853777618085,89.57156170552989,62.85875933862671,51.55294663510432
190.68575533694457,89.33369939085348,62.358759827802714,51.737236529397386
190.73279166027035,88.6534068646685,61.56187784734989,51.804588902400305
188.28015139349088,88.69995287350088,61.14560658113467,52.16270631066175
188.40903777063878,88.27992489335792,60.89096455009546,52.01846648552057
186.3884020922116,88.00630784928613,60.42033643566686,52.30320818517729
185.8942076438666,87.82306047091578,59.8881480208411,52.22299780919512
185.2974640012603,87.87136071618164,59.87895102279712,51.964584521474656
185.40449979442758,87.07690076484259,59.533292929499765,51.90402193552054
183.56041315897323,87.36929924398561,59.14038194900469,51.498303854206696
183.74885338452955,86.41153549727844,59.06974491753924,51.44868409076987
183.81248426635264,86.12197320080068,58.97196570294948,51.28817953428842
185.1512173711038,85.23545073385256,58.44925556263054,51.425785549117265
184.08158218811667,85.80109439912431,58.08817163859626,51.9189059868233
185.3056933339937,85.02332917093008,57.69867804175795,51.863965790631475
184.17884515524796,86.35765944099091,57.444742143695244,51.985354565008734
184.3956961694879,86.81430751105754,57.58509447560506,51.5605853056166
183.88588062766402,85.97764518557807,57.72185887863069,51.48198877966513
183.2322485995553,85.77760042965696,57.60893760731824,51.48999825272143
182.44263106875792,85.52285447834528,57.476154059866076,51.53207014358597
182.54534693496674,84.08617645534669,57.23492904908211,51.79480044571719
181.7024255663257,83.85823942353673,57.08536822477211,51.924153231909436
181.27843774332635,81.1349590898079,57.17322186959967,52.651916692488435
182.085767999023,78.42345216666286,57.00462392305619,53.22137247527145
181.08849276583842,78.84033656175346,56.594547543111915,52.9626623837444
182.2486620959442,75.77525078383208,56.19290206775294,53.323207798992684
181.65873259907576,75.35239669823281,56.023673465550175,53.50741861568379
181.8567183827227,74.06220279212309,55.80632010583017,53.4116167668772
181.23307525266657,72.90238705459775,55.392746065878384,53.845450145271094
182.25904745688126,70.88047029057584,55.12855130554317,55.02836324408517
182.0153897952345,71.35359625140927,54.7983973299971,55.5463492508088
183.8285139931164,70.81176905220768,54.618338099348705,55.93483920714962
182.41914469085566,70.69627168594239,53.930228130185476,56.18568878888462
183.95287527628403,69.42458516961341,53.937152840752674,56.54593799456198
183.5930068060507,69.44738544742185,53.84821091578658,56.694583880070994
182.89994947751944,69.3898745828948,53.79331462085329,56.833831216639446
184.40242105488412,68.92989028442327,53.864368818723996,56.72645987827978
183.35118638140975,68.6819628775151,53.54394392624712,56.40619466360032
183.47467205219544,68.54318395634766,53.731029969405114,56.190007149137045
183.42026913097968,68.14758948055484,53.665144373161695,55.723053152572064
183.85452727213826,68.34102972088877,54.05898794840374,55.413823069920156
182.99966536228618,68.58823006350548,53.946239434199825,55.152080979533494
183.32739578244502,68.65402602583778,54.36661227212768,54.93134189690178
183.12295337872092,68.95747635924567,54.15964829989754,54.95821408012263
183.27029053912884,69.37705006563996,54.34139584192237,55.025764357820954
183.89922480976105,69.85119294052596,54.69970271378961,54.97360922948221
183.30610014253813,69.91481857382772,54.23908107750946,55.57289334276533
184.2033397527672,70.31731013031903,54.206687652453866,56.29410241804565
183.64421788503205,70.56583526288426,54.20784557344814,56.83417404489056
183.21188685821122,72.66597825785772,54.55637878902752,56.73546438322124
183.03878812214748,75.28179739269177,55.56469499408421,56.48301789364346
180.7395861461452,76.09784717829446,55.924894466871265,56.561282306546076
181.8871446090883,77.14322069788737,56.595013727966275,57.00960587359194
180.7179930974166,79.96094586853017,57.10355155069471,56.63525296348919
179.91169480454965,82.82653439705246,57.873414872459215,56.33499698417292
178.6145804529974,87.49273750526989,58.84858758915932,55.110613457557385
176.45813093529506,90.82985839352722,59.53276777156712,53.46352326566797
176.4658092864126,92.72303909568102,60.1223539275512,52.00963776201038
175.335693380939,95.2478172939989,60.349393580753,51.04733207490831
175.46117787046438,97.80946421211199,60.38894485249956,50.05451280609546
174.4556266089636,99.44473422179375,60.48177333051056,49.217824028797374
174.76725225860275,101.0545167200149,60.558767828866394,48.600141251669655
173.3318314014399,103.13137585243456,60.831039673196955,48.31636422141895
174.00336825112623,105.11389348853258,61.106184872597495,48.146799425373416
172.60440849573388,107.01136903857028,61.324253232869545,47.98723026232499
172.4993837044426,109.56113537970496,61.21145085956141,47.82907855768624
170.63555067817828,112.14055640608771,61.50675244828389,47.95552817667368
171.8413107327784,114.35548517403896,61.73984941977214,47.986955755059505
170.15330978594335,116.91123926293443,61.680260807842245,48.256386584073994
170.92072690858427,118.2192376219379,61.5117528946527,48.33002347393143
169.11913871121357,120.65378626902094,61.409462780528784,48.702817087052956
169.05080682438302,121.30045612980501,61.63882320600622,48.7707165603548
167.3497961500503,122.58985108644734,61.55816614128054,49.362039733770594
166.88414919297557,122.76825767483231,61.25840789516695,49.81975901578283
165.821393326269,123.27685312933866,61.11608377309605,50.16800513756236
166.1247931664939,123.53734562848963,60.81311069295947,50.475431956811086
163.7596890852637,123.28990627745263,60.54113970960691,50.657668084574794
163.77554258245442,121.93959457878435,60.53628834975089,50.32221517461459
163.5520992678371,121.20418698402834,60.40713685680837,49.98203478536075
162.80054965676075,121.76635863524808,60.21208425210258,49.879284099956195
161.93362917014997,120.6044500320048,60.09757172018951,49.529752402786734
161.4923446769924,120.68555559540951,59.91242768427263,49.303100310324844
161.17595305255006,119.68868561714788,59.672600900598844,49.03351338353207
159.91392541838275,119.23420099995914,59.89048093699987,48.81471553188051
159.89149562992037,118.26076166291054,59.85062453661351,48.36508837330558
160.66012652387545,117.72685115347788,60.19056370981633,48.13469352608203
159.5794815182829,117.31404621764987,60.33084904418256,48.13797947939545
159.66956348004715,116.9756272727957,60.2167271564722,48.256797313809756
160.91235868241927,117.4084518085712,60.17787332590093,48.35054913451646
162.62604276851252,118.45927993664114,60.07309049802901,48.465895270191766
161.71547788943064,119.28644276313372,60.08248534141305,48.630420253688854
162.21530241784643,118.32809804329446,59.728341116849265,48.83943042166935
162.03115031900361,116.15081106591043,59.45431377395032,48.99743636419986
158.74528293782726,112.84214273048053,59.587835187914365,49.15217900277208
157.38140582367933,110.86830842208988,59.33940433282097,49.19846612693863
154.75900317827256,109.04627988404312,59.32836360007488,49.03546606077448
152.3228984096154,108.1870057911778,59.631211450682706,48.87831508402189
150.96500729994622,108.97528431591084,59.66077207044217,48.72683940681686
150.68292298870074,111.0926540874283,60.08928788259798,48.43935499836445
151.14191582667172,112.18353093177132,60.76183796658185,48.62188272561775
150.85295891928195,113.56316400726831,61.50376615061078,48.59030846343297
153.1013395843727,114.40163589266439,62.10590513857498,48.480410738897845
154.2638172415747,114.98155496132728,62.1070740154552,48.673660622850434
155.0531798281234,115.67846973797482,61.67556075165194,48.990912812795706
156.19967093899527,115.52385980374598,61.517561354233735,49.38822492641492
157.2692775254236,114.45338774041056,60.9491421676976,49.64072558308453
157.42154020182892,112.07769746457856,60.61509233582561,49.03177650675781
154.91878407401026,109.86340310697423,60.120704250428965,49.3733548383605
155.25057274516888,107.1588321506787,59.64865615229624,49.38706761658266
153.5411462845682,105.89470503863537,59.691647428752674,49.326056255723664
152.2283620816698,104.40328804974278,59.86969915478573,48.97344983624626
151.09208380278923,104.11727330108704,60.02645318607283,48.88809893146957
150.68968299087402,103.13633933552826,60.30041554551044,48.7786828068773
150.74988743491093,102.29593410970706,60.581868444278925,48.81437979034954
149.03723474408898,101.9116154090989,60.85152750176511,49.11444400874459
148.4656011701456,101.97577699449067,61.04896275477731,49.33467223051629
150.19752035807372,101.98816637590807,60.67587817263752,49.47701002027282
147.85290940398764,101.94827338748514,60.498954946837486,49.70483711132973
149.41300148700026,101.01870397665793,60.22630090738392,49.85210514345628
147.03630809873292,100.47739481515103,60.49043082509292,50.160053103997555
146.4890516081898,98.63537467153402,60.854845737464956,50.35900742702868
145.21941685932958,96.09477070674615,61.32671430287341,50.587727792517526
143.64421572919605,95.33285916345694,61.912605502425755,50.999758076285254
143.64527459453205,93.18223270769452,62.373203814749225,50.94745483165164
144.97163883446223,93.67276382997224,63.36398591495177,51.396149109274845
143.81706580156006,93.88594622342654,63.888347782948756,51.92126703558874
145.56847764097435,93.47156848146676,64.14899570751372,52.435087610164615
145.32953493332172,94.54054510118971,63.9384680988703,52.71644875517915
146.32107739201754,95.04319664191988,63.68455374231548,53.06645825954952
144.77921356630026,95.45529244950086,63.624917917950455,53.290567149071975
146.81881305702677,93.73562972347264,63.27492597537682,53.451462616082054
144.5041601978553,93.19693192256355,63.510593082879936,53.61507729024215
143.6444031879221,90.93280451937262,63.45700374638494,53.87318715720139
142.1361016513245,89.91238525864765,63.87687038845832,53.648421897904875
140.50693151024626,88.76899219537765,64.30954686560688,53.33100146240263
140.67687342874171,88.64704877551642,64.43619379867934,53.12086720589554
139.56068148006767,89.11037668357908,64.82795693987818,53.107372369518
140.92152185228417,89.60159763880199,65.46609775344383,53.17304356675345
140.86477348125206,90.65220898707074,65.79186828694041,53.543990746314606
141.40691240471978,92.92680578147645,65.48581550428267,54.05289022848706
140.9731917572967,95.51961239730501,65.01319525375679,54.056997150638516
142.35162605134198,95.0394314766223,64.78604411103976,54.28314492454483
142.2195214636379,96.37656006179259,64.12208385714571,54.35950978827712
142.48258791369406,95.77294470114404,63.72946822235321,54.40359627873163
142.74570755278083,95.552626908056,63.44673194849219,54.65319017181635
142.18895193033848,95.6345031257748,63.1941564719566,54.79730401168925
141.40178210874672,94.43861521971519,63.056082684926224,54.95321995289781
140.02739262182223,91.9679436107315,63.026946896278204,55.11000535149876
137.7238902961999,90.6560234369208,63.74563658513583,54.763412940788854
138.28527029971428,90.97427728623705,64.13693194939151,54.57214293832715
138.69712986577332,92.33518146770903,64.4651026182988,54.56990616580676
139.83886325161666,92.45215128515989,65.12054084729883,54.692485008106516
141.51341850697116,93.26215654558672,65.89224561368937,54.847427733369486
143.6976796971126,94.04885494034417,66.51134454077958,54.94381513212515
145.41871220954158,95.87823867757682,66.2582076432104,54.943061716726646
146.16155645224214,96.72403222466244,65.8158222898665,55.02069151765886
145.54010440014196,97.60936850715419,65.68874164808757,54.93381547767689
144.63516378780642,97.09497173217989,65.63498912088943,54.933981155158456
143.13329594274293,96.59641275028818,65.43811321967729,55.042438390010446
142.03029690795557,94.40514647747206,65.61178006099578,54.74835617429014
140.11073970548512,94.57142648569864,65.84955607940108,54.91716932964332
137.1554440915237,93.86569522810876,66.32849094669766,55.13062211543768
134.22615800193114,94.08597436829588,66.66976681164327,55.38651698915052
133.12598898462727,96.83304014465033,66.50431018759014,55.22550149097654
132.12127067877037,99.59025329282126,66.59249907858555,54.72982681588101
131.7437467629876,102.05482624102399,66.48606190572605,54.28452901441574
133.72342826051243,102.38709905693497,66.73336394973884,53.948904968868874
134.2319937005261,103.13530828543784,66.76946836214626,53.896151062644364
135.05824681955977,102.99059932902485,66.78994100210014,53.89020230080874
133.30906184182777,103.34324950144986,67.06995840133551,54.15455562197813
132.2084686179151,102.37455453268659,67.28347383151407,54.448693067553705
131.24346988856956,100.99968282903538,67.55977499160585,54.58240983491777
133.83354912512752,100.16653418542028,67.7833903031274,54.73527259284347
136.51342103485746,99.95542381466244,68.14866355443783,54.95640889937304
137.83015495197003,99.09208177689851,67.67016207458276,55.24065043854684
139.33691883608975,99.43365087813459,67.25831935349298,55.40440191073823
141.67539040028726,100.2112533332146,67.16599002514678,55.438088387563965
143.79774490989098,99.62545781156726,67.17484250267395,55.57952973260121
145.7407472070828,100.33092492332975,67.49780845501279,55.72027905418885
147.38598211061583,99.45615670375366,67.06302412043513,55.59406900476984
149.52954192913765,99.85314314115139,66.60841757733982,55.731529926857014
148.3790940846754,99.83924758773931,66.10637575863498,55.909759700024864
145.54755106633908,98.84126414061603,66.48533122203484,56.10785571986651
141.87678761879778,97.84682377981963,67.08476407720049,56.697917590942055
139.73420170654768,97.43651942907319,67.63425675207297,57.37791784762502
137.1513027671768,99.15147180017553,67.46675499397398,57.250721969632366
137.01866080647795,102.75123791385298,67.26570037028765,56.33809169311367
136.16055211814324,104.59803655759578,67.32934726088833,55.858900657535415
136.90141316912712,105.94032174521995,67.43016054500605,55.26380805976814
135.16680156824918,106.03215767967995,67.90059968151535,55.18334950108982
134.2728902592939,107.66127318452976,68.01358840565,54.83317975733563
133.88138017652975,108.63011713633698,68.17824227011857,54.755424872405605
129.9208228562737,109.17686603406833,69.16158797447342,55.031991812355486
129.49221332621417,109.98902952911735,69.28228102217183,54.87411622873633
128.17240894389008,109.82312819818523,69.67546701918087,55.06580735481299
127.65489394792199,109.93095022304207,70.17865620987803,55.31949534445553
127.79173660389162,108.43400161794733,70.76214732101157,55.31614652765222
127.09803567995871,107.27319171725298,71.1792720382736,55.777165380707174
127.02417472412321,105.97923478562626,71.59924028092108,56.17306264239811
125.37857284647575,104.452567449707,71.8360524136727,56.615041294262866
122.91483656056289,103.03069773379232,71.87428090590855,57.140129526751416
120.0668058723265,99.1433887993112,72.08931467923193,57.615039506156805
117.27131162660478,97.07851275919242,72.71312768697175,57.463250238890694
113.62096804031373,95.50266022325422,72.8993443776813,58.179829006140594
108.30810397632176,93.77252189939254,72.96307795305293,58.55722110376936
104.72574690871815,92.11173811760843,72.77100726770351,58.64006467403621
101.6578097309336,92.05600754443846,72.13303499699089,58.520937473656396
98.6600162287827,90.95606565209263,71.59007877695798,58.23077618769987
97.79911382703807,89.92995822837044,71.21891583180525,57.860762460391435
97.372014012666,89.25296126126847,70.8834203406916,57.48187878248142
97.72003768444517,89.64052075803284,70.60491494807435,57.073093035183774
94.97877264608549,88.43904824438535,71.27575755531129,56.828565204049795
95.32337896228547,88.78599347207471,71.00108727010408,56.35462740648987
93.177725145263,89.22058866028942,71.00547054196643,55.90553518579735
91.64251054723339,89.03412118226655,71.75237430925367,55.851235402777945
90.6610309287981,89.85136583407589,72.10047432275846,55.92377258078766
90.9714082739803,88.6053253762778,72.00892113996242,55.82888722021502
92.48348647706935,88.39892458646588,72.65238491582167,55.81790922282203
91.7550063977298,88.62551202827828,72.72876333793612,55.8121822650033
90.76218258764455,89.41707151672458,72.85291832428706,55.79101802482029
90.94126253131472,89.4748821693303,73.07691044595703,55.880206429992256
91.90919101940023,89.98841358541006,73.09353903115685,55.95877590297799
90.46602945825774,89.54325977003441,72.9026936887812,55.98913454100011
87.83689894339813,88.99896721901945,73.01089931002264,56.325624658975485
84.5201461844448,88.68241269184486,73.36141484913901,56.55389890640554
82.38876833218637,88.85737132827455,73.28630043265366,56.82004934108478
77.76326222320697,88.53115836573727,73.65766348832001,56.66828409403637
74.42508727272391,87.79188983988836,73.39369909637838,56.30497360678615
71.4193138295615,87.52452235160573,72.53091117053891,55.50185395955685
72.37445001450945,87.7363196249211,71.50327028133682,54.83435805587141
74.6137721378933,89.07387128380256,71.02154709703858,54.59477896334347
77.68519576487623,90.18226788769826,72.02483040490137,54.56243328248381
82.9142082739957,92.77429550525106,73.17300846588606,54.72319616261259
90.27761946739088,93.4639227679732,74.20778466613183,55.77639765370885
96.42853064801992,95.52702412174246,75.19418652514963,56.85893184268523
97.3776325588334,96.83498722871946,74.87428544457339,57.21911131873365
98.39683070873933,96.46171084345318,74.72851912580248,57.915199310127676
94.99891986321394,96.15526953096666,74.92149705540916,59.1156660134126
92.01288214083995,94.66928239673135,75.72493522446135,58.96124124166107
92.04842124156578,93.707717732856,75.58769310314361,58.57475924891615
91.31877152018004,92.80941525260451,75.45404708941025,58.09379992223347
93.89202113022031,93.20359380959607,74.94702989066151,58.158091245273496
95.54593732489752,93.37204746224529,75.27131215012605,57.88477255175668
98.07331021083186,94.19348411221644,75.68907004036676,57.97666728484202
101.29087458746602,95.70981455695059,76.59757827669192,58.16537423137227
104.37797232731232,96.88052516736325,76.6278133771385,57.93826422880866
106.717870234196,96.66214020986371,76.81087442830035,57.859343280675276
109.97674360552196,96.63588695076557,76.78242316828391,57.86740651191618
112.88575582339811,96.80629385306928,77.16524063621813,57.72851299312972
115.78842273633359,96.6613152493925,78.09793152195608,58.23058571178145
119.5124607637728,97.27674968584375,79.16888508438723,58.92320652870593
124.53145428278667,98.26697279962336,79.43092207895225,59.19094903520128
127.01665753870333,98.99134671586943,79.46383292322855,59.161556475955905
129.304011865545,98.14992583615879,79.10665547376885,59.20271096139799
129.65621941348576,99.7523699994775,78.49546054474936,58.69420468050643
130.1609448809312,98.35538996635358,78.42038561121652,58.738187396519265
131.8274956990914,97.52165245314663,78.4977434933287,58.82934296683271
133.31124327415046,98.00458800629752,78.83083885834733,58.750665123107986
138.56951718070636,95.53527168636002,79.39410118775261,59.322187510602625
145.5633921913213,95.14241077212566,80.34920986250658,59.77776809275251
153.06502895778846,94.8320896684358,80.58120301505814,60.46572886627577
157.38288331368324,95.11696861672105,80.37965358213818,60.81764724781957
161.3641447913907,96.1942614126513,80.52746025471401,61.36698702712911
163.8718002254418,96.87721595275121,80.91220050355517,61.98281782558375
167.05406030342954,97.08377941372879,81.79288431944246,62.842247923816004
171.833805835768,97.38082718792528,82.65571457434562,63.34328663369329
174.50754506293788,97.67094509545228,83.60761594559793,63.72708609123754
179.11439155204806,99.68385005479628,84.24246327346884,63.558484901339824
183.7970106879415,101.48266574276086,84.7832613786351,63.53754372240164
187.17055076979852,101.69760617951417,85.15660739289953,63.96324800676625
191.71674113682434,103.06461408537669,85.35446980765167,64.18068325819736
195.4276338095426,101.78620832643522,85.92774299874466,64.40706903679197
199.00828472200783,100.86419592980421,86.37913877513255,64.66730936903255
202.12208871796793,100.02771137545842,86.57869009259956,64.8508361292439
206.2919076293365,100.80386983707929,86.78869387905435,64.97775859828275
208.9664436718669,98.99365340845051,86.82608638978819,64.85898895615065
211.6229545617274,98.72494701827698,86.68517612129767,64.9312026534079
214.65524212778882,97.95440175689082,86.6702111271143,64.91209248495707
216.05383689311236,98.81260664766303,86.89583134034844,64.76778441563951
216.83232167572902,98.8022397581598,86.9510067221671,64.67402459362182
217.10596496467667,99.06873059402115,87.07896042251582,64.61908665692644
218.201366636342,99.0514987368413,86.85718257185336,64.61906855901765
216.76482045431266,99.24169584626789,87.06367232437029,64.47563557080011
217.46684474759857,98.7192248129548,87.08371102379391,64.34361168550672
217.32487272336104,98.6219874113392,87.25433741873218,64.27668084193691
216.9971430291443,98.33105536336306,87.5916599363046,64.04109620265208
217.62711170513734,98.13402005771232,87.50437065656124,63.93324527941529
217.58507022442274,98.95810755002162,87.57289709441406,63.69325363105463
216.84656418455174,99.30929612625603,87.54026871891011,63.77730314198457
214.54487391326728,100.61873469638181,87.28358761597121,63.92927546805686
211.25001664527224,99.29657493386888,87.79885022859094,64.4138404783885
207.23958712616593,98.65180580590803,87.9436583177069,65.20267766447837
203.42166137326797,98.31984262656007,88.27319487828188,65.03384714622877
199.365686957555,96.08573952783038,88.28773827605303,64.86533411685099
197.42028157101424,94.1027815485277,88.10020088934448,64.78132808601542
197.76301823796297,96.18004999003182,87.2172000127367,64.92722531555602
199.3054609111656,96.56714055647087,86.7910170398361,65.15778608979767
196.77621577400842,99.68128155101208,86.39351843017828,65.12051886740838
195.38430032355305,99.8293113649639,86.57180834025955,64.98275358941355
190.2107312994084,99.85300283951209,86.74585640746974,65.5267355604565
184.66119437152395,97.1779480045837,86.94396552630018,66.67333923742386
179.72250989192946,96.2152042124517,86.70680392213465,67.77233481014079
173.9591194353996,94.22606557877607,86.44644112791902,68.5292225454028
168.78079282699989,93.79037668269423,85.78132386742351,69.13643490630542
164.79616625498983,92.51596889974309,84.77311710391189,69.03219838060919
162.36924674963637,92.21651553322901,83.85733188137291,68.71795569719066
158.58263061277802,93.3932971655253,82.70055889080746,68.16098478737256
156.62719410161645,94.32524624622802,81.77573998426705,67.27765414086352
154.01914381008524,94.78997359960394,80.6354791781693,66.14058541459853
150.44809337477378,94.93777061436906,79.33183744167553,65.50464263471545
146.25562416742906,95.2329021351801,78.36860843693134,65.26560699578044
142.90425363593403,95.32095826481185,78.12887131998981,64.89199376257703
139.6206990780423,94.08875649053056,77.99490821973934,64.16084376995614
136.89401821879892,95.04115449210573,77.56745777010471,63.88195447266213
134.00107595608648,94.7493552428401,77.19283413970686,64.06498612506114
130.6521523613448,94.35566275910206,76.89310366195389,64.08029925415829
128.77329308785716,93.6435852451647,76.74799804549228,64.24835255454734
125.81877187398779,94.81091010461384,76.54575097204085,64.26773416003566
124.7700875711987,94.86071140359141,76.07308626577516,64.35765475234047
122.54840240536967,95.65806505762316,76.05126809416784,64.33956206257835
120.49068356198792,97.4371327429539,76.1940190133532,63.92480399599401
119.69317074328441,98.83896510008915,76.28143754836611,63.50479602191213
117.5312858261891,101.05093274526467,76.55386394154719,62.93330085035075
114.48730657103621,100.98512248463629,77.03705989768427,63.186867482928974
112.39727604897624,101.8003098831127,77.43784433238345,62.92153131932268
110.70796603477334,100.2606834527373,77.58085053785227,63.20364835014797
108.84201326864597,98.31339698790185,77.84013868233538,63.82673309012161
107.04798351102824,97.91965962809006,77.91282902070624,64.07190216141831
103.92820173125605,98.94024538563778,78.32115049574742,64.15828697032799
102.77081361942348,97.83336294569796,78.40055489133336,64.50142826164561
102.95051749754346,98.47056241536228,78.29334276159065,64.62349212043556
102.7891009796885,96.79034859093932,78.22109102876685,64.56247368430532
103.31774270547227,95.46246615832399,78.55453009039817,64.28305192500899
103.9670852757281,94.8640547156478,78.4673999540064,64.30011793055486
104.21693460385825,94.48498494409017,78.45086230014361,64.16629780646429
105.32878456698,95.90996171926295,78.71845842683287,63.90765666456599
105.44645594321948,99.01493940717197,78.91527852544911,63.66357929854411
105.54727674770976,103.01147264765606,79.6496275480489,63.5627829057717
104.39012012107393,107.6863659682141,80.36648649185705,63.03757836457018
102.54905057950434,111.55387734915703,80.64257274716115,62.73989538539917
102.95750484190314,111.64414772745357,81.29316359770687,63.683737601523376
99.95144264005891,112.2843417285732,81.56263367781744,64.3171122879209
100.55518515149761,110.0387398056228,82.24855349636309,64.81948032220672
100.8896093902714,105.57620772369808,82.19971378546667,65.30943344021875
100.62977833323549,99.44369048293649,82.02156888554998,65.71134688902708
101.1588160079108,93.81935255430813,82.39948792287234,65.59583645935754
101.80584517640395,88.5884034296616,82.90954070897105,65.24360964761544
101.37814579099862,83.47594703237833,83.12981408114585,65.19474543412534
102.3936150791797,80.18515925332231,83.18278167848976,65.0670500381053
104.9980279203426,79.28196608686659,84.1501849962555,64.79092947595143
104.69826694687774,80.0708540774277,84.01297565236797,64.43289865397837
109.12655712041511,82.52534399043084,84.58058010448755,63.967246731719655
110.92688689726316,86.28431923260536,84.68976180216477,63.727788221247565
111.16472360355972,91.4033717254301,85.28973633974405,64.2964192280297
109.10389365574912,95.36862412142892,86.36234661950527,65.13746270721127
108.14145410406067,102.09557983511377,86.43061208686532,66.46531054192654
108.05710286122816,105.95392651763709,86.54813431786235,66.81505394445806
106.48711390586107,107.05695128294988,87.17916342564854,66.5125911590946
106.52812390204879,106.12122915961373,87.12305040772284,67.53757482494109
106.11687413005586,103.04136363961456,86.85609279743471,68.47856921637985
105.94775920865406,99.31921746250205,86.88572513514569,69.50951098848208
105.92118024693615,95.88794862037851,87.0840328110792,70.16824084191862
105.48030292146726,92.27410535344502,87.35598312976066,70.64457125090766
104.9753391032217,87.52338540769028,87.75551563275644,70.74153974501723
105.64552969533398,82.77821124364698,88.15064980459572,70.59720064939779
105.31196879857771,77.94121084859341,88.46451477647587,70.52395755827932
104.49552057528689,74.93091947271306,88.87950307906033,70.57918539060645
107.04777503529795,73.69694424833983,90.02482345133556,70.49571491230516
106.58600927301204,76.62902170359254,90.2112031147166,70.34021917385785
109.24207266755394,79.99117564444175,91.49356923792527,70.05954341801393
111.11148941180367,84.8981827198113,92.41622714346877,69.94760045715519
112.58063362387986,90.5699843160455,93.31936223082154,70.62348846036551
115.2221604045076,93.67210803469466,93.00865497541322,71.01189143658038
118.99212394196164,93.3221411411618,92.06902296733863,71.89796018787379
117.3656755943077,92.73520208357867,91.73191974847718,72.87484721703387
121.25861978150517,89.56813822105931,91.29274920855491,73.06760607610579
118.12836330592987,87.85664126932399,92.26356832730805,72.82230578821597
119.70969980922405,83.9632997378612,93.11960021192453,72.54552468640765
119.0062123957469,79.79235654969682,93.59420348211995,72.58094782115928
118.17055526239568,76.76451096176444,93.9203381910221,73.09516560835216
117.2389392069139,75.23794889890954,94.31376768395893,73.77493172281623
116.7038822023394,73.1125908823181,94.62586671612961,74.26649367465448
115.7815181435367,71.07441117990113,94.86044270837644,74.92686844890372
116.05837180433574,68.64144297815773,95.37182556622172,75.22031511392618
115.42432271336521,67.82253462790462,96.48154723325112,75.60557072205569
115.48011123852656,64.42327295930278,97.01673571303783,75.58229048946565
114.20817377653236,63.30620102589412,97.4084588139824,75.52345821530703
115.18659104620843,62.454893988930316,97.2866990570018,75.30058083701753
115.10829693901728,65.51585418724473,97.57227364492783,75.03130154604057
116.56223956921887,67.81585472246263,97.88902350873119,74.75031502486011
117.500526837537,70.91218073087886,98.03448552452414,75.76087765341342
117.72191014196929,76.84166281799776,98.6341933047358,76.71625883897785
118.35287396088991,83.50683719794135,99.93697676079714,77.28315548619517
118.19553106342465,88.3700640075604,100.39720030466049,77.00406095204008
118.1230854514905,91.3457305514471,100.35727610682832,77.39759270954256
117.40886234751011,91.76807492322067,99.97221761889678,78.59787876991997
116.99766432634767,89.78223140102628,100.13780296032823,79.60150698976958
114.99874479429923,87.72293518054187,100.63818142071112,79.90827200955005
116.87359097494884,83.21799799249092,101.47322969814482,79.86699224899424
115.90363026705447,78.69636720533087,102.1172591137352,80.41202956489147
118.46896269533157,74.12964768547332,103.31508928281576,81.276909148735
116.69853108307271,71.28101111615041,103.9520409167573,82.42399422280562
119.2198093971295,66.18153034893118,104.34056319947139,82.38878675089641
120.62405134153374,64.5099016367545,105.42983302617803,82.12360854445143
121.38438763803143,62.9326340478919,106.4687233547067,81.93645270502576
120.33600819052586,65.53923966973514,106.493630042534,81.94495118958024
120.90602414536104,67.18495560545585,106.63525725914535,82.52372185949012
121.01557398247637,71.47607609643265,108.42749605728105,82.82601952804924
118.58769414497672,80.83125784887739,108.89593092225225,84.28969777120665
116.28708091037507,91.60052539849366,108.08551722421923,86.39541163437644
113.84447531870916,102.93271739823975,107.11473704402567,87.33997920348779
112.61414263191175,111.97277767572885,106.81753865762599,87.75368265363653
112.50188641320943,110.94706519973738,106.57969828274044,88.35891891734127
111.58393019803569,106.42823161177628,106.86505143078506,88.51469770367605
109.84698921998914,98.81247774078435,107.22246209628977,88.9499789441951
109.75585597075919,90.60700382082051,107.75484484764885,89.35544887884933
108.26236104320796,83.20168459040983,108.07283979918685,89.1516773207498
108.82136906123374,74.46664091687686,109.6322841951879,88.5642962535091
109.2540389820471,68.01062004960372,110.68280965564705,88.5097976514465
109.82342459773409,64.56615254777259,111.48673106171661,88.02245425468762
111.27377641497588,63.46417464798691,112.96007136873085,87.47791995912041
108.91120248091512,64.48227072702761,114.05972213411493,87.44892613477924
107.73021271820444,68.63313329693392,115.39622973380082,88.20147746133627
103.57176126427645,73.93819022138797,116.53543593679231,90.00129479528948
101.0234058287626,82.7407392588805,118.26892087093034,92.28395688265793
96.16811011356813,93.27986120080814,119.10025986754243,93.93184062331439
93.25539491529477,101.51159219266452,118.95269784389264,95.79320392646684
91.8399760172076,109.73241494091167,118.98452035648236,96.97173093058291
91.41175910164736,109.30289288058172,119.4034756750773,98.02031797064015
88.58406509905464,103.93945595635282,119.78245071639554,98.81269780054328
87.99826778822211,92.16860806281126,121.2762521034739,99.37537632993596
86.21083316187332,82.36965635918935,122.23292415348898,99.21696259850792
83.7986341677659,71.91410228613353,123.32537424283906,98.99680319701214
83.68750507525144,63.69098737259358,124.0819381791917,98.14913539530784
82.26612851479476,58.28940604590571,124.85686932058235,97.4769915377583
79.27308722684955,57.69749675001076,125.54242241649229,97.56527747383225
77.68267817884863,62.23061284642694,125.66198005068688,97.55191889245008
76.86432878095174,68.07931941681797,127.09662859273178,98.00853464418512
74.69746824234707,78.15150586846573,128.6113355975229,100.08007551347258
73.08138424811563,89.79682453380285,129.93928264730323,101.53437417217825
72.18382453311673,98.52604041555136,130.7027427126007,102.76370562279256
70.66479511285866,102.22784038820531,130.53620074211221,104.62057892882743
69.54985967109889,99.33249276209153,130.6516605099854,105.32409070556058
69.12156200082578,91.47818393662511,131.5150456596245,105.10547656785818
68.76452709202727,78.24487382269268,132.95955871643355,105.71139809577187
68.56886075800018,66.69028760363264,133.73599013984736,105.17318207564
70.5637520659927,56.98884810273513,134.7175715451636,104.48021871598482
71.54548075658394,48.19573166816718,134.74303246842447,104.29314759952503
73.44598372214296,42.08963036007889,136.2310566123797,104.31222449090912
72.43189495962758,38.20518750707717,137.6460404466336,104.1960737284067
70.67571341595927,38.817857310764666,138.08728398707999,103.80354374808783
67.2585381672894,40.81471138742784,137.73069553483475,103.60914461003553
65.26418141964331,48.0110899022978,137.51245502774657,103.59319002475362
63.701622737524616,56.186804948288454,137.647974117753,104.00789419485727
61.26689937007312,66.3487963977024,139.74510940360508,104.89105317225008
58.779446820861594,77.67635773585168,141.5556396736895,105.75840669224058
57.58984302882695,90.19328363125538,140.6922718507306,107.41032302887459
56.3623308294261,98.79915604255805,139.79727250304182,109.94384225961397
56.273294037391,97.898936750343,138.7017196403881,110.42154410393178
55.20107897268626,93.64352243815978,138.02724513150716,110.62889067263416
54.80288249049171,84.61750719977871,138.15349979643108,110.273259711408
53.90773649947812,73.5497376544759,138.71933213032594,110.1738649488642
54.11235996975884,62.91817661644734,139.12994552892923,109.42095003761665
55.02189415324122,52.40646471490629,139.8795612630692,109.00575613439992
56.756575431801764,44.22452878631685,140.426854151047,109.1234121712663
57.897227462242626,38.5219175640231,140.85117705473436,109.3221727094207
55.86392755930312,37.235483784879406,141.42836717547848,109.23675393462398
55.38133867708693,39.88206496042397,142.003536728775,109.35748766736664
54.5042400637484,46.456189738102736,143.04447044379435,110.07666116956526
51.668842874358006,57.802514074779594,144.092741991612,111.98575047228576
50.966412453460634,71.28912692745601,145.49419941773613,114.071564836513
50.55493955370723,85.99631643388886,147.00627927857946,116.48189094754868
47.26976560297271,99.33564923920378,148.09878723330166,120.48363762939931
45.513246030828185,105.75825751006745,147.7476143414579,122.28097060244247
44.902426941773385,106.07986661423602,148.19219636197855,122.64234898510111
41.465935391231,101.91899705150942,148.17675029817684,123.95294394932996
41.4742611286009,92.20761890047046,149.6721134508937,123.27746798212074
42.58248142340818,78.53897571243445,151.74273312205185,123.02370516385685
44.029984998023124,63.756271820373826,153.55907069175507,122.59278268674763
46.69384959850932,53.52583923576739,154.5415297842397,122.16867051526225
49.845510238778644,44.63016378831021,156.00338861463246,121.47718564052329
51.49093078091313,39.14458587459004,156.56576441688387,121.47746477423804
50.49212777086852,38.734358584218164,157.98190221244764,121.78420402819576
51.04414725406505,42.18646154415967,158.6338673411321,121.91609372751441
49.816613182935896,50.01197171243882,160.86010435610444,122.41584357833403
46.656581582746014,61.07808948736643,163.42408955164717,124.02799851614972
47.53121511868797,74.03260189722054,164.69009032873177,127.92322250625594
46.78756674511865,88.87612023549609,166.8338834814719,131.5569255757986
43.46876844328273,97.90469619076315,168.36274500061006,133.2483278950008
44.83961523514316,100.11772854672861,170.43659220744706,132.72759145684307
36.51593129684106,96.78458461108025,171.72166684064305,134.02590647734024
37.292232933123145,88.30848004970223,171.12341570850552,135.27888159130723
38.35842868886111,70.08479115544944,169.8199669727559,134.84618583244952
43.525898576161026,55.93163700088718,171.41194713528986,134.52483339023127
47.143915068957256,42.474386920438434,174.19819293540297,133.3992277314266
47.980510639465535,30.931189475850715,174.05437842040112,133.8773786783413
50.101129494292564,24.935606980036624,174.4996512736438,132.88970761039917
51.493381146877,23.50973380840213,175.8819417917171,132.60167176334528
50.54850807504356,24.808369563097756,176.26242227414437,133.07949876851092
47.99430682844245,32.517849389801086,176.93264670490763,133.19132372203785
45.66228637959922,43.24647059984899,176.0800378795411,133.52882770086782
44.51874020044859,57.27429049824465,176.3237299502142,134.85423610659115
42.83839791533585,70.71640331471332,176.4583937074514,137.32423181764796
39.043521513903045,77.92489150874745,175.79214026947227,138.58690573628135
40.20594727190722,80.82351996613374,176.43917085833758,139.3469927813171
35.86587377695031,76.71950531542807,174.460347969101,139.21786387960347
35.80603424120645,65.10961404587812,172.49566405688512,136.99887421716528
36.83464193361796,54.28467994089789,171.5760595843851,135.79829763342457
40.612184680008,41.86350087346182,173.87030690105325,134.35351778306722
43.76761968087743,28.92903202883288,175.4365097104411,133.75640627798916
45.767623311889025,19.824186593399162,175.63564585814692,133.1166041221232
47.65052991405206,14.569199077565628,176.01791777116094,132.31105982090452
48.44640915592572,13.341473956244783,176.12054982276823,131.44238978041938
48.38473206335303,14.678212709505246,176.55149645948603,131.4863190236238
48.84379695600052,20.020785132377483,177.19800934196144,131.92488099550627
45.217844093597336,31.476733929000304,179.17313303094016,132.51230820084461
41.55809112565714,44.26263219975969,180.8029970143059,132.90942569130826
40.814502818864725,59.27711005001717,182.63366768554607,133.7373864184056
39.95782286359494,72.92233722527803,185.89740270003614,136.22180198670713
39.87831278191214,85.22332819883613,187.55723503629144,139.8575767687169
39.66923571185468,88.55204539659869,189.33758895973156,140.79051064406582
36.86803920779073,88.16507993556365,188.89467909997006,142.12282389846087
37.56134843526456,79.3218972458393,187.1290050257826,143.77404447200138
38.81096250150681,65.81929761609675,185.75270765845008,143.08108737467495
42.62362860262853,52.56522373811322,186.74033817898496,141.69353086123283
42.61554214503286,42.67461307915178,184.7163177748556,141.24579023457562
43.243709454533146,36.268875943217296,185.29281859172235,140.83397215567555
42.72195240074032,32.193903348592485,185.56334533358535,140.3466530932162
44.33630396777423,33.1495308011408,185.34274008655672,140.2357853322083
44.67731847821118,38.26642235210993,185.78129817620223,140.30764340458646
44.947289775673354,46.8344688314136,186.08322165727046,141.42867248577403
44.88197848247802,60.25569857492829,187.5877961555874,144.67258537423294
43.459346418537635,70.34022463237248,190.2214429924945,148.43938721747443
42.583855282970575,76.16402920512637,190.98778281758752,149.198140605536
39.60199345603665,78.61881616908303,191.94096598607328,149.69476708655822
39.54677276963827,74.01829716689679,190.65309049867108,150.39318534758354
40.00215257202592,63.79127420428685,188.82529233398213,148.43693197165595
43.13474528786317,53.66797178664514,187.26651969451345,145.24192456328703
43.90466943163335,47.311302055914965,185.56629163955517,143.09251397134162
45.55488850263254,40.687761147332026,184.28633913712895,141.3811864791203
47.50969744534686,37.59785615796741,183.42061029741564,138.82334558657266
49.352527718067094,40.47128568289246,181.4424895488044,137.1180152385048
49.32092442457913,46.592440634903554,179.88302202822874,136.45876941376727
49.16522655699114,57.2560852365159,180.20440565133111,137.5723352367877
48.25726968909156,72.5511251561624,181.02123276870682,141.06670898025837
43.715084665506794,86.15268951562527,182.85183723283802,142.72873834238732
41.966019039010874,90.57949520363618,182.70197682857278,141.605594285854
42.263085064151554,88.54441972918369,180.96643597721263,141.7043268540217
42.697666575188265,79.614774443978,179.05456026669316,141.6685425800727
45.77358352495364,67.1914694778128,177.36638326947565,139.31873184284746
48.8221914881383,56.26509355042529,176.3792418632174,136.86089486095256
53.06262258786266,43.87114134513875,175.88953051978675,134.01537260526587
58.517520064139774,33.4853138877708,173.7866298696007,131.89245812302912
62.809802921141,28.01485925692654,171.04132950212534,129.02794078712242
64.88245853142884,25.53288840464719,168.7348871379797,125.89697187003806
68.55455727417632,28.552339442165497,165.75742511085878,123.20715417229026
72.52977867684598,33.966506493230554,163.9603898792194,121.46871531857323
73.9096429153569,43.89278910880309,162.6695251278598,120.22206706435686
74.73624031579388,53.67917038530611,161.70325645346594,119.35209954003736
74.74183572306669,60.65536743681061,161.55880240859653,118.40930130800004
76.41543771621183,65.98362109443818,159.332116510647,118.81101580976149
78.34752844689947,64.60142687373494,157.29538305971636,118.41371306235573
81.89267958778755,59.24463792974621,155.19740608387892,117.02304481080681
84.72117327322611,50.729349349261895,153.35309633484323,115.43397780673638
87.71600650835092,41.746974302454966,151.0361803376161,114.11109018977895
91.27483798065045,34.84079631390063,148.29759005918524,112.12885140217814
96.31885595412902,28.940692940546498,144.571948921951,109.20154578926727
99.8650484229797,26.12425805575794,141.6443684428678,106.4387112894352
105.35333572581288,29.55051538364404,138.6404081255315,103.98450586446745
106.54775836675273,37.538946432732736,137.66413272413735,102.23244578350197
107.39794611985617,46.13477319098446,136.9661114821898,101.52163867202782
108.35760196104924,58.066622540060145,136.59927525222676,101.05199820141551
107.49940509067048,66.94303560511877,137.52334725140332,102.53480019935003
107.01302950249939,83.83142359229228,136.8586082744328,103.06434823012995
109.91322310041873,90.74633820677661,136.86240217753212,104.92804622284099
107.37340162789668,93.29824751941555,135.75284186024712,107.26758649572594
109.7968520271888,85.65147365047153,135.56098084895535,107.9000719930134
109.45440079129479,71.48130798076913,135.15998384850676,108.54413143605589
112.53334341647361,61.04411900363407,133.90522340741424,106.0717476868348
117.46439231018228,51.73992320194828,132.16695450793637,104.03099988590951
120.64553106333837,42.38890553309409,130.3588623920966,101.55919565452609
123.88926863762981,36.726522838144376,128.22375702882255,98.86425050365403
126.78274967799409,32.942257396939844,125.98089380215893,96.2043935534215
129.67720231941337,32.58796775050817,124.80778746951569,93.95007101561163
131.71350457947128,34.64133162420696,124.44652433047287,92.59915448266106
131.03210740329547,42.11595959455913,124.56723179546488,92.37475301125605
132.09549673017602,51.77817919655507,125.40882357932583,92.91386971546729
133.52055567636808,63.44878420461929,126.55517685355242,94.3347065133037
135.68252962463765,74.76073320711856,126.39903844340245,95.95761751404245
137.707211349531,84.3323460552544,125.8632376729065,98.06833240004616
135.82240596052208,96.28806216260094,125.63961786964077,99.68763138652497
138.4831332633717,92.41196891986952,124.93233000054434,100.64308258527515
137.17335009084127,86.12402962642756,124.7614226460355,101.29221861844815
138.1873324585307,73.65532180171151,123.24996869528266,101.04941652496032
138.30922401304306,64.85008799025664,122.60322164992903,99.2694174578066
139.09013921136432,54.40006186553176,122.22864007931341,97.4904364278374
142.91997732342,43.09083002053182,120.66642317145573,95.35597615238318
146.42136444751682,37.357484049903725,118.38264830909583,92.65658571143722
147.40917848842838,34.54243348514258,116.25973396118425,89.90618223280521
147.44154713786963,34.65884789377151,114.53554017083141,87.31211469751452
149.60475410985407,36.513809139340914,114.26449608083591,85.53184251307736
149.8270729312324,41.161405354140925,114.05315305918917,84.37712249558672
147.71329846748495,49.03136309686317,114.55351244582107,84.73331830774966
149.54764770353225,60.08574483751785,114.62474460345669,85.50333709877916
149.21554445414353,68.74691822249403,113.62773532006864,87.64912234786978
150.87744179950303,78.35384182264396,111.83291540084923,89.50328357042147
150.74496079038306,85.07968610784789,111.8385835052479,91.10145118592669
151.15537322877339,92.1992670930375,110.99713296454603,91.34255769394102
146.8492485684211,90.33281253924488,111.70797695077792,91.21921222388954
150.13080583679795,83.70738092515629,110.311681986473,91.28746589396125
148.14900704452674,76.25394777507503,109.67698292871191,90.49496276358178
151.30075016828516,67.04709821827811,107.77500024412232,89.66807273532993
148.20542878629254,61.94204794403109,107.80114753996794,87.80484621930981
150.20749744522675,54.23524271893101,107.66039613785573,85.32407991474922
150.0466016666548,49.89435369197582,106.93403238722988,83.48994972738762
150.5033309103191,47.4784659586011,105.71458710805213,81.38537675587413
150.20737697696137,46.51834734320607,104.92091288534343,79.79336761634865
152.00473560073206,48.75670762759401,104.3476010962524,78.84785794692579
151.13445329152805,53.636642634335466,103.7933034443052,77.97840217141895
150.097235398855,59.88928772758999,103.24529841467938,77.88480746525659
151.85263347865805,66.8210088305771,102.77112358724186,78.24572000323988
154.79718834187577,71.60839237219122,101.07455307589429,81.19111454873479
154.57557934118392,78.74382858882292,100.2683478118208,82.89679889342548
153.49572397997449,83.84100798265266,99.69505491790672,83.17028220781681
153.5995117027913,83.3574418683468,98.97722896348783,82.95968041905637
153.28918429749325,79.18537747652152,98.08375651959787,82.82052997449647
153.63966085584264,72.50570251112514,97.041739963053,82.83602690846308
150.71321040245934,67.55070614706486,96.87179226371002,81.99141148228676
149.52177707731806,63.73629696035329,96.80537817516198,79.87843145483099
151.23539943474623,58.87798829171844,96.48845736625046,77.89491070005968
151.49550012388315,57.47346405870198,96.4818399461256,75.936668573899
152.99453261952738,58.49283892288949,96.61329513267833,74.59162619244017
152.88902029470194,61.70949026800313,96.69723008818687,73.35246489015235
154.273126284591,67.48867060302808,96.59845122532158,72.86189139051261
154.9638701324038,75.2699661331122,96.82286560546352,72.75666727370373
156.46402949613233,81.81751683090215,95.28395966544389,75.24079046461065
154.33350961507472,94.04146134163193,94.91542417502615,75.48418180814134
153.42585802672698,100.95560029121035,94.66347137790567,74.4316378567384
153.4080662974745,102.54915613496934,93.67262542166151,73.58702685586593
154.96728940059393,99.37153047094336,92.76652576922513,73.2560012712287
155.88745884779996,92.76006197389027,92.29117651314161,73.01899354029823
159.27345358529539,84.11046939065804,91.31348997851943,73.61124091684569
163.45210840875612,77.21377529401522,90.15401863802498,74.09441888216503
166.21623638645826,70.32911663222302,88.71976492947736,74.90018468444816
169.4408764894424,67.74918362214682,87.16381434387047,74.28906557810521
172.61197601232226,66.43687503448263,85.70658167155429,73.00681501089512
176.0099845272023,67.63232070196788,84.20824358924295,71.28625670376428
174.50643154883986,68.20284626017713,83.70402776290207,70.6520844997947
177.91785021017384,69.53943543391173,82.20966353135957,71.03222894437867
174.44348575092488,76.94728894201647,82.21904756689244,71.4125191663284
175.74930318475236,81.29608125268851,82.00216162540015,71.93609352630757
176.31081376698228,87.86767752547925,82.17668672844982,71.84013933064061
176.09189868506888,96.19470820402196,82.63233854322868,69.90181150169239
175.82843739799392,97.57303575237955,82.10277641812934,68.43215348482646
176.15768809810993,93.95695579258185,80.99320840469997,67.43533715472707
176.1218634354717,85.80133441756671,79.74090076357626,67.6972844793423
176.94806450168852,79.33676699795936,78.41804484429267,67.32242704713364
181.29577672897375,72.94196556059964,76.43151798035947,67.34357918485358
181.99733376007038,69.60981313507924,74.70171536030296,66.53427649576378
184.6505562918753,68.48388125729186,72.90738243734864,65.49222831743961
183.83537078212345,68.35587233542276,71.85105168225515,65.19692626400297
185.7412499538857,69.77680937494542,70.90968136973653,65.24585790624062
184.76020907469217,72.70082351567949,70.42802585967567,65.69597777998487
185.86784209368147,77.84186721748324,70.3321915557822,66.04029704599408
183.95900002287257,85.06178499906719,70.78891211440742,65.6678051946792
184.9757387619314,93.12645090965901,70.79008543890207,63.425430542074665
185.62539916947367,95.47222089630105,70.34233677977002,61.30262163835539
183.10950064568473,92.71559400823638,69.92742800917159,60.254168871515986
182.3754641954372,88.40854646630095,69.35543347535574,59.7028148129308
183.23873867315893,84.33630198808355,68.59801652608067,59.20998706556921
182.44624986294957,81.80426118438093,67.26585604682896,58.41067441256794
182.43870388520298,77.9041920983648,66.60592075107854,58.65599538489319
181.5540504058219,78.80983993967615,65.34355380160707,58.93600567341612
180.7921107569332,79.05424742786151,64.3101156040384,59.21782797083383
176.62712957610466,80.82997776146865,63.67525233550745,58.700138341674986
173.80614981904392,82.86556585736147,63.51845525020272,58.198025336534826
171.31615698020522,87.90859265674351,63.58248586119916,56.467324139504186
171.53719588502253,91.63494210340514,62.98018756265866,54.80728023733081
172.70441150813366,93.81457567630895,62.94199116255152,53.31927826448158
176.6826264653412,98.31670756450004,63.55099570400801,52.52454245745975
182.14710901037887,98.67495156233163,64.16142213157181,51.981825008709706
187.16618016457704,100.12863575019492,65.4220488203679,51.86389178122228
192.65002082317102,100.91975421241824,66.07769666577757,51.49900808152996
196.3676546750853,101.71308384327746,67.23642500992263,51.0661746989085
199.25483721391362,102.49399666147637,68.7803096347196,50.70692021615141
202.11442403024688,103.33987237695037,70.19869923066028,50.54763650809619
206.2402172312532,106.39004742004187,71.4235132040138,50.77277403559118
209.7388524394366,107.42087805991855,72.06617494325617,50.88078905970133
211.13184898542332,108.84220934015157,72.40588447083535,50.80560258108344
213.63460662509095,109.73877148420901,72.72827580008163,50.709511221435356
214.0012080555818,109.67613200997954,72.74767688721623,50.78155957132539
213.76669590813972,109.68702702418625,72.9152545952531,50.855871422985494
213.72151381369792,110.12678780434507,72.74874556393135,50.86330768689804
212.25647172481217,109.42728945250703,72.94308574222165,50.69452592244213
211.20257196683673,109.86310727216413,72.65939169928892,50.57636189605821
208.56565635352555,109.1134779835956,72.44849411273985,50.23092573957557
207.01373607101647,108.44148893183012,71.86139835077743,49.77776014536788
206.117515877109,108.21048519032945,70.91282330432722,49.215161519703756
203.2982537093149,108.43684823388284,70.23730316436004,48.82743287466367
199.63526161720472,108.1147327509502,69.48616370661264,48.18650949787759
197.08602978336438,107.41114646997372,68.82975219118781,47.63529909569632
192.65596795321935,106.07805350079468,68.41467691501549,47.18881580454696
189.31004896374867,105.6189348210067,67.7951712240655,46.86340952265103
184.58774241306259,104.21898302304587,66.66436394579898,46.42749687826205
181.06592372679876,103.77925596945975,65.23486918484278,46.029435335638745
177.39646553396256,101.5318336136553,64.13042619551518,45.52634522897983
175.1117712432195,100.12603622971642,63.332334022148984,45.14793278707974
171.69570147373864,98.7692991045173,62.51748087770004,44.82661723683405
169.4200971213793,97.2660513369328,61.39004492528369,44.54959851075732
166.20604602967148,96.34553667209356,60.46778242364073,44.31021282998355
165.53810125820948,95.77084543907179,59.49367178536663,43.90384337628068
165.19118437195428,95.01008334641404,58.64137883458755,43.518776265400206
163.21912369280705,95.2025434628871,58.00507874512809,43.244568799101415
163.47245090508966,95.05672194024368,57.19675227914674,42.83222263664368
162.90298102652258,95.43390821321762,56.719691383967664,42.55903299374718
162.30556201322062,95.33262940290464,56.224667397708416,42.23878760581677
162.27937410954058,95.2690844796673,56.053252380655174,41.996794256366684
162.94771338261722,96.1494779335374,55.609299182974475,41.73987533244455
161.41823262928335,96.21859165467535,55.541162606146116,41.4931485122027
163.1012814083167,96.54390551101321,54.992778785567225,41.20698323477252
161.48581071270164,96.92084427791917,54.964546783547846,41.04574079608007
164.10832407169107,96.98773835391471,54.66197106578261,40.97051935593199
162.43826230755752,97.56175501034456,54.72732266526247,40.841801881886084
163.60513928673822,98.04213645355816,54.81175346413377,40.84943792410114
163.60333099959084,98.60386237723178,54.79936025691886,40.83749098913032
164.76729725579992,98.7741238211145,54.749291485421764,40.933605055910846
166.11226187330251,100.19945362235435,54.736930209248314,40.9572523706217
168.9074389100285,101.17552361669662,54.70090553109054,41.03985974407399
169.01909087887515,102.1839915193798,54.81320182051478,41.10236286349707
171.17378802014076,103.234175698423,55.066591256092714,41.35323895502616
170.57313722119383,104.40169325892018,55.317016320001414,41.33769879672405
172.76241676947205,105.72434588230567,55.50970432427502,41.457653531108456
174.4850127065271,108.61408756885253,55.490419346756156,41.81828065072104
176.46747945539957,109.51535988463591,55.53463110886836,41.767120754261704
178.60672163280896,111.89665747483228,55.39946922185359,41.82976618589899
180.20488589699025,113.09614523808746,55.26472540456582,41.500692364176835
181.85689111621627,115.72414674153728,55.31063333159226,41.42542542218809
182.6033642783653,117.40366230707808,55.30948898445185,41.11613746661308
185.32146804991046,119.48605585101342,54.98323484483437,40.83782618021029
187.16396727012196,121.43070427191114,54.56802729224405,40.65780839877864
189.05273756381425,121.85023056806436,54.01116241172286,40.430647135760665
190.1033583028964,123.29693307063839,53.69233536989891,40.348537163113825
193.44975034265022,125.12407054710543,53.445078843949624,40.0562011635794
195.21796057464644,126.88333265844608,52.93023216192432,39.96747220609587
196.08428946296664,127.65600345376888,52.55974639284469,39.80319205019606
198.48260563946354,128.9863603096301,52.030152862024934,39.73843275665596
200.74502106234576,129.42463284314601,51.53571943142163,39.41971891740356
200.3777082646286,130.35022205805456,51.387208396797604,38.92414084464215
202.50814677569582,130.0761829994174,50.89834885360611,38.5732171251397
204.68959775203916,129.01952656305443,50.30480148275228,38.2439812460346
206.04379789021186,127.68727534907968,49.887519828233074,37.95397274678376
207.89070784140623,127.53937727629443,49.63275465339863,37.69658205849577
209.13777534160258,127.10807993356636,49.34752368094478,37.44068414064992
211.30454112191765,126.84609510847218,49.219800759841,37.16388344848827
212.80682769777735,126.37787407539014,48.80145073357939,36.7149034040948
214.11152137864403,125.70974233288324,48.362439195820606,36.33492111865419
215.74399263079883,126.1172453599161,47.93692940788067,35.94659559966652
216.50399398105256,126.5755676622588,47.43522163783124,35.55718805266696
218.0835568341912,127.61747502741356,46.94746262314336,35.26605287062099
218.43519202998226,127.83980173330576,46.57379182067063,34.906112292002724
220.21586485056147,128.23525782874864,46.06584383499928,34.739560006836726
220.42365855339315,128.9304315078176,45.69355746777997,34.36640489322855
220.54131742000803,129.2099183632221,45.335473962505546,34.00422448531316
221.91663315699128,131.24738156920233,44.82092981077416,33.685479790271614
222.81022137474355,131.3278331819052,44.59052346155805,33.40691014154513
222.55236961371426,130.60666604472235,44.52400189931181,32.979741990717045
223.46658473537838,131.45347479712746,44.218998546356815,32.887841957983234
223.68061791910873,130.56080111024173,44.03025662938898,32.70566039250758
223.75921950643416,129.47479953917784,43.8800942366384,32.48264781808262
224.45782923662134,129.72356944005443,43.71054592265689,32.27583849270882
225.2995372371047,128.6417114940353,43.353776130453284,32.10381763319072
226.0883028559849,128.1983498732577,43.2566346069339,31.9547259934211
226.1346110703239,126.58805442485469,43.083565341205954,31.880539735304676
226.94154172023582,124.18317017055007,42.739159951111134,31.85389724461581
227.74916335949356,122.54929829333119,42.418558882602326,31.844912607406222
228.11853556656072,122.15024732271314,42.353776644314095,31.692507205826942
228.73515837542325,121.2441953512973,42.18320960210478,31.582855357948176
229.08104755458743,120.4932232748132,42.04470444476524,31.524842841108907
228.42882199608792,120.83835054455785,41.891686336834425,31.476081204852203
229.3616949653644,120.71078685223347,41.75970182806819,31.344992336458752
229.49854978421968,122.27293476577832,41.52336813595546,31.210085452087554
228.83783172145542,122.5910677381082,41.511153434076164,31.108370055027603
228.4282790070044,122.34322450913317,41.462420897489764,30.999917602207226
227.72830113604522,123.0574008002978,41.54839260296253,30.90149389484745
226.89997243115022,122.98461875769335,41.15952207772444,30.734920435901223
227.57851579897687,123.7804534874501,40.95902926087152,30.66982022363352
228.24363768389054,124.77483462833948,40.879961013848416,30.547991883695886
229.50291386673857,125.11401055384619,40.55765384163378,30.507145504388845
230.95399905395143,125.03965821900857,40.47107504092325,30.64295948964569
231.01548191726167,124.85950427957144,40.60113189564171,30.666053584063704
231.8627040555149,125.33945447667678,40.37188935463171,30.793232357219075
229.63624345658997,124.96670405835707,40.490662145499186,30.74244988916719
227.1618774896903,125.13881322264623,40.49231775865028,30.79263767063712
224.79646379164592,124.30170593394683,40.29579511048858,30.659865796886947
221.74154402231292,124.93482679163307,40.0199220255584,30.634797587297562
218.38839533447697,125.24884691327728,39.474361166824764,30.472380722762797
215.43994877235963,124.61772184075348,38.94074663114739,30.455256745190773
212.62411786538763,124.37467851251971,38.65603614589702,30.356187854993124
210.2571957181502,124.41302763340316,38.46386172546709,30.192207708111557
208.20168230262357,123.82179162563736,38.19142135910212,30.016355315111973
206.39917121088257,124.48019493890487,37.66744764719837,29.98775693480804
205.38715864279644,125.02109011300624,37.49099208383149,29.695047027603387
203.80396976138562,124.77623334580349,37.17869901115813,29.400308600491527
202.9773358273137,124.59721595721498,37.266906859808856,29.045065024454303
202.6768377503318,124.65588437676234,37.227108617372195,28.838109770719132
202.5761946923996,125.10044875680381,37.286979137228286,28.68207313986671
202.69723874991132,125.57937448899624,37.367533348559846,28.67875268944747
202.94798145568228,125.40491244444578,37.475004512411594,28.65824036549866
202.36397383927346,125.11942865640273,37.384028742192726,28.45678103833695
202.93851752676431,125.25079918134573,37.326011542381956,28.510687220029784
204.20791171873205,125.46095953477578,37.40305429514997,28.634903699792275
204.20384480728848,125.28921629557657,37.504901327070094,28.565715751158244
205.25484750148968,124.574694492287,37.542251359733974,28.55294064359556
206.10576024362635,124.53487075221315,37.5748299625273,28.56437346137016
205.9988438125401,124.0659596029804,37.693565335044816,28.580297394814913
206.2937376114474,124.14386724148659,37.95120921811474,28.657666291505723
207.06401144160887,123.75156388420817,37.919780233977406,28.82735304556376
207.9802925726564,124.18529610086476,38.19354407509282,28.969542895774133
209.63347866653098,125.25040520789081,38.558638237899075,29.03659674402369
210.7703592912174,127.97367640297107,38.77568571388325,29.04273494163173
210.64262165601332,130.44064933726705,39.43916327144088,29.13393174271748
210.809585590455,132.5037600404736,39.839554314586785,29.247091649628402
210.165866916315,134.74195435558556,40.503910276777475,29.258065881037716
209.88577808682487,137.5968902971857,40.88570123262413,29.2817269034161
208.86274591963777,138.52892879538928,40.83561373823244,29.369435948268666
208.42502336997026,139.96756430151592,40.78670154253114,29.489132728526393
208.83596306091366,141.14867963481217,40.71411656085949,29.43135305070341
208.01948705927703,141.9962222034452,40.61726094885262,29.23382507667588
209.40793217390765,141.0655041985317,40.747364585558145,29.184912671128142
209.45964415943428,141.06853788065527,41.03578312878143,29.224508667387276
210.81195354488958,141.35925422064153,41.31231760761142,29.38734327228491
212.11977904124404,141.09794800129814,41.593166963947255,29.606332481706463
212.97269363691504,141.7469495562171,41.83057603096712,29.706790832935756
213.45691674237293,141.17273384436578,41.86761440104496,29.742166908242115
215.17347575775398,141.95491294873773,42.14438649746491,29.876283345112835
215.49230584566905,141.53369152455116,42.40027171081017,29.93122158008648
215.6219928916515,141.08213974017596,42.703352617338446,30.031834854857216
217.8054114885998,139.95775024797655,43.07560920395944,30.279661357032495
217.99971459678542,140.68741893161177,43.52489778491331,30.57385937966226
218.16930454906839,142.04038036059274,44.01967859230343,31.0905319749627
218.42860689425638,144.7297455600065,44.763832991397365,31.5442300314879
217.85918156595582,149.39375706178564,45.36895254505504,31.914252758520497
216.14527421961589,157.9681862484132,45.789996865344186,32.15898721973801
213.93443028090752,171.12337581492673,45.44776348192713,32.91706282914259
