123.5,87.5,132,176
120.70203130428044,85.60584320721564,131.32058729759757,177.0973295748723
123.0481971926915,86.37926764123097,130.51641479583037,177.74846039548606
124.15038647145926,86.20950978995816,129.6388045173705,177.53227430579153
125.25894918775067,86.11038955155651,128.99710947800665,177.3123998224012
125.80178538024572,85.78753226258391,128.2093712377519,177.19677473588717
126.86609324888667,85.83481032462714,127.42552700487217,177.430020644033
128.40571211677246,85.874952778166,127.32493077911033,177.84106469165192
130.3432955212345,85.85909371099876,127.57734413604928,177.94907852218535
131.01651305299163,85.22929015146653,127.79225286163566,178.2543817209808
132.34931257591464,85.29216233820418,127.72912612108752,178.94893059520524
133.62734672601152,84.24229507070922,127.58075692901753,178.86144479518845
135.49099140263283,84.5401833924716,127.43607341455055,179.55624496726884
137.4829005355013,83.78460699700874,127.5288104008888,179.90389136953033
138.2789347421735,83.00929751748464,128.05598012574325,179.80526852350192
140.11955087712644,83.61339399581543,128.02014170425656,179.92518673856276
140.9597712580965,82.1824608474416,128.29502261189498,179.17586676936497
140.98403532106894,83.0629706043826,128.32941345772707,179.7219427831319
142.4431998259669,82.9713273147315,128.8933530197848,179.83788737911578
143.18941031140366,81.82602916117602,129.47290131961748,179.95426670052422
143.0428438307328,81.41845708241905,129.57708333999258,180.11669839370558
143.14158733437466,81.34220558468218,129.72484407822276,180.07329482458601
140.94047897021295,80.78004010804776,130.5745393393373,180.52496882452004
140.1231560186391,81.12343681628138,131.29860818369292,181.1875723520988
135.94810754496285,79.57568711101852,132.43041051053146,182.0798888269098
132.8975108247833,79.55957481371436,133.27873339119824,182.81942558820896
130.97088792743833,79.89715967419819,133.76457281763254,183.10582320952264
129.84186372809256,79.58955996489516,133.88702827885461,182.93073990184087
128.201853175658,78.80110991233285,134.24126074274778,183.22660470289597
127.8071338948755,80.07897246326533,134.56145971176056,183.83999633648938
126.86402897418927,78.97960928648217,134.70667867598155,184.2062784990767
126.35173365947959,78.68487015511167,134.99753970449453,184.54576960661865
126.43440437973418,78.97460434840725,135.21813774285957,184.63218714532044
127.05063684880265,78.7644464450098,135.32506582439882,184.4857403855489
127.58635789509219,79.38891662792796,135.37029207536375,183.96761954304708
128.8846834405725,79.8864506672157,135.64441716085577,183.80337190571763
130.3576044773641,80.2642040031989,136.02284628935996,184.08350690397828
130.7034853842888,79.60729075117393,136.1924812054567,184.25297977986963
131.1641287582758,80.30694259431458,136.21669661946237,185.3742015490632
131.0809816007626,79.1273833036725,136.2632747297859,185.89354254150305
131.10866892360045,78.61534547705145,136.4930858384094,186.82519310914097
131.6857456300831,78.16068268146878,136.6272131509232,188.12063329762685
131.78829411823122,78.07822590885768,136.99547757141653,189.28779417637568
131.78341293843172,77.74328448198517,137.41251235928968,190.5194797749861
132.64439814033676,77.7682243849687,137.72575733328722,191.42399210416232
132.24369021108623,78.00142415611721,137.9860976045156,192.4858274013047
130.50976089037903,76.07163904119689,139.30729687169298,191.69316260001742
132.53709403625203,77.27196978396864,138.7934957628236,191.69461741314944
131.30283947877498,75.00416645696093,139.95620205566462,190.68665307183406
131.25031898493665,77.09900092275035,141.06602166692218,188.8715247076533
131.16040785241117,76.60929386461444,141.62216843658706,188.55254247497186
132.6196454460231,78.2709817729693,141.89883528007914,188.63156858239546
133.03184936489774,75.03406092278978,141.80865611292694,188.25475901856382
134.80198041767034,77.12747792799883,141.90533806293902,187.45879915556088
135.23906314507744,75.42937206550171,141.86454257844645,187.27888621243378
135.78184301255234,75.7950615961557,142.05717643652184,187.20924417590987
136.29427570307294,75.94831741471022,142.4605649445645,187.28357871137203
136.24844268478267,74.93562339595663,142.5489456520546,187.87809776561048
136.75215634737944,75.59981308145612,142.53571557627362,187.57859899077238
136.5747234312379,75.31009619594626,142.75740992468235,187.44207059023753
136.72284569068003,75.14334183671595,142.92312879114166,187.26552054805515
135.76122395778447,74.91041555803622,143.16478599136883,187.65906028098652
134.6865759223909,74.38014009697048,143.3292713522027,187.68335775081698
133.62823789627168,74.15624885089666,143.51829814487382,187.47956652537047
132.6331698287219,75.51581206371172,143.69184850078335,187.71238182833227
132.7001066138381,75.78223236260152,143.24853983118757,187.94368284975815
131.79335453737966,74.44588301601445,143.15799279945026,187.97564782406022
130.5773522565036,75.53789954113685,143.28578073789612,187.8198244600947
130.31887283132346,75.49031965770646,142.82191559457348,188.08652013613136
130.14131749167305,75.33715875737244,142.40184736457257,187.93785488769663
130.2060013794624,75.96062243216491,141.98077949405558,187.839588317111
129.7253926894757,75.19749972345727,141.72710174482515,187.95520183946098
129.9492262416186,75.06995080864344,141.60695474280192,187.90166377860479
130.18590643138646,74.79502408778023,141.3608781092703,188.25173624951935
130.39799493433816,74.25143294293629,141.27558167210964,187.9681616746595
130.01564771979716,73.54726759090869,141.63945843871414,187.5482044196159
130.4758438369152,74.81770320063568,142.16904455607107,187.68082086343097
129.82373406737622,75.20245492260094,143.4838431605688,188.1396362299634
129.82977188265818,74.355989142337,145.03803335146173,188.03842184875697
129.5081924113876,76.06570883256327,146.66648645723,187.48670235699154
129.97346571192372,75.65949443935773,147.95697080670405,187.46055935652214
129.6574894995714,76.48711954309118,148.60737204988368,187.51138875129675
130.37586220383895,75.80449419906864,149.87460994823334,187.4609403150056
130.7431283303402,76.89527811480644,150.545172914843,187.43185213212007
130.84779690894217,78.14068049862412,150.2945579131802,187.63834255338853
132.07127272345213,78.58414530234808,150.56400857641188,187.92181559200537
131.60943203605905,79.55798690026965,150.58744404627552,188.5776539816267
132.13426533423072,80.09982474117152,150.81673708185207,188.40640256616132
132.6486939302521,80.8193766016544,150.67701852878253,188.61042569055536
133.89777127329103,80.33097531011713,151.29365833542627,189.08044621872878
134.69096369348802,80.93199727189386,151.4757763264913,188.99881810194563
135.4116697498115,80.40117928958242,151.07798897256473,189.15217524366966
136.4470563549022,81.76930893109818,150.96495440030756,188.4481644576474
137.31611798465246,82.02750725956949,150.5158948328999,188.39576555217917
137.91390341514403,82.86845492340449,150.68224563996944,187.62620520308965
138.1392855628627,82.6950319908988,150.6410564492455,188.20089916578303
138.8767327545063,82.34840964145943,150.36052685210643,188.63916574433478
139.15579969049708,82.86140307616384,150.19083573487035,189.169452692942
138.90761101893486,82.6180485045604,149.52128185317179,189.2191997978703
138.80458711646287,82.38121106528267,149.33465664252128,190.3490210239485
138.54410498882987,81.73233906672813,148.93518248893565,190.38523581382796
138.49067220729668,81.54104039515482,148.62421898548706,190.0965452627256
138.73056053687512,81.12346043786681,148.61339036276246,190.2000452284758
138.594338503647,80.29412859635644,148.2849700784229,189.6707428031744
139.60547318342935,80.50160408012094,147.83164147756338,189.21314983830806
140.24347836963415,80.84645063062575,147.1929361264398,189.76702134301132
141.08418940991325,80.34583408643266,146.39684412686762,189.91999265781124
141.65623624018414,78.82189582550251,145.51020808027084,189.3028773240502
143.85694663753446,79.89388748738877,144.1908080451527,188.77871387980954
143.66788023455288,78.68362799074094,143.67106637659043,187.66898971476473
147.04399870563807,78.32796830805606,142.1277298860802,186.97492906952965
147.41212463832488,78.8423919203525,141.92046018318214,185.48223450578348
149.60501045031026,78.34688935918206,141.12600812021608,185.15502187376035
150.78884091691884,79.30194766472923,141.13609066958858,183.6075777406266
152.63368512051005,78.49935955991964,140.96514577742082,182.05468886960307
154.47823866453928,80.26585467656979,141.16570810769733,180.67461959768278
157.55017986269218,79.72850399657273,140.9509734317285,179.90929672481252
159.8574090454807,79.64240334368614,141.24127304268342,178.7245575226969
162.66608449380078,79.13716970804137,141.43250254460278,178.0032982667724
166.91598516305226,79.88235328038459,141.18766221989384,177.42915584017982
169.54177459740902,78.72020123215708,140.51002791981435,176.17486787463838
173.5212040978625,78.40105741713211,140.32687473326894,176.33897975347907
178.3114039584036,77.52522571476288,140.15145376432298,175.29740690257177
182.0533622532633,77.18853435060736,139.9561872104617,174.68221755790003
185.8063366318184,75.34689338829216,139.73881505628734,174.13652132548697
191.22344764117224,74.35398364339439,139.67989115617095,173.58064688942497
194.89136447446958,73.9085279868947,139.2474560033702,172.81667159906894
199.1969582697129,71.69710024931506,138.33959892969875,171.72008785379975
203.4722823903889,71.00124890667769,138.12856364916217,170.5144785655027
207.70714442323796,70.1553820225284,137.73096024996795,169.70409207737734
213.05289907469574,68.19893636766979,137.84961158395424,169.29389044962508
217.65644345940888,68.94849190496103,138.01198482777264,168.50321830793825
221.93315874443581,67.06688305229969,137.88034151968162,168.10053530601607
226.26314578231205,69.45650025079306,137.55087853706877,168.0633439273704
229.55679098595158,67.32182391876891,137.10919512441868,167.46011987785667
234.9676667064216,69.3405595717393,135.40043978485804,167.3660909165814
238.0091343961621,69.08423614801407,133.4144411081053,167.88784453605234
243.97056851271475,69.1735307912267,131.556306380249,168.08754393590257
249.6285211788995,71.09272587533383,131.06077553671008,168.43071762190584
252.67729493947934,69.68374445040942,131.99521568263415,168.4824217551714
256.53924518492215,71.94316548200901,132.96948776102337,169.32697013768146
259.57540781127153,71.10185299684571,134.16830022271063,170.07456661460367
264.28987706377427,72.86042915006243,134.7184342885059,170.91890265045538
268.11914975295826,72.20708258336708,135.51849563010867,170.19937593902796
274.28779259022014,73.37298053277009,135.29126492537247,169.7428488571699
279.96945924476813,73.65487494123005,135.48144800421596,169.29252849353804
286.1579767279407,75.0320769959821,134.9977235847458,170.08390909587172
292.04525561566777,75.1959025797388,134.69695979275122,169.3137238690722
296.9966186955745,77.29944838721394,134.3014786967194,168.88574983835042
302.14133845652754,78.03227096827213,133.80883311249647,167.9986892876499
308.8665179404249,79.1081129196594,133.30087030864215,166.92963566155535
313.5701519423182,78.87559032471347,134.34658520738242,166.9423800942775
323.72511823107465,80.63217134352985,133.74811274339493,167.18832779213363
328.20219485052996,79.38358271651042,135.03747261178404,167.30390156678712
334.80235768604103,78.62504443339225,135.5068466096462,167.39398392850228
342.23559789346484,79.92825483710325,135.2442947607776,167.2970328686236
348.75740868682715,78.99269417837061,135.44150359550073,166.88387650855287
356.20457747865845,78.7982056891916,135.54852309039038,166.22587072171314
362.6627796604437,78.89978482149387,135.54747631654166,166.02884904027295
370.1405357308394,78.14833450319907,135.82689516787661,165.42546434322912
374.3128378075268,77.85674763873605,135.40132358820176,166.14851506366554
380.52024534066334,76.72296089359504,135.05433193196285,166.18713161615764
386.2314423618286,76.48941053958637,135.4241770787803,166.3438767502824
391.46174385963434,75.66227153691607,135.25288358481683,166.2844873628923
396.93194062502334,74.72535612235663,135.37454278078445,165.68966117525702
400.49284518891005,75.19662549926299,135.51759380620922,165.87934435862385
404.25010341186726,74.78200930372573,135.44473585715144,166.33547855509923
406.81912297766945,75.52426491172137,134.25312740868313,166.28890877110715
410.49979414612596,76.29424033686865,134.1305560335315,166.8856752403011
412.657257514037,75.28986355100389,133.9689415039778,166.41521009064087
414.37489774770637,76.81075110828967,133.3689712573574,166.18485517832457
416.1904432765336,78.6034052308946,133.47216412380578,166.06097915166634
418.65175047381103,80.89543643810374,133.48424068155197,166.18974537341748
420.3498851726887,82.27160769690838,133.78979594886613,165.95550001805492
421.2130294649607,84.6420311116332,133.38108949475426,165.5207344836187
422.83358363652815,86.0409872889635,132.98118436435738,165.3122641436523
423.53486231798234,87.10603188251213,133.07072151820321,165.33443883633106
422.75081424622647,86.78073125231163,133.07854937882468,165.1067353172025
422.27988833815726,89.34272057613433,133.3554343732925,165.41062169793844
422.2564105126581,87.82938424111572,133.70489578567583,164.78974879188007
419.8570277116031,89.30384828174725,133.8969318803395,165.46553603883356
418.9879230166117,87.87255116057709,134.59235240714025,164.97240880748004
415.6936424298082,89.85784739997983,134.6384817493873,165.78848844400048
412.57885782536175,90.06588762905403,134.07269706881496,165.66292260401042
411.6323049922588,89.3260703789532,134.52080172889436,165.4686475592673
409.00857007658027,89.41068319729632,134.44227420765142,165.53331633033025
407.6315206385481,89.17025070508578,134.9543155218413,164.9921931612937
405.69932608735775,88.57666233752607,134.70412494664023,165.0150336918843
403.9804614693479,88.19943532500382,134.67834748405153,165.2222614071525
403.05824829726447,88.65341610083038,134.50347599000733,165.31820956256877
401.8645821669429,89.3824101086179,134.51524915908254,165.4433359325986
399.56263762622666,87.96959541550896,134.44779300659775,165.1871357709344
398.0377905115265,88.30392874209247,134.38262717816727,165.40717544425206
396.8268495891891,89.02226764902568,134.22744021714738,165.88107945754933
394.6765137760787,88.40415794762471,134.3814796488492,165.40074386099977
394.24401575030663,89.83290275556872,134.05820298577845,165.8340169079993
394.3468678374109,90.18839371410922,133.67679905602054,166.57443610538212
392.83487149167377,89.86515383936946,133.50521126501184,167.12490377663605
392.4430847244385,90.85855885195497,133.1806365822812,168.04299382547015
391.6081741018835,92.82008259680279,132.6505893867631,169.54669651887997
390.62159396959566,93.61658111816588,132.12208882751685,170.89558423224204
388.94007485523366,94.86786856237883,131.90139397442323,172.66374746866356
387.3841282665806,98.03098040015016,131.9996884712331,174.73397955789142
384.44813744678163,101.31045063117897,132.57619462789037,178.66919402594854
380.139517839803,99.87083926003805,134.49301680006906,178.00737992397683
376.4850007166895,111.67329024632971,134.58224532882772,180.91260787998237
371.08894002766107,111.42177522211804,136.06196684268787,181.84825952664943
366.7138282612101,115.8642647742714,137.28485568549587,181.2172972985634
362.9143230720984,117.81580170650405,138.30960010684058,181.35423817790306
360.3453316550645,119.31347972971307,140.0411324308833,182.05075353613285
360.4865116504926,124.87303881000868,139.80822001374847,183.02086495928185
363.09866781127243,128.55812740887353,138.68356141304452,182.7742987349103
367.0257090726304,132.17008829511295,135.45538821878938,182.12849194885115
361.98972102489245,133.04316817511824,134.24917656249517,180.97938893532344
358.41111307596407,137.26064050735584,134.47272718477828,179.37347001624008
355.1506137836695,139.9472751133678,135.56610488161107,177.81116491172958
356.28470779754304,141.54348164068782,134.3785223607609,179.16376671533538
357.032588513933,142.4118277209828,133.53704772979614,179.61610448676748
355.9369923975784,144.51382757081166,133.54127878849397,177.9260913746342
356.7414197207935,145.93687517618565,132.80566783160083,176.04520028356853
354.8815793117785,148.7075651997526,133.1043920379975,175.18046027015657
354.7646772979838,150.83797340966288,133.1748413558425,173.95565912247648
355.5566421389798,152.73578247486242,131.91879643732983,172.58295525866373
355.25767989102593,155.5169805812369,131.37173489979784,170.69995996678267
355.1859065247065,157.7798502258267,130.85885871936213,169.70831024288017
354.9266628082847,160.508879827372,130.65039270534078,169.46292088918534
355.91189335911315,162.18965677143103,130.42388995768016,169.23191047144996
356.1637520145091,164.06162135806017,130.2464285644374,168.90469525120992
356.8595548440147,164.31200720584783,130.13535264289862,169.0723995411616
356.1899088035832,167.2675236691403,130.36174375139535,168.8267375557388
357.7145516541751,168.41825947002934,129.59283543821195,168.0731091718104
356.6258332525603,171.14348061427512,129.29574845871153,168.24574952110575
357.5011409242395,171.514287633217,128.70217323452428,167.7402548876571
357.77786897029375,171.98788851547732,128.75663826592046,167.6960613457164
356.62963250090274,172.59015316602773,129.17248142679415,167.83079262277113
356.1786546837793,172.18834573619648,129.14724955865682,166.74615057497053
356.2629281440985,173.0775728061152,129.10337750213165,166.05139840332615
355.77020549931274,172.59771858765873,129.15325529349616,165.54766320334485
356.14281738261843,175.46120562056652,129.1913910544727,165.21771806056398
354.6505630257256,173.29133316468346,129.57371070423244,164.7179205834141
353.72795885435164,174.84690507020878,129.808364351851,164.65991955838945
352.78825730376286,174.67073774966082,130.12794346316042,164.5855439514919
351.21435044115657,174.6944995706263,130.21736299472363,165.27378117715656
350.4361728899163,174.9875007619621,130.43549416303057,165.97816141815747
348.4086260391818,173.11910220145012,130.62124792156746,166.35596381681515
348.1313778080022,172.18290284157013,130.48500755369218,166.40912232413464
347.0247093270526,170.84934616408702,130.68456129911482,167.0780636343468
346.0356385619228,168.97680072484238,130.75281396581101,167.40928084035073
345.71619896124486,167.44086430837692,131.18736598618526,167.4496819440031
344.2170036376769,165.94924114807202,131.21447844270836,167.7610096340129
344.1231275917265,165.0821918485335,131.47021416937912,168.83174710094497
342.9616696911918,164.2702210706825,131.62796311559006,169.02494686969018
342.75749102741565,162.5416935450854,131.79508710919703,169.40577163333256
341.2119450167391,161.75276456430737,132.02611796187955,169.4844763384723
339.72276124753216,159.77667931971155,132.47781266017506,170.07684696575598
338.46447258364094,159.16177398044178,132.87076542474023,169.93720624067765
336.06332003635185,158.32508443663744,133.74235877310264,170.69012140864675
333.7371046415574,157.02400037583374,134.4142762284173,171.24612167975974
331.33664504155934,156.02825026594718,135.07925392298122,172.25227266161403
328.6381141670412,156.82276097369635,135.69329088411473,172.68289336075495
326.1155933427623,155.58870893190155,136.2485711801334,174.17974488372903
322.62463122621284,156.34256316255176,136.81216522066637,174.5661728512616
318.34361145486383,156.9738493562608,137.50674785037006,175.3799938297035
315.5234193809547,157.35386206981187,137.7746196576427,176.8678576829206
311.40561045867685,157.69194291640775,137.6064212790538,178.42713076031293
308.3062964717892,157.36936514524734,138.1332653287264,179.6040984340386
304.2080408083662,157.60252918229946,138.7516931404051,181.26926821988923
300.7215667426975,157.91316333808493,139.31574816337454,183.14134946047287
297.9879880526645,159.2164316869987,140.13855453788642,184.42497427692754
292.9904309902283,158.8411934863871,140.83599257633304,185.51464050559287
289.86578620185514,160.10352019016943,141.5171292485689,186.21451040392114
286.56388719154774,160.10127343006184,141.55008309575223,186.70681551933785
283.60638324063814,159.0419830214421,142.08015085017155,186.307817257903
277.45811760618426,158.48318817056867,143.17972643823214,187.20792168080504
273.9440831360327,157.28105436138105,143.80362057384778,187.86324418218348
268.803886507504,155.78297045686458,144.7659148089936,188.76361898241217
261.315492893855,154.1622301453531,146.19631531754158,190.0525722016036
256.25042541175355,151.86044579410446,147.09881012976683,191.01251755205013
250.21869753877414,151.5534945337485,147.89986238756654,191.1582493703046
244.71778281658976,150.29178152031253,148.6836170333513,191.89789017321567
239.45103776282326,147.6842506326904,149.2519019483184,191.79149599295454
235.17342651834718,145.19915827880624,149.9742148532251,192.3963719391262
230.86460238003818,143.52634846085178,150.49680087398377,192.74847942140963
228.03950907357802,142.24059966692863,150.6447754393272,192.72071858640436
224.63926130792578,138.59643335861088,150.85349698381526,193.1551517241275
220.3248230880403,136.5370337522782,151.26000899792706,193.6659117960916
217.4726062139461,133.8402992048473,151.92101957030366,193.45837915145142
214.3730027881349,129.44222889484314,152.2481713682151,194.58479626071752
209.83204359612512,126.8086171087278,152.8418981476204,195.665556000093
206.21648510553118,124.41948971941835,153.14875641985446,195.9763863860117
203.2852936290911,121.66005426172013,153.94981811418972,196.80616895683417
200.54587389216337,120.1259431978535,154.62865596679882,197.99942720498217
197.60505883006374,118.35316597686452,155.21310591521683,198.19968431038177
196.14871245478557,116.14102265224547,155.9274284474962,198.43058869643627
194.20627964158274,114.29515081667044,156.32588727077078,199.02474859683437
192.43616771134248,112.16844210752204,157.18446192318245,199.5962056708166
190.38711729114664,110.51247698879943,157.80156448590992,200.54412605108408
187.8445024722857,108.35100471962001,158.07411292551166,201.44925776519366
186.48024620696933,107.78654519893236,158.8442825463315,201.66396243393407
183.9403244583594,106.02769805393086,159.2351387884549,202.4468683061209
182.80870020273557,107.16601537149614,159.01495834462446,203.3158263605045
181.36888383464913,105.21331250332271,159.61649655069175,203.2635273143654
179.47119103548383,105.67736230713456,159.32343839291883,203.89451855947914
176.72647155526562,104.16700273638212,158.95985334746536,203.24602249865248
175.3325674317304,103.77320403086043,158.3071794549484,203.52684810679364
173.24152574801678,103.71348692037262,158.04435563396007,204.20226152002618
171.12969163010268,102.76348166966294,157.7799772236701,203.14242314067772
168.79621126272676,102.31242585795869,158.07570068043736,203.43570371607444
166.7941087885555,101.30511958437661,157.89203989467956,203.13403828243415
165.055490299387,99.80113553320405,156.89238440170305,202.15168474857933
163.59971554487714,99.66318578057873,156.51099424778943,203.21705397276307
162.04871602869918,97.07343832661552,156.21015242740796,203.53714717780863
160.04853655997874,95.57899663236292,156.02256123057143,203.14822032652197
159.27464367004237,95.70513087967112,155.7858410471187,202.24804856833669
158.57593547710843,95.83663949373368,155.02951011281138,200.61678859958045
156.26917648595548,94.92323199488496,154.5359562185914,199.69370778619697
155.55202992302713,95.38288429187476,153.18069164905933,198.01338968437435
154.43904077429306,95.08667964642244,152.84166273674967,196.04374577169622
153.0412616007649,94.84028723344368,152.16930387990277,194.77130912109888
151.9053117498534,94.57988513272872,151.23451565447968,192.73119618347545
150.78610999977428,95.61088480182687,150.48172657536853,192.2808414709429
148.88770838475256,93.81483927037797,149.89557187007873,190.29565201244787
148.3467379862082,94.11185784573942,149.53529233692902,191.1400991728288
148.05329202176023,92.60833145793383,149.36217181799103,191.6568431868433
148.22164580697319,91.73368958447112,149.00984438380905,191.9654784972224
147.58667137093107,89.41413669502325,149.38453172978552,191.50034195128904
147.57931471662084,89.12447913185014,149.52998501040133,191.17974567397926
147.16971946794467,87.2079923498625,149.7816131660636,190.1494761349272
147.10660324310487,87.21154497865896,149.67405822813376,189.92674363917985
146.23743016185486,84.55078328288336,149.7018073523647,188.51614508630357
145.7805655150484,85.06808589569872,149.44193287286055,188.27912797064295
145.10093167845582,84.21152733737766,149.18859652401966,187.24482239212514
144.20200859192087,85.30542758635048,148.79019559625948,186.4955374381172
143.76493571914924,85.01495680318148,148.1463440769407,185.50263063771783
143.08403265068182,86.57908086933466,147.36402165285563,184.7370381450599
142.5312251266953,87.7554908160561,146.92576827832045,183.87227574578054
142.09899819731137,89.0757275085258,146.0569114376254,184.07621874076972
140.8508999132491,89.81973344149016,145.51846435569502,184.28320823859528
140.74780270784194,91.28721333275152,144.52965621066215,184.5316033106563
140.48182179591677,91.6022248109879,143.95429617610642,183.97607743552288
141.42910709061198,93.18525748259842,143.62814182454713,183.1192054650283
141.9014343850853,93.061161465063,143.8286638846941,182.2281465063705
143.1105490122424,94.21380545654286,144.4753195314267,181.69842867760084
143.87213016090243,93.33243212438045,144.87522385016499,181.37359442265992
145.04014419699723,94.23364863746228,145.04421496590263,180.5174055170941
145.42156109890794,96.00788867358659,145.20844248143234,180.97754952168873
147.19559211926597,96.7380943763427,145.8058634576841,180.56037925940313
150.13774060302788,97.08416591426789,145.18563318632727,181.46179032269004
152.1441025164026,97.7582985169571,145.2402077719008,182.2238082536794
153.0616254913141,98.07227142740754,145.90460296892846,182.50540302640263
157.6513347488381,98.62671055466924,145.63416863814552,183.51575861854366
161.4266604324219,99.01533539195111,145.82044191926286,184.20695317215223
163.62510897290588,99.17343705072197,146.28248543964375,185.85055617766196
165.05592187311498,98.83893991401268,146.33009297090584,185.87297875527594
166.93712072546828,98.46383010449657,146.10457885880487,186.07958339074952
168.33911191857203,98.1012955306758,146.6112394302847,185.9615807200393
169.20430700365503,98.7742866601947,146.90925802591158,185.50135602649985
169.2378931441197,99.33498246606456,147.24047597849892,185.24657976977494
169.71170872225954,98.96776629842145,148.14799516420686,185.39852559478436
167.27969534673468,98.2618328746129,149.67454375439843,184.76254207199435
164.01157164694683,98.61791167466691,152.594882769651,184.21006421255368
163.06462751431158,98.88268837956907,154.87638603016268,183.71760256457682
159.60450039081041,100.3290834416419,157.1561764481245,184.22177603677517
159.24413920770172,97.72787905501261,159.3193989287828,183.88393117081256
159.35112179682847,96.5161300548361,160.82308809794904,183.4039135938493
160.89059161327032,98.28787411464666,160.2988536080402,184.3834929485934
163.43344925969637,100.97461376888904,159.62523004721322,185.4128804804712
163.53546766447926,98.32565663168835,158.3148964599222,186.4306500634053
164.66755185953167,94.95686623367041,156.4264555445069,185.91053709189356
163.6740780464382,93.16912562808649,154.22505153952926,184.1875530511388
164.83591675427994,94.54894749899331,152.35567965344023,182.80884640878193
165.0684617950474,93.77056765329614,151.37798652739542,181.51266720971913
165.51042685097462,93.42681138763157,150.3642343699763,180.25429837431852
166.30613382448,94.2127004133598,149.88035936148788,179.23077296501677
167.575670696759,92.8165909694315,148.9204610891894,177.77012701522688
167.73124951830917,93.58603107005749,148.02933266905433,176.78797869368606
169.54214873491867,93.39328633962408,146.97385203254248,176.46875874388545
170.84152981788387,93.4288485305115,145.49202833840621,176.11901471508455
173.42481682323847,93.54450857864246,144.07822141372603,175.6398006595388
174.64441607362048,92.67522149673732,143.25262888906678,174.74092722775276
176.49707005126885,92.53028667126875,142.54667815728078,175.4719158641044
179.21380274036937,92.68569407239474,141.73151703170424,177.01769478991793
181.03577272752165,93.36284978378342,140.96646709493635,176.91344952829627
181.0541064568856,92.75049633152565,140.2037069996232,176.29993524045187
181.73588032560923,94.56073269365173,140.07806631421604,176.0556333898417
182.15247845888678,94.63711717524211,139.95650653133018,176.4884947839264
182.611723666691,96.46722217370026,139.84923920541672,176.5731313694228
183.0178209791504,97.07609907789609,139.96306001714726,177.21041024344999
183.67584907149916,96.93058528908821,140.1167113214634,176.91982392278845
183.94183590075974,97.75373862557878,139.9838932797025,177.12265729783437
184.2258417135069,98.01925826539726,140.08675148147873,177.230203883695
184.68210917515268,98.24912685371808,139.89631616040955,177.73309572726743
185.01156208556796,99.12474858069885,139.68805152462429,177.94998584206962
186.14965521438884,99.3883697708331,139.8753912774958,177.63522767253073
186.78896812589267,99.65034038124614,139.81010704823052,177.92580925453439
186.9040664251657,99.6483578226258,139.46489882469257,177.9502200427076
187.60374291142,100.83761312445877,139.44861572504007,178.18017606425528
187.3691592145546,101.3035920847775,139.2536738887294,178.11217984024256
188.38094081685483,100.55971775115611,139.08499375888934,178.28757763830657
188.1565228723328,101.22066829759727,138.9815627521624,178.1242817633579
187.75628751146155,101.44108185311356,138.79978373711901,178.16367690731687
187.4752015923322,100.83375281803225,138.59547763291096,178.0075229190307
187.5220947967752,101.93135558385187,138.2923494595749,177.7667845647825
187.1090945219251,101.13110739847319,138.40146670754018,177.879238938584
187.5388297645349,100.86053367409428,138.21070210296247,177.82426275157292
187.3255472285164,101.12254785778221,138.19735977319937,177.93971855129607
188.41093417679167,101.51008714254323,138.30055409640588,177.90258297541493
188.24935368382546,102.74768404000194,138.1317416226177,178.42817786915717
188.6640270414308,101.89306367118297,137.83372787707256,178.36644957355384
188.72574984681393,101.35258384102426,137.80905548499766,178.2294975135954
189.22308228916856,101.24843351275354,137.6339106565361,177.84523305087032
189.83474354180365,101.02516215383409,137.53506982927496,177.40948755116466
190.17576397713904,100.84026621140845,137.47319073037846,177.37031104698167
190.9066077850411,100.88141744515153,137.344430103176,177.2256449772745
190.4282635697836,100.55260630880495,137.50958989151343,176.51763996114929
190.72584674932386,100.25194471215437,137.4034484695858,176.21843824018578
191.5402006632786,100.62402774030029,137.3908037596573,176.67087107133747
191.39479982092143,99.79057675994265,137.50759178501355,176.06835503087783
191.84044931020875,99.02273778733777,137.40992286997272,176.00755212968255
191.54984653514072,99.36665944419016,137.6606070153656,175.94111441747924
191.84851718498928,99.83814267157342,137.6133164511421,175.91173898997255
191.16565924848675,99.67500041420355,137.94277505714885,175.53342787931174
191.6745619566202,100.58974150949008,137.87591889253372,175.74040298892484
191.22818751903236,100.91037751431418,138.18873013085715,175.80875789234733
191.00239071927143,101.07267970612017,138.13154110518064,176.12443250377243
191.4940356692535,101.1129196826781,138.01165172411072,175.67931574202277
191.40547431736098,101.18840258779876,138.01158029449482,175.72007707828774
191.2360174193171,100.32410092844543,138.26907741662427,176.3080612382496
190.9779782153965,100.00507883658315,138.4353492773006,175.83364457030484
191.06252166710837,100.74276200851989,138.6533341025832,175.84266622024393
190.9549043531107,100.75414012177936,138.75916527681127,175.2743030825426
190.81166930175277,101.317879531395,138.77007997748657,174.93853374598115
190.94656524501568,102.15110363387018,138.79263745929464,174.69200467421712
191.37428576363152,102.83377714398269,138.8523810987101,174.10511022919886
191.74712813952885,102.84138136189168,138.87626926056217,173.7341718856298
191.98052129489176,102.13427780446631,138.89848535643347,173.68860915547168
192.25927718717637,102.69395068325105,138.82715712579835,173.76400071308012
191.58656544679866,102.06880668558293,139.0718902417161,173.75718741103782
191.75105437860202,104.37235500657664,139.2079393229851,173.9087463171461
191.6686154905218,104.41922748883246,139.24606998269905,173.5962577452326
191.31873500830505,103.49028523565758,139.39293635484736,173.5903153806641
191.1092718064628,103.64398171070283,139.32429962529213,173.39220540100206
191.6953135616762,103.69434444168297,139.36322406755548,173.0458960024697
192.02532552169117,104.49812202263102,139.2933343509595,173.08753889584094
191.6001289588972,104.83944620676527,139.1520287942393,173.42079936489085
191.82726287284538,104.52482320669885,139.34842350773238,173.25162666432865
191.5424578963009,105.70306309836398,139.37340889378945,173.65257123555162
191.31090383865558,105.47030795452561,139.41506281787224,173.45616073732444
191.25369722191198,105.18155674290483,139.36505677285697,173.14894045091023
192.11879229961883,105.06071066399002,139.37468447518557,171.97020612081718
192.45828429828296,105.93996399096068,139.2238200419137,171.874571781329
192.70627093757759,105.20015592811531,138.76794311706394,171.78134137515175
193.31745443532444,104.2947160937608,138.23519631838957,170.99483992890106
193.50129967883612,104.59915518008262,138.11186414743005,170.1981494279188
193.70683756658806,105.53412853884663,138.21776872194374,170.68711112523147
193.91720810035605,104.64877729161245,137.39552105164364,170.03130400094068
194.423032917771,106.38275195702352,137.3722210333413,171.24437588365004
193.9024444627426,103.60649203313125,137.42076048793467,171.1037332901809
193.9431150775728,104.80723311394533,137.63338912788794,171.87545626580555
194.0074111910992,105.22742027935519,137.8624154115582,172.20441944604846
194.32591006312236,105.03663173211011,137.50713809717084,171.94668975686247
193.82303485863815,105.17483996455672,137.40529496976228,171.91003532996172
194.24085347538795,106.12690463799217,137.40034120603502,172.87339412891907
195.57007081247625,105.7129204092513,136.9672464213848,172.5838501218775
195.3050388344236,105.2878459992802,136.75785348547655,172.5371375674415
195.86688667928345,107.66451078699295,137.00343491539337,174.30992913154236
195.7522514897703,106.4505465889009,137.030065461327,173.9631747674878
195.79540330329243,106.4586798750895,136.76382579781517,173.9199842424864
196.15676883091493,107.0947635349822,136.86907669142272,174.062554624117
195.96524789558313,106.68915885282819,136.91275954685995,174.1653032402294
196.09176029946295,106.60179976431057,137.01136196974454,173.9476791180417
196.06814890832882,105.91376014899745,137.21038821571022,173.5011164991501
196.74775229938393,106.82556319658151,137.20273618499618,173.77731528221685
197.33424917151382,108.23781784113021,137.17127235845342,174.2023503752148
198.7822086109002,106.93591318462676,137.53082041769943,172.99671573756862
199.78264827792984,109.82292202024004,137.69132185146242,174.09755549203174
200.34471842297097,108.60013105821056,137.78801927366803,174.01853357240174
201.6355777358619,108.40459146018891,138.02034035507006,172.96517621830466
201.82339528543113,109.48716360364192,137.821335723108,173.86840513467624
201.7163768567909,108.86340990059178,137.7929197354111,173.86369679771164
201.80247453016727,108.5910556361696,137.62034501822018,173.9811159598339
202.37577052588233,108.53704542765664,137.7819642341799,173.74909968662467
203.9693248216075,108.83584221267894,138.24912724536017,172.57654123563677
205.00546815064442,109.2035413923365,138.32436780515133,172.44298772352394
206.0342594256419,110.325040525842,138.23002087184034,173.0989409869695
207.26931421265374,108.73437814618268,138.45307016279162,172.93544095533355
210.00088908076452,109.52887450608145,138.6677959453689,171.51963760736027
211.03364826184773,110.55295973863225,138.47064251335536,172.33583319679357
213.51484213258252,109.88142001722025,138.68605447357646,171.12633037567105
215.67009007677376,112.32628539334002,138.81073591139636,172.01935213731701
218.49511881230097,111.7185847346681,138.94162135721203,171.4881981262917
221.6511130173576,112.94213281758665,138.8308668109294,170.73328330925526
223.76834255272942,112.2789624266201,139.27049812562274,170.49130930046266
226.28635964613898,111.6852440863455,139.48680759343623,170.07903992727802
228.39536601606562,113.7673137673984,139.51287396658952,170.68858745100596
230.31827301670793,111.88396698817553,139.52489192026093,170.63998435951885
232.17407478215628,112.44873597633139,139.6849381314907,169.86829404398708
234.70219325425018,114.86258039378667,139.70633361451846,170.06713833590757
236.33295412311162,112.55338138397241,139.5301385483959,170.05868336633932
238.08148836229932,112.57498406350928,139.7873120133799,169.82106886036064
239.56486778270465,115.19554327882905,139.40264521930692,171.430391408725
240.8413451437571,113.6399927811726,139.5494044425908,171.38113302140852
242.28980072897883,113.4834115573786,139.3254299500801,170.9392048747048
244.38955970054678,114.78562254987654,139.62044077739097,170.53645019851632
245.6428498871869,113.19900638969656,139.69348386488036,170.64626651469536
247.5812930095062,113.41720866997609,139.86791292785898,170.0915082371072
249.20490356755897,113.11609668988997,139.79568031997792,169.47201817750405
250.46709629127042,114.02787930195716,139.58635572651315,169.85307283786065
252.5731196029701,113.15584396816239,140.01027015886936,168.8766752227506
253.64198767300707,113.14790830998139,139.94517825249912,169.4888640091863
255.65734147241474,113.56154179158757,139.9359202195712,170.24018493564526
257.4072648156675,111.33335604087262,140.106855145462,169.59312092071775
259.2929622467767,110.54242305213285,140.25692305752017,169.32521814037716
260.91177878924367,109.3826811966978,140.0861380122134,169.63366569363922
263.43260934978105,109.15989357487177,140.2586492544199,169.53947766548265
264.69051739451703,107.20386256085081,140.32472088696326,170.1329416615269
266.3139539529959,106.26714949347564,140.25584011390805,170.58600746951026
268.1970930766098,106.19834228582302,140.37011487380622,170.04291443013412
270.4109251457916,105.97160534291088,140.40257999645942,169.80404150466384
272.1752709602788,105.20014724517765,140.4855471790543,170.22347654568847
274.14793089003075,103.90697049818264,140.7799314516304,170.75098070496168
275.44944932312575,104.26084996247069,140.62979547197608,172.20648986568003
277.6134211712056,101.13423299036391,140.7175970341478,172.40557704323098
279.6693489758001,101.41062618227272,140.9570335582899,173.01668972347738
281.9526958439699,99.96320350265708,141.09454724229954,172.18105941856987
284.63554043560373,99.37002883215571,141.19358784495108,172.05645967242967
287.22037775920376,98.03044213834998,141.15727882885454,171.71726147800987
289.9528058793695,96.81062727720717,141.25856514757447,171.42815813755135
292.263949167633,95.03399469814701,141.45340389148217,172.1087423931906
295.1858465444784,94.07405770207171,141.74317551733833,172.3600245283847
297.1564542049925,93.03760600322353,141.82698556404708,173.36122365762557
299.2345723643989,91.00042114793885,142.3870759587963,173.87328791775548
301.2393710972001,91.209714517592,142.69780100677414,175.7988238266883
303.1558227215149,88.8931558533661,143.45553353466437,176.6196686064646
305.8971577064952,87.62370728527037,144.10294950983317,177.95100866047983
307.0827029607477,85.86148796710965,145.209283146073,179.9043245312602
307.8808526302791,86.34270804761626,146.42529974786714,182.93636903325663
308.85774460595104,82.66648237210536,147.93785180840987,184.26392566992294
309.59626158106903,81.81794389483662,149.0490699257398,186.13752942425845
309.1863538979794,79.8613595450906,150.51402528415605,188.73685546952228
309.75176227098336,78.88827064335588,151.90291550264098,191.12800495363288
309.2363163481278,77.10558320679017,153.3563643148954,192.75879258654518
308.09744971414347,77.42972639140278,154.50435758309285,195.08234135373354
307.1283791096637,77.26234836519015,155.42280494058156,197.56024749733007
305.441672909063,78.2922485651284,156.3365143731854,199.62480718198725
301.57539141536995,79.34511988935238,157.88500534290185,202.38361941558887
297.84645965056217,79.79493618349484,159.5420394619645,205.61479088919359
295.750259166134,81.81696323789987,160.6438683120616,206.43771256468528
291.8980825337676,85.32216614983776,161.65456894694222,209.4670015268813
288.5478862853554,88.43513956948493,162.44471125684635,211.86608997353665
284.4306792731221,87.86067007472627,163.6374964437275,211.0493052100785
280.48894260699586,89.88163292845836,163.7029775655918,212.09419724400837
277.6739052154668,88.1220398832529,163.36297054246717,211.591503184578
274.4725885189447,91.63167085329161,163.6366175768687,214.42179053801863
269.8765551403074,93.26006603142702,165.70426321445333,215.00648758943214
265.803022478245,94.97160133442641,167.34066169134917,215.08817438776074
263.2819754095998,98.68920586839889,168.99011976792482,217.99748207396618
257.11738972663676,97.62822104234155,170.43622304913413,219.67264458000847
252.95761603485866,101.26370169610789,171.6857263920104,223.93329757606466
250.9416057775009,103.87489155650678,173.1291467480345,225.56868782139236
247.30145449328762,107.58411811706279,174.91924688955066,226.69901800258748
245.0160409930253,107.49847683868883,174.94690343795736,228.5464021246964
243.1062152188519,107.92082642045338,175.12071100360762,228.10057563467882
242.08364862116747,107.83654846358777,174.77584147146794,227.5238680315071
241.03623332813484,107.37509979272332,174.15887601222988,228.23034610856183
241.74075810898842,104.13172105398712,172.28101455109913,228.44040642722075
240.8072704695711,94.54798412150367,170.01984651938687,230.76088589216323
238.10373085016693,84.91817730900394,168.24851856596499,232.43049173518028
235.20456616402754,70.83170356165093,167.7630139576835,234.44576634780623
232.95856104790738,54.815164448070675,167.78725361344672,236.40244191078216
232.88123922220706,38.56038852626931,167.65261750591716,238.76285053539075
238.1055230118381,35.444855673365325,167.22505460347398,239.69844218876952
228.66731993850635,19.423939766422407,167.23095446351635,240.91378360043367
235.87161539204806,12.4670574694603,166.34662693839095,241.59440820259763
225.54587018435046,4.20968781909292,166.05111685024613,239.66195054288318
230.86467550131,2.474318842791419,165.25310773305068,238.03594062027256
220.70859767175267,-0.7484980936698662,165.0060879008323,235.107107597138
227.57272407265566,-1.267256318592814,164.37577745132128,233.83976369351404
212.6594854807239,-0.8553183220571725,164.69670234331463,230.7080349553866
219.60619116367147,-1.0168930226894304,163.63789714807382,228.87130848690015
210.07198544622483,-3.606223178931657,162.45011542195635,224.8654795492015
210.85418434313448,-0.5771593694319535,161.8601419903197,223.1956094337116
209.98319645389392,0.4066486032473762,160.98602127221872,221.8361072540695
209.4747873271437,4.348051747043414,160.00609894611412,220.75188733503822
217.53786289543598,13.642159861273456,158.21307197029614,220.6054302160752
203.78248782152767,13.948544908604106,157.21589899189206,217.69281275698825
204.66684648275526,14.55076225269184,156.11412033196586,216.28160283566325
203.5053639218218,16.35222228408378,155.35680252727332,214.49457964158512
202.39270607341643,18.814699870430545,154.59894819158282,212.29106716832396
201.55288267320333,23.328853002921335,153.469404241887,209.18111779878916
201.84448893823196,25.830146779284178,152.19043903152806,206.3055048287356
199.77517035637817,29.324948403021864,151.2280072216944,203.22227698943283
198.52289546770092,30.601778544855833,149.59896773131817,200.0438685949937
197.91753957401983,32.11967774275911,148.0422015294836,197.14602044075286
197.5153921077058,32.585035785982114,146.64309585023418,193.96535656797568
194.82987555456154,33.14047581710892,145.17719152900196,190.76098185202028
194.38876512677018,34.41776919315902,144.30114164407564,188.50301043228512
191.95803186625292,34.79173124463111,142.82237436231475,186.78778531825543
188.90244324070187,35.911104828600784,142.12170392664925,184.4386949101146
187.3908628319969,37.628295811405934,141.80354875933327,182.0490294218984
183.97715173691154,41.089812213213136,140.83644389567098,180.52720549584748
182.84234062761863,44.36010907364364,140.48549259359643,179.1986326490099
177.46407685437026,48.104667365795606,140.33504344026406,180.06285144526018
176.90597560953518,50.096112063682284,139.53942134592697,179.593337570193
174.02831697984283,53.69491599519672,138.1747391965897,179.88482158033307
175.0458560308385,53.48442195226433,137.82140078251797,179.29485504774388
170.14913202958195,55.79214046884471,138.0917555614593,178.0225600472064
172.254389108287,57.52954821166668,137.52881153725846,180.096092034707
170.2717486976727,57.44478127920988,138.2800759209565,180.135565912314
169.710226107546,58.61564409427106,138.72722874815207,180.63416611455858
169.25079791271236,61.01916717446568,138.85754054257777,181.7357789354926
168.58630693833666,64.2815967574565,138.83748496329116,183.19075098823043
167.47656503847452,67.60455892639948,139.19835479511997,184.8623734948269
166.68496275519954,70.32051474650781,139.5152145759796,185.42886301961877
165.91921924429,73.47137090600651,139.15602068864186,185.69167582803226
165.5041850786479,76.47615874325936,138.9762796451168,185.62279019411494
162.5862555660541,79.68394025449311,137.86539756617842,184.66957944749583
162.29810882616724,83.23436958219739,137.83000338573487,184.02306983307238
162.46137018848407,87.73466257875789,137.27547359783162,184.10557271476827
161.09359087960644,89.03005087680087,137.24476205491183,183.31043646807044
159.8638880686934,92.37601204658557,137.20126040058432,182.97901923256597
159.03665678848301,94.42692848329051,137.17788463550463,182.36525064824912
159.75763515782214,95.78044582310461,136.95123692068347,182.89017054320587
160.7656843209839,96.69512382375655,136.6302963607021,182.371002000894
162.50211756846477,97.45813570773002,136.38792746438844,182.0557439523608
164.57791271440135,99.60959933395864,136.41436241818178,181.99635317222413
167.52404273405693,100.60762722186684,136.7100758781687,181.45384713910641
170.4233955881735,102.27407174769061,136.92840470057524,180.40721177817846
172.7558191263709,104.5910886758418,136.7096030228926,180.4948824049083
175.14037543202528,105.09891767166198,136.81056468373956,180.96316859089552
177.7906765769478,108.22386687011141,136.67248518671073,181.0890102452662
181.13216621546366,110.20800013071863,136.0988999831653,181.9270553314126
184.20564860920354,110.45135384914964,135.40703716254345,181.16749621880174
186.63274415690347,110.72496844116152,134.67082463998904,181.60448247314392
184.2661829148128,109.23151452576198,133.48388458220876,182.7823606055711
185.78729398638467,107.63888749229633,133.0925287091303,181.85579778941525
183.36725840158425,108.87058688288012,132.35265717548407,181.30691557643158
182.27665998971855,107.23460641589094,132.61055719001902,181.76349903657876
182.10102044533437,102.67795886498517,131.3676685694368,181.70069626851725
182.4646362758113,99.21173923535467,130.38203658747616,180.9540874664074
181.1359345927434,96.13474773617058,129.54421762351853,180.86416253630878
180.03219526990958,91.43425056741364,129.30620972362345,180.47739041721866
179.0456396900826,89.71198280330148,130.2379245038066,178.11360542313463
174.66470517565392,90.21801555479911,130.2833666832987,176.04379601316458
174.19121857151129,90.89252464617942,131.15552734521157,174.79371949182143
170.772065010885,91.27665139586611,132.35289141607961,174.61767002677652
167.07611835479287,91.41071866913654,134.23557318804174,174.63808481404646
164.2130325893129,90.86647973924757,135.55389588401025,174.19635885454952
160.22618394952787,92.4256703843828,137.42861893567496,174.24263873333118
161.08392386910847,92.96449230823188,137.36206165911295,174.95477109164955
160.74114816980398,93.98286686232049,137.81511654280553,173.96680683550022
160.75655041068714,95.14375579623845,138.2266060924208,173.10831143359906
163.09695313689173,97.36971359180237,138.34025950613105,174.1250685948516
166.03138310351991,98.52459131454032,138.94906404354725,174.0095794686506
171.49063593810519,97.67676194254766,138.99986532017752,173.66016899495403
175.46976274869644,97.43803670178741,139.2642221726278,173.95959119097114
181.15440805950078,98.43290009419928,139.09791159252305,174.06079367593804
184.38623310669166,97.46543608894754,138.88410604922768,174.55503236110889
186.11399298736796,95.44679385182278,139.0879490808438,175.07873722834853
185.85882430289794,93.66834252190057,140.42532539355142,174.77928612842732
186.12924577564826,91.64819932850796,141.54893631214836,176.4050861069789
187.5988122062547,90.07431783665726,141.193319095009,177.74180666266363
188.99741240860675,88.83786598709877,141.42268996410857,179.9684455464501
189.69477279115932,89.44164529049137,141.09183390695026,182.17957547535522
191.6913867620581,88.537391687888,140.4744647488746,184.18995851621906
191.92351876100236,86.30128008037289,140.79764105097388,184.8977886400475
189.63791029764855,84.44152030476162,141.73924052506004,186.21591835400503
184.9233138156151,82.59397930559238,141.28303653172946,183.98108444734473
183.78111996065243,81.84175224751382,140.69639176522963,181.82844527698757
187.58005740398042,83.65257261471768,140.96050303885198,181.21810224536915
183.5457621717101,84.34765902403623,142.15023636761993,179.23916368633746
186.02950523735123,86.22618887810721,143.66043759519386,178.75554457763704
186.04895832053194,87.89524566155838,145.36158305599156,178.3816460509416
178.13120278343615,88.31897040317283,145.86931149926272,176.33075816649048
184.17683624370608,88.22771326930099,146.96743094652072,175.11808672523452
185.77751726019233,88.67684418142524,148.3736109515121,175.62012373483307
193.31690866579976,84.90773152751416,151.53166934207948,175.32911110472799
196.95733637611096,86.75091114557229,154.4097075066621,178.45658748949185
200.92993090779837,81.16053576210075,157.45116032713742,179.02850112874938
202.50483929137113,83.15180954791848,158.35868895031174,180.81916932783537
214.32296618244743,76.91639582766918,160.67759912384759,181.36108746657615
213.79671517809913,80.89003860466636,161.56237825170388,183.25151038578736
221.0541180399644,73.41343258411952,164.1414026366159,184.64993097638055
220.20147066906452,78.90359893822551,165.0771581413933,186.3336464630538
222.46876735017617,80.6722095420906,165.67082539165776,187.86547461369156
227.0866232168085,82.42924595783936,165.91165422388386,189.77032277599898
229.09718480350747,85.26785229580989,166.31871842078618,192.45523263576348
228.54396287850597,78.46805799405466,167.21393753600606,193.2635710103921
226.20923945424917,81.23819022984792,168.0145725387402,194.51082504008733
222.76610611985916,73.15159475903549,169.59137141500926,194.90411447719558
218.0096469152092,72.28997593703845,170.67661362344248,195.32708215983254
212.30171719258422,63.36484791073437,171.54784206435892,194.87379321427176
206.83191030755341,71.96241452305209,172.1390690698942,195.25149018983163
200.168397309652,67.22557162398664,172.5287419315417,195.3151580207384
195.52273892172212,71.2738853849973,172.59001338879798,195.3350971567371
168.67006966166673,66.38037930376565,173.35635654758065,194.6101407065295
157.34085680722532,64.35390920321196,176.37251884398785,192.540769792372
167.80446335653227,68.88276271129871,177.56194392896768,191.91233065949928
173.8483901542353,75.55488168678998,178.01287054596403,191.91489542000355
180.33635414143868,83.85008871040874,179.46470651046104,194.15514886849357
181.77804948249081,85.36495683631489,181.16828949550154,195.7986528014652
183.3756802468625,86.00401029319437,182.46948172881264,197.0266453502154
185.35260334437828,86.83259926378936,182.9805345968914,197.85782280720352
183.07601804719485,85.46554496348969,183.06913896048434,198.03796703135328
178.7440633524769,82.16394769756857,183.35334005982014,197.76217758873872
176.9729440064649,81.36177148863413,183.84297956017846,198.60253072329385
185.57100701839303,87.66386050204065,183.9735003411318,198.94533603388317
188.4341718372924,84.92684919481286,183.85675646535694,199.47656194118542
205.8954563997479,92.4258547214089,184.109049248405,200.1271190413747
212.99497172928608,95.458615837723,184.21359315140137,200.6705951073915
220.1771958425618,97.88155907590875,184.3359603774256,201.0300742888264
234.40150707484196,96.93883825525755,184.47238277370514,201.25264874167513
238.61234787070492,96.14034680401245,184.51721004733565,201.45181689349394
246.02189665587005,96.96092616641762,184.4473113905796,201.8280663012367
250.45876517336393,94.62382431728297,184.39785700177103,202.0447471303959
256.67026142700263,83.58986716151139,184.45234729020893,201.9722824899127
261.8845594721321,82.02189367684784,183.07200330566292,202.8348465570944
266.2348199752501,76.76412394110615,180.9473075138129,202.16787755994986
266.80123652355223,74.37751793805327,179.29102434062855,201.0235032394565
268.4358667133289,73.31839858718077,178.10649315571644,200.76827544950228
265.70200864570904,76.90889287562726,177.2883101286636,200.97949735616032
264.2864494509633,73.49262100653495,175.56615627084068,200.9619119668425
264.9522549063487,74.75062084681537,172.98363805816714,202.57267038488396
267.2289913488009,75.22327627560858,170.3575860278312,204.93534459466508
267.1928077615383,79.04349687286033,169.53026895200162,205.31857168934616
252.83312130651865,83.12424899353208,168.5026917125048,209.26594081531223
256.3991606337957,86.17883693523683,166.89213557992332,212.11564058803066
254.03860395954842,90.39431914991493,164.26779232822864,213.87865351463148
251.24147140648708,89.74759890234583,162.23800538662186,213.66841878737284
248.00927983314,92.02728940058684,159.13186145659483,211.502930555936
242.26673335518717,94.2891343653515,158.74789389614307,209.08523008258342
238.40510556424528,102.43996955443933,159.04109862811228,206.75051393566997
238.52393829945964,107.37699446560366,158.85927087459086,204.6510631886587
239.4932703580758,108.11675651291704,158.86641683693315,205.60059454637874
238.72423049556082,110.00058200405245,158.14412893005084,203.84978211467555
239.29488613987598,107.4119479941721,156.70247445575728,203.8140083520571
246.58247155297244,112.49550601811949,156.6100879008046,202.6017367789548
249.3129222100757,110.73754892228557,156.34939143584126,201.08247850815926
254.00329662737533,117.18686280475288,156.15265406059254,198.4362034577632
260.26115813406585,113.92517443458141,156.06267796493617,196.53290440159736
274.1859292883088,120.37336041567687,157.49946111116225,193.36825241010956
280.67381678210086,119.25400331590212,156.63411970206926,192.0185676762484
294.49184120328107,121.80193485452627,157.32823100070007,190.0297342754375
303.5835000954729,125.47611963729868,157.36251499243943,187.8556453533558
315.51480283383154,128.7160879082799,157.26549446140086,186.60032819997372
319.6854953219885,129.65792697287475,155.86247685187766,184.8530385514473
332.6993597408364,134.93252958305186,155.27143739101294,183.96673330210135
336.41805035674236,137.19142472911216,153.57505681151432,183.569440713533
350.0613986469629,139.7928651470512,152.6366611649111,182.9489053633422
349.52283144180916,142.76822343370253,150.9401413527302,182.57671910162404
363.8975279612338,142.62468412732264,150.05057917020414,183.416385402353
362.37720400802493,146.67309958822185,149.2116577845534,182.7674190130253
375.3261189368597,149.6735922380829,148.05269091821683,182.4415073369604
372.6470868826339,153.16199082354763,147.1331094387473,180.68451445298774
384.5232890906336,154.07290789759386,145.8029977320985,180.80537484968744
392.3824589881998,159.60176502704002,145.28753593531818,178.88318534055097
388.1133605112343,155.08392329243026,144.03655880935412,177.9587629137744
400.9031212925174,157.89390020514267,143.80204991158274,176.79274614203
406.7060493942475,164.88820042549975,146.37628747338147,174.6679762677221
405.6214123865238,167.25115577704838,146.03204792376542,174.21096071385577
406.553018869931,173.5484008086325,147.0548105562399,173.67852337743318
413.19925006022856,177.20354781444385,149.1967067724466,172.71742675350578
413.5337114977593,176.6576186976371,148.12000539587436,170.38922554459913
414.6944457098555,180.4975141753346,146.3972739731011,168.8429652059644
416.6102066495651,183.6957648631796,146.35283786524258,167.0510952542246
418.0264490113884,182.62380073077026,144.8047698171635,164.0876312079471
417.91298008058806,186.69940307945325,143.33839050385276,162.42872749782475
418.4156865530326,186.0398150041637,142.20281135618015,161.0210712585723
417.1951138888728,186.58222231168588,141.9017560714778,159.5222040677013
415.5059042019605,188.53244712290962,141.1981070020041,158.85999850195546
413.3680548131157,188.036090820523,140.41411387371843,158.5920402063839
411.4147332567036,188.19473485741304,139.98608596603486,157.33130311221805
408.35304786817665,189.8693318428701,138.6238209856424,156.15337760443867
405.7843111843778,187.82545916967956,136.50746248983668,155.70721362998844
402.3849851740687,189.08480007431766,133.88229687587256,155.59339279407044
400.5466317238721,188.600797961118,131.3387112080589,155.37793940747844
400.0133505917619,189.23213397499998,129.3374121536911,154.62553207440516
397.3151195123887,186.3879862627398,126.94983815292198,155.47739742614112
394.1185251399572,187.18276631228667,124.76240803944759,156.02839580826378
392.69664151672373,185.9101616704537,122.40008388195332,155.97988107955484
392.52267447212,185.67230914364734,120.61677593434143,156.14497735874397
391.8720022257633,184.70697507864466,119.06115297786654,155.91910414124567
391.50668724433643,185.24458898987325,118.31516155133127,155.7775336073398
391.5953903871432,184.49838308159957,117.5283193497708,155.8891861846904
391.6295369257588,184.3030692106602,117.6648481869739,155.768903296343
391.2858071676552,183.0006426881892,117.34901395051094,156.4511009972756
390.06135974328134,184.00413624726934,115.89370061597005,158.39493933191991
390.2013450882227,185.66412324369588,115.5490633494038,157.6555431894086
395.5361029148798,185.01833978500719,115.33198318955884,156.72857206090285
388.74766040314137,181.68617274804558,115.01571311507428,157.56858486483705
393.2928273174442,186.41380855325872,114.66517211026002,157.6866508093424
386.82248499195464,188.62257331813,114.74245820929829,156.5397487782265
390.6983150378036,187.80668826703905,113.67802298256021,157.03940172819438
385.00537421642895,187.79805137065384,113.5834568561444,156.31903525931472
387.9800088240549,187.5428194769043,112.63750738118793,157.16224677444634
380.4353025236303,186.7028845893634,112.61119923313568,156.59030337623403
376.6119626645245,188.45039643640575,112.64423435143267,156.4109821205038
374.57373585752475,187.73661021699138,112.46195278553114,156.0744444709842
371.07035231111684,186.9307646875456,112.06653777614366,154.84391713082792
366.83796174680697,189.465375428531,110.30227208316914,156.02829815358734
367.0451264030157,191.36895803254146,108.49810109499333,156.51868791535404
365.6417376600215,191.5730032475766,106.8744305257144,156.93847035763633
364.7413397259672,192.81027043065654,107.10179108727394,155.15558578605498
364.2189156023605,194.73344479851903,104.57500122718746,156.45738129547772
362.346739655575,192.09384439328124,104.70544840617414,154.85339242776112
361.45186101273913,192.36549150305294,105.3683541331606,153.28490845087066
359.93194957704293,191.05843808526635,105.90238343308083,151.99897084522073
358.6366081270632,191.18744150409736,106.33406379054455,151.2454425515555
357.41241997101565,192.67611208065514,106.54105058962386,150.64984792897275
356.0036969797413,191.2625604448667,106.7535516277909,150.1781054325748
354.752762578159,192.23657469096315,106.80348299389802,149.54101899417674
353.70650211791383,192.6900994015113,106.56933922818527,150.5629834213852
352.6924821174638,191.61334835935958,106.43788387538672,150.50616646348286
352.57396010123597,191.93732661686067,106.2416074451386,150.60630683177763
352.46836024819703,191.44527033603208,106.13240172757529,150.69165138567953
351.7187830710874,191.2749475065863,106.49213140013106,150.2532999809343
351.83795457951334,192.08450151843445,106.30687121075775,150.34152564120558
352.1535541245525,191.33819936610053,105.92512620173792,150.14356018745818
351.6763165078057,191.39139936506842,106.35097970204288,149.37932053364625
351.4583464786154,191.75941106815793,106.38674237104024,149.74463551400285
350.58438855942427,191.80143354952463,106.64825414810507,149.98378290928642
349.99776460575345,193.2768644392515,106.71432420186235,148.70396130717796
349.5531127056294,193.47373194648685,106.7734388336572,146.98701939115702
348.86739255066414,194.20703950669383,107.21768270050693,146.80652516231407
347.7919827159703,194.52335740910618,107.81215201951463,146.05627685402038
346.74696460238937,194.59369154490045,107.87322468085006,145.95298639067488
344.8052122754748,194.3215713736915,108.41012069591582,146.5051264076797
343.01949430292416,194.1499224389213,108.74009894028765,147.35530402413406
342.2681754005591,192.40793273202604,108.64649956240068,147.47141310711405
337.41228551904834,191.6849114066882,108.3864022273386,146.66195210330972
332.5904612148881,188.37492915252122,109.16633757119386,145.02415370270813
328.1933702191556,187.88972101944978,109.12161708920902,145.21625502076904
326.0446436185118,187.37885521610588,108.94017844097881,145.18436521613333
320.51000208395465,187.65131898826291,108.95759783974401,145.1294143461375
314.5551352447632,186.75116841519386,108.89289475817816,145.03999600603908
306.5536260156413,183.84100788305946,109.47051152879986,143.23157294494166
299.5958146269118,180.92289558854657,109.98405663139322,141.67346464822523
294.4986172096492,187.2023146801883,109.84021465714154,142.2379947281864
289.7614999161066,187.77682325587418,109.85853283950274,143.70529365690805
286.23562202111714,189.30021774317586,109.7172973727677,144.95347137999755
277.31432467367983,188.5934578832631,109.43667734596256,146.1342931510096
275.4281582448446,187.5968709687812,109.6771992047164,147.59617752169862
272.38123577196876,187.45273285949872,110.07791318046691,148.49006053462088
269.04090540484555,185.55199397333558,110.09081401938867,149.80609256910842
267.24742102005496,185.87138499809137,109.67735792706188,150.5685136751144
264.5134433628455,182.9133767023651,109.51759050130742,150.27432328109333
264.5323622063395,184.35706978926626,109.15311003282346,151.20741173192476
263.78293704831765,181.64123228158726,108.96919581868517,151.67025330078008
263.65884552237,180.42776806403697,109.11017405334508,150.7610914095715
263.36106564091136,180.05923235649632,110.12449760281663,151.49155802977424
263.2242511624714,179.03997274694592,110.2205301992516,151.3780279458202
263.98565502610177,177.60129332363476,110.34087900046373,152.0474190342638
263.7785998997773,174.5133630911045,110.77992480596302,152.9692478411517
262.91554234537625,171.13323205147714,110.88286024061657,154.81970796041503
262.43618543498974,164.53466089682863,111.05318580913129,157.13460806695326
261.7646623572467,157.93556691844054,111.5548542294793,159.50150673234762
261.12332371394484,155.21214610402234,112.46569318486056,159.93609984510124
260.3427744535621,150.1567670548618,113.25029314948908,161.28722297180366
264.94001281342116,146.20500207656175,113.9182489096292,161.054149572996
255.52354889193947,145.0498156333042,115.67207328274404,161.41110265493805
251.63283638131585,144.14286210229767,116.02861827622024,161.53516451259782
247.85925812446357,141.62982357753341,116.4539023648455,161.73809378838365
243.56545598490084,138.17729415791518,117.04583108015865,162.06183329549734
239.47551034044392,133.76162677274192,117.6725173557974,162.57994994908356
235.5209684246613,130.93055271138314,118.47530274070733,163.5011470105524
230.32655862176762,128.26007322218356,119.84726615295222,163.9341684622486
227.00806701362436,128.3460408886397,120.54534413013351,163.94709970672324
222.92557322078764,127.07747422198955,121.39953688548468,164.13154115121432
218.88526803196532,124.83966094447204,122.26208200128849,164.28418682551202
215.29523115526175,128.24819451612552,122.99337474120688,165.45745323933397
212.1021166978933,124.55458837053885,123.66962269128311,166.22405624706005
209.2529643756037,126.72502731827277,124.30987002766527,169.11726295776288
206.83395778684113,129.49000057658114,124.80838945366459,170.74437849482655
202.3923426262585,126.83048946240126,125.37402906132884,173.28480456039028
200.0514878381052,128.8163921243793,126.02553338784908,173.74343060240102
195.53053729804324,129.07649408409702,127.48670832127499,174.2812744544194
192.73431238653058,127.48260208755946,128.93384869605816,174.35819380821232
192.30352189952356,128.4980320158236,130.58156719133908,174.0273902661524
187.3814011396553,128.18182582759528,132.34453658583146,173.9798715384259
182.9714716627867,129.18000993021084,134.54790708284256,173.8103704367714
179.06034050356212,127.69200462132869,136.71213078511136,173.5940678602608
175.05213163704326,125.21980581838756,138.53558205696743,173.84519669020312
172.3539349305267,122.37141182789445,140.2779065231622,173.57530605180457
168.74874608848077,120.36024697877475,142.1943803795868,173.65085840629396
165.83171780530225,117.73256946066378,143.61771564391137,173.64090649290043
165.0567789136499,114.14567130563591,145.14141667469346,175.53663235312706
165.2740504855214,112.08060280440964,145.5313132949733,176.13847050075174
166.95728647504956,106.85719242922342,145.5315472103872,177.58004127401236
169.90419579390903,102.42166578750704,145.9734781988279,177.73145764033086
174.71263179861535,98.34430062669406,146.18853825728638,179.21784108009035
180.89062736589386,99.55875073195845,146.45396512199696,180.11985417484416
194.12680852666898,102.11713510048438,147.60783685501212,182.70758515931942
198.43656011679803,102.60620790756155,149.2516727174176,186.66151027728176
208.22582095000791,100.25292305290814,150.71494105954275,187.7333074474498
217.21808252481458,94.80564591839077,152.37566441566676,187.15314934465837
225.95079984905317,87.94584598062681,152.06781872592978,185.74062241201977
241.91797364916263,89.46367538546185,150.66770231162394,185.4448854105925
245.46480108228275,85.33548649641028,151.52358853730266,186.95143866476985
247.72828763358484,79.76943830535745,152.73006870847163,187.10985168963674
249.5724962152035,79.56704809859505,154.0605204684216,184.80169307919
246.32716495689405,77.62538609484251,156.40588593456442,184.7320914046272
245.12717922673562,77.19290701677964,157.77553663129336,186.5542472865258
242.20744922876048,76.45740238085142,159.80960722294674,189.33067171188566
237.07656057488165,72.91435306886311,162.50372467581548,190.59950768632615
231.99983927985863,71.12157481608777,164.14057047173307,193.09456729417937
224.88572368337236,69.3511786311578,164.2169767135338,197.54043181665392
218.51233962518134,66.44957170353076,165.00893659474735,199.86047325522097
206.76517009637368,63.7268391968032,165.2350833611029,202.35188605882198
200.2964012158859,64.2439060620751,164.9419416100545,203.16011115586912
198.9069453681852,67.0255624475666,165.83920798360992,207.14868112872156
195.7429116307246,67.10454262051155,167.9625640213058,210.73142293508386
193.17273295690987,67.20281836312782,170.4410945199515,212.35535859146052
191.6438463887722,65.93089195716458,174.63586869382448,216.87403368617814
187.30570072928907,66.31524383218193,179.193152902195,220.12900108635094
180.19475658962065,66.87899285848427,183.24374792286488,222.59893850814203
184.3508313646536,66.37714307831757,187.30002088103873,226.04558426407783
179.46080665284683,67.36271637328264,190.12381534554584,230.20737748966894
175.9304754603687,67.39677402809271,193.10595218728918,232.00386617632566
183.3447110529279,66.89078603329894,197.60067932065226,234.81991561886272
177.3105525090401,67.32893319598224,200.59660394474378,236.7440308489313
183.90570627216536,63.55916183615085,205.94931666690633,236.9252204306241
175.4420490892802,64.59794752715983,209.57943178340906,238.3769177902138
179.77709303457834,63.64636116101315,213.34330194640162,242.28398318264817
177.66942694385907,62.2725530781467,216.13187726901452,243.31685013134768
176.98706288802427,61.00638612594891,219.22461448541281,243.42170643755296
178.16119276745073,60.210760513225566,223.68483928085067,245.28126114672423
170.67756946563762,62.510811538870016,224.840406044389,246.75442989316483
174.81200312857493,59.766987652584575,228.99048307734003,247.94573386232994
175.20547909657554,61.692720264720904,232.14851557737398,249.67878993169742
170.20602946979318,58.979518285436114,232.94263520599978,248.12132910602628
170.30971804600966,61.616677277972414,231.03401989820182,250.95123532597077
179.74895356502032,56.999709270053046,228.29269676362287,255.72945854655194
175.86223500921125,61.20009266584465,225.29077281414484,255.97321632924852
184.84828497191927,62.13411295842124,221.40355371758616,259.18911863426257
189.21547117293136,62.84677772571939,217.45144554819754,261.36497203728834
196.17218839154128,65.59156410463396,212.87908700819446,264.08034007535764
204.71488066342255,68.43236761497803,209.76793895277422,263.6384367099124
205.15216318045552,73.04319330373906,210.29018969553323,256.80826363248497
219.18837641024686,78.89104950200539,211.3048890141488,257.9857125518703
224.29796521159125,82.48279505043584,210.301812104209,255.20182291451255
242.97554706856153,88.74183611262715,206.8652656388036,254.19118803286673
252.46156747891487,94.73216148091545,206.15444002805788,252.30727992629502
276.98402878961156,95.74706527180034,204.7985776178461,251.71782228101054
303.15362831155,99.58794681074863,207.33370337255323,252.8264091634411
316.3556943624965,106.82224356777297,208.41025555105585,251.4720658324979
330.84384686313956,109.75850866547754,210.56215108077546,248.5826701452217
345.75622911841157,116.83294702349845,209.5292643168135,245.48545492057391
356.53182707259555,121.7453155956473,207.82588296838202,244.3200948743597
360.563284084874,130.80470185215182,206.7460664970784,243.60582332265435
369.242142567321,128.87245331739155,204.40292644411053,244.44603698305627
382.0400186514329,144.80473893823842,203.77433354712704,243.0821161472463
383.09731934987235,143.624500707712,202.45678197067124,241.87081478771202
387.46775502436276,144.91031708798852,202.2294489822862,241.58681377726577
390.699126540872,150.89250321271857,201.77962585206922,241.07158493753465
395.64191374927566,151.94893109579766,201.65988910463446,240.75727715454607
398.6924399181705,156.63397968641618,201.56071455157377,240.2636152531552
402.7117834822355,160.63987913958243,201.48840611225603,238.858280732809
405.11126039852,164.8157116793003,201.52657805788527,236.33320619139818
404.7909961996939,166.14560600114064,200.73981947300112,234.3040084037928
402.8435215436449,168.86521517316606,200.40500050888448,233.07435569923783
402.77109712980314,177.43056144278927,199.90631706041455,232.47151998677364
400.47719926196805,182.1247804421534,199.49535495688178,232.39844301099458
395.4347578001914,188.44693490319457,198.8415866048003,232.53591623918078
390.59000064490226,196.9636176918258,198.2479836210671,232.44828468596617
390.9401990071344,212.84401432161783,198.1711293842241,231.95032216063504
376.2506390841182,227.35787080258314,196.98694051443627,230.73216425241537
365.2763537462213,233.29205780484017,194.4092450922076,229.9486701230844
365.11955643459385,241.50436867865653,191.3615433001335,228.07752947744143
354.0253133550084,245.37947378495954,188.57609719306907,224.81192934555443
354.7337321435412,257.7977043491436,186.83518484102282,218.7287755597156
348.08899862637577,270.8370137532236,185.29358479008766,211.139885679168
345.41988036759335,278.52453929346643,181.8697048754625,204.95896454252988
343.4451327825617,284.72544870230803,178.09755612081273,198.13866818959892
339.86638531067615,289.1922067428495,173.3432802439661,192.17042238935394
337.5851471797048,294.47024946460806,169.31988767045965,186.78190324527537
336.0661692026918,298.8163963831555,164.03227733267647,183.38214566687793
336.2323015857398,303.99687465502086,159.55248010350684,178.85607805823633
337.41222094424586,311.2617991117994,155.9583020300722,173.864911128627
341.0053462608384,315.87425966675846,152.95683342508542,168.28179924379134
344.2308455021993,320.0480781628155,149.8604303651083,163.00172030183288
346.79082756686034,325.9299965654797,147.13999831548293,158.13200943491995
349.8168045205525,330.43361690487575,145.2794172794975,153.4718823654418
353.75633341036627,331.1476515741259,143.44531475347105,150.04662553170994
357.7912778861855,332.3147916919713,141.9840712409805,147.43199538575982
361.560537725161,331.8495967455991,140.43014781547095,145.95152378634725
365.52364447614,330.2701677095093,138.5900143878232,146.02929069298435
369.8009384651381,326.819265522689,134.97199276267133,146.86885446603887
375.8972048094058,320.20939979645243,131.0773659960719,148.71859556969616
380.8158281713456,312.54042756689626,127.24454575153194,152.30360938763425
386.287125193463,304.30320187670566,124.99031478255351,155.11895642078645
390.4355656475075,298.1413594355289,122.48172437510539,156.43657688816182
392.56678640630196,291.1982710856985,121.04226802978816,156.17567125902627
394.1868638292936,286.40852067686825,119.81435359365591,154.86387473629372
395.49133751120803,283.2043661579164,118.33875064167704,153.14475381203914
396.35771976595976,281.49137448652334,116.61869784433279,151.0404203251439
397.3046270857206,277.7406805267935,114.79762555521063,148.50535404385906
397.53068079759237,277.69387429468145,113.384585340234,145.87227359312038
397.63884014957523,274.97125559357687,111.73790691508447,142.4114660353075
397.66278943620046,276.05820633986104,109.9456179733725,139.42998997256015
397.9573423917155,275.56456168138305,108.45824711778907,136.91160206631062
398.26818293615463,276.3812502774607,106.95417988093482,135.14506920041296
398.9334621580844,277.1249118009398,105.25002265286693,133.10976960001477
399.6153902593624,276.69409531941153,104.04927776448844,131.26599494359496
400.48311713594524,276.73592320553223,102.91454817199408,129.24203417677046
401.968751273663,276.2400144078855,101.28659144479164,126.69095597814906
403.1867375139138,276.9553111857779,99.65856350049913,124.69396290768913
403.8435497148995,276.9216641265883,98.50434967952043,123.27754387604384
404.46963023507135,277.4334671238178,97.37747554613425,122.24971703221613
405.4571475759713,277.2267707075058,96.44337089706447,121.22301932776898
405.84552361859295,276.4019729748353,95.7109623802058,120.94400804452906
406.41038020671334,274.7805584423603,94.65651090858879,120.99905601397421
407.4595837284844,272.6788768197274,93.79568309154047,120.4387531062859
407.50884342481186,270.8233448387501,93.14383250257741,120.70264013495208
406.3027651045259,267.719529890506,92.91176068474478,119.31639843796479
404.7759448128606,266.66593442822676,92.69258031852097,119.0222391027424
403.5355181258757,263.86779205774275,92.71750941995357,118.25226522249466
401.545046242639,263.8977707825453,93.29208135453302,118.36001786853353
398.73508641783667,261.96816762041067,93.82399927607975,119.31412599295842
395.6251638776337,259.82548730859975,94.69799055094371,119.02270439001782
393.44940967920365,257.73067304841095,95.41884413594474,118.03432959923816
390.09094054920655,257.9569647277164,96.16837516937646,118.20555259801094
385.7640459407872,254.5879790275647,96.32330021232599,117.66151105886128
382.4278293035008,254.8034252421862,96.24584172893366,117.8164970614153
378.34885954268645,252.17427280656034,95.96889908656094,117.71720124373266
375.3829201620951,251.14756122840572,95.56983140227847,117.8196475514396
373.5075705197828,249.6221198892237,95.13134316020025,117.73516855835587
370.9458614388163,248.97374171371393,94.82121716319773,117.477431124471
369.3875282604727,246.98753266616296,94.6122344968288,117.39861926580707
367.45142956137886,246.9128637302813,94.30155864596253,118.13976021145345
364.7662571784069,244.00896020177765,94.18437127308212,118.04507140740725
363.4779045922938,242.99765908923172,93.7406167933613,117.92194838225495
363.13362221451604,242.810765751911,93.26518246825879,118.59048062135716
362.9960699833627,239.65314965483537,92.8664872965857,118.55818864940125
363.5006362530655,238.7125662213603,92.79913627802357,118.94987919322364
364.04240344754186,236.80201659336183,92.65059986489716,118.78151798092833
364.8546984133026,236.41393626522625,92.64032508554399,118.60043585031522
365.1179852288626,234.18459765826918,92.62912742621796,119.04773334544879
366.47287729377734,233.1111611355902,92.57904440532103,118.58033379635486
367.15678580054004,231.5128810918702,92.46140727861359,118.14909508809477
368.0113391803183,229.4053444547871,92.25034989745214,118.1953141256582
368.5845696794458,227.7601295481884,92.1836536229749,118.36982434885931
368.9763524890388,225.85389996382102,92.14103626361938,118.56902467894048
369.74264509505724,224.63159191713044,92.1711202095644,118.44095576904101
370.26562123076803,222.6415482092862,92.16787395086865,118.20242097708785
370.2558868291135,220.63716264184194,92.20778243856881,118.90214679718761
370.1485850326427,217.77256504132112,92.17669145381642,119.32116133416676
370.18085897130413,216.41828997856862,92.02380947058461,119.70964953759832
368.77600468130845,213.53871765006113,92.42790176715926,119.77811226025665
367.1463426070671,211.69711224188342,92.5816923157885,119.81594281805191
366.08165292932546,209.2866519184219,92.69483894231361,119.62003492798763
364.1201585265616,208.55991106151316,92.87151489116704,119.55068889732112
361.10443674440876,207.21493071717066,93.23489576855258,119.38684189824673
360.16012052432563,206.15148274627327,92.98860641954954,119.01984350143374
358.6999597045884,204.78817529629953,92.89700856058033,118.71187507122684
357.54165195021994,203.21061166083058,92.97556621752602,118.67158160012978
356.1204714117221,200.76990134692338,93.0529867942622,118.80163370530018
355.0373781499758,199.54364774184629,93.02858818134138,118.77929502922386
353.6448006665869,198.2597001991649,93.25579050567828,119.09854623946455
353.0605348006246,195.24887950873725,93.21313725911776,118.71418795982794
351.83275655272854,194.3237719584738,93.23118493342251,118.42155409184899
351.3191712535954,191.53853695007325,93.2455315923653,118.55013196158589
350.05621468777616,191.485482156431,93.21655456821158,118.11423964581326
348.7355624464233,188.58223674579477,93.07013598649469,117.80495583558547
347.5697838573918,187.7680603288927,93.10939246341624,117.96907145625488
345.66807162900756,186.33758477347442,93.21027676095932,117.4599466260056
344.7968202164478,185.37601229272366,93.3763292381784,117.42615987726387
342.70589379009334,184.26126097134926,93.53541120923461,117.62188790567859
340.59591915507076,183.37930324023563,93.84690486900439,118.18718352537653
338.4792900194706,183.35889532695404,94.187364478019,119.453562758884
334.5783471016782,181.82824527962617,95.05992473300688,119.81211050177888
331.67921242690073,181.61771010248592,95.51133319694182,120.70646462375959
328.11279931796406,181.16906990825075,95.79217872862735,120.98354491466904
323.85385070486444,179.68004755621504,96.20660038414795,120.82538156133687
321.10351299499735,178.85633645049694,96.03650706608919,120.73328405746392
318.21702099301956,179.72774427741376,95.57921782327954,120.97361674004081
314.6455352930159,178.70476095414082,95.56658724498493,120.80396763722756
311.774447071185,178.8098232847451,95.54991072996742,121.1028485821935
308.2833394677282,179.58760670567563,95.46633432997801,121.31623554053385
305.1699431220545,179.78038967644613,95.54047904921848,121.88319384377814
302.8738259697344,178.6894895421726,95.27940801404549,122.01977421410135
299.6903389923769,177.81055319112934,95.12026130607123,121.90314687994824
296.9665712261583,176.280297528248,94.93031514905539,121.48410379096171
293.918431664033,174.10871312111203,95.05443679497338,121.64772386484671
291.339324252272,173.95359204390374,95.00270307876156,121.4547929659987
288.5144468527041,173.00496646809523,94.75033442666438,121.47210479991247
285.0515034599882,172.31336555147087,94.60761912698264,122.06652022187579
281.2725721583734,171.30460280946247,94.4786645610228,122.35990828046992
276.9719455830625,170.8697011279741,94.38362960281896,122.99300079702255
274.1458658987962,168.6984086416893,94.30267282144914,123.58804195779408
271.2306083693203,169.40779398553832,94.07894002426083,124.4646809495089
268.1639800674536,167.75770465167037,94.14189604892314,124.53114289094168
264.61767289763685,169.57809636289454,94.58366152304767,125.3847184849118
261.9141243363222,168.39619031538604,94.69509147419879,125.93364961278861
257.74021630623713,169.17372193545523,95.15731602741083,125.50113101891333
253.60435679640952,168.88412067551354,96.30070386267886,125.15864724710207
249.80503517639946,170.38948601102874,97.09259871250121,125.56486251036732
246.55270822573192,168.4986223422897,97.59257198029138,124.54279117230826
245.49884787688367,168.22463627615815,97.02733144294149,124.6607769170802
242.35912194137495,168.14391235603446,96.77580987951072,124.41237579907369
239.84165379064862,167.20277980796624,96.4936489939211,125.16561197885122
238.16212788150392,165.4823083440904,95.97751937567179,125.08493224882699
234.94418877260088,164.11709891303786,96.27915601251475,125.97117028855959
234.55966963206106,163.5447280830595,95.74745679340369,126.53347592337363
233.6580307401919,162.33292229015314,95.27009206768157,126.42366933062807
229.5646927511877,161.34124069185432,95.47722483661403,126.58793524672336
227.65812533320417,160.00023998956902,95.33880751994741,126.27821692854619
223.98476468993306,159.46651378940805,96.10135083560341,126.27984422415469
221.83291842406751,159.3660538414273,96.17572093386282,126.33784621883868
218.14595853701718,159.67311539577764,97.19468074321125,126.0800328518734
215.04335970046537,160.3831300203837,98.50416174913961,126.43982332960528
211.91447101969143,158.68756228440745,99.91560799115011,126.06408258085463
211.83008318308458,160.15911071220313,100.83281016134642,126.54727170739523
212.13639216477978,160.1799511922176,101.3691647092475,126.54042779214178
213.45112257368874,159.8212808014568,101.72811889425249,126.50616920223013
216.885701344163,159.35621142968103,101.50209260940744,126.9022719054756
219.74065291360392,159.39517236014285,100.54039370178785,126.90453145695072
221.4643605707926,159.68878472886954,99.43375673824056,126.52480957634799
222.64269994441904,161.78117899775077,98.76916242263593,126.84383573585112
226.60327058428402,158.37013825872944,97.91900169176459,127.39919882629005
229.77556448360139,158.25689583314872,97.98532116165407,126.52251769329774
233.89598415058077,158.48698367858992,98.44021203704585,125.8640616232392
236.81421046234945,158.92299497573924,98.79457295492084,126.12752241307292
240.84808291818763,159.30494908062138,99.2574505255443,126.60441374955042
244.09194919819527,158.96157387208788,99.50488499204883,127.46648784666064
246.38315877384312,159.42026321860405,99.79238847869254,128.99544184672828
248.13255440944943,158.13503326780486,100.13045285742805,130.58957480588282
248.92888567962166,156.82350645793716,100.7660305686247,131.1980076446734
249.0117177697445,157.01114717710016,101.3956607328042,131.47844584421816
248.25352174018911,156.04414478729333,101.6442126448966,132.42921210559376
248.18448928696947,155.4747322494463,101.93795588318783,133.61155937531572
248.5150267694747,155.09172151038376,102.06061637225987,134.78006708834417
248.70808776208128,154.41800405270232,102.85389077796164,136.27438915709408
248.1166322286909,151.9355863217731,103.90268523981821,137.76411265758784
247.11863967408954,151.39653685237124,105.72954595436565,139.36167555274756
244.4822271473838,148.33538092694388,107.57247083840454,140.69609029361692
241.37795613867536,144.68843940856578,109.40157588606438,142.32938315855912
236.54388268746717,139.63126080274242,110.85649837747,143.96082639925862
233.57099352856773,132.59301019138002,110.14850529481726,143.50019631247415
229.32574671737433,126.26353124688313,112.10853331432929,143.10285976024477
224.9058400320837,122.5949221045657,114.18626172397308,143.01060035322925
220.4911594951451,118.82572071821068,115.61536711776603,143.50641107729427
216.1776106537434,117.33543380850094,117.52067973205749,142.95091454988147
210.15321888426843,117.93310914966247,120.02725078474029,142.5275401000871
203.3390979616073,118.64173044677749,122.1482475662808,142.52886802435071
196.0101410331903,123.19592045392668,124.36398937263874,142.10583747446884
