118.5,69.5,114,162
121.84384350390064,66.05691745899784,114.10580817042137,163.25770705893302
119.87867839454023,67.39056717862435,114.78328571084324,166.0250761606346
119.95865890532284,64.90529181663288,115.27464234531823,166.76012225738975
119.50929722556374,63.550531398263814,115.6365410612245,166.43049738604378
119.86110412661016,63.47518431609002,115.62307066552282,166.9064591931278
119.49488284375157,63.49501510060567,115.83503253885337,166.92189780803048
118.63172803596444,63.17464654871503,116.06366232483015,167.47406870541613
120.11096480988243,62.78097942573336,115.97616760923904,167.4394455419976
116.99604739503764,63.46578055607817,116.3542701849003,168.24346374372558
118.1092021102452,62.85485019433261,116.62687308892731,168.45625275949118
117.2270969426788,64.1502047215689,116.11568707701423,168.24405584910735
116.24049099713913,65.0554430760069,115.86137373387115,167.99855273298954
116.23529816101839,65.14312327040423,115.55492498614689,167.64118041206024
114.33304939099638,66.31303310168724,115.8146844719154,167.91078987051168
112.2899972166129,66.38308893233037,115.67903665393432,166.58475606338192
110.0729837078702,68.42902472757004,116.0952428363062,166.10564811616734
107.86290239918836,70.21743233389496,116.20011452578291,165.4256572634113
105.66375531476469,70.07797115804983,115.63502978838025,164.1166643137786
101.67335756509375,71.6768509626389,115.3856168908105,164.10679428055874
98.89467543802121,71.06857291325151,115.5303582163362,163.3841529582596
96.70831058149534,69.95550433751714,115.42902071823681,161.9061980839715
96.34944348926737,66.49801671732689,116.24704832294793,159.09162487006733
91.09835865494037,65.86892939267288,117.05329895473672,155.83416069109776
90.40318433556295,65.55471217940192,118.54623695486114,152.7254637604467
90.35175701157863,65.3510716543815,119.29869705584417,150.1558883403795
88.9618542715375,65.2197542664971,119.4159415961376,147.42966489318687
87.96113007288443,65.76879217353346,120.03434288956193,145.01144561788675
88.83054466011845,65.93048688779155,119.48252602989032,144.02305265123886
87.18230817187023,66.5243912853606,120.39245573246097,143.2181159309432
87.14020425066525,63.767681833838196,121.21866779058826,141.64418684967404
86.23127855982847,63.68826053377069,121.786671164106,140.12002328239726
85.94077704149674,64.17512617879066,122.32822062351919,138.65709545343213
85.14507334246005,63.90581840232554,123.49094801890323,138.12252067490334
84.41652329481103,64.76881063120757,124.32149815501853,137.7239763597708
84.21807817812781,64.91846839018848,125.1014880635635,139.12169865785665
83.75580041592639,64.13325851590523,125.86570998434581,140.21159681690557
85.36160894708652,62.499403863610894,125.63218630772197,140.58076586308664
87.26496367907829,62.616929204704434,125.64583583536134,141.4114593425054
86.39352223846163,63.34930372364592,126.01765727231212,141.75034697473504
89.59903956500672,62.5622351972809,126.03075878102615,140.9225460658867
89.28584625502772,63.68911692256427,125.80321927879558,141.9849490162294
92.28025909226174,62.27227462180332,125.68928345494399,141.11471039234846
94.59284446004607,62.5983002753334,125.52622085459873,141.0640527849343
96.80167665837587,62.02446610836732,124.79061884540556,140.32414585012103
99.63258204187804,61.08104334533881,124.1153383823563,139.29028081251838
101.56060548791237,60.130287164578874,123.96139701244341,139.88280829835924
105.2710932379044,59.75942123472059,123.6814475325094,138.44646961287927
106.27065004781056,60.838105535357386,123.1981980465319,138.40505016550583
109.36748559396882,60.86643625392131,122.74512515596709,136.59977096009032
111.81551187339286,61.21486536587341,122.77605547675768,136.48994487548742
114.31908489476541,61.38794364132539,122.4630660807411,135.267203079451
116.63195964062774,60.15117523675916,122.27120025600864,133.55470187131053
118.87708270590574,61.140441375812316,121.58521437935889,132.3850857447278
120.92589892125477,61.60445105661013,121.17276642742057,132.19130441165848
122.13631851988065,63.06071175153555,121.57334956865455,132.3087467535734
123.71452501895776,63.20546145913215,122.05669730315108,132.39315535148558
124.7295625005701,63.78417015571395,122.00083653613156,131.61386368549864
125.83938758785932,64.03128970605647,121.58555724168005,130.5318355261283
127.10781618164486,65.42203674150163,121.1947962836622,130.5259268682171
127.6468719958909,68.37915033387938,120.36815608523334,132.22516213158173
129.31682349455536,71.20916008053563,119.80418039312599,134.17022944170552
130.85867430467653,72.47520989200112,118.6716674563935,137.1969486359132
132.43254796025263,73.16627920175154,117.1003081466832,139.39783952500306
133.4367524405438,75.07599219876623,116.10689690681926,141.926173254637
133.24571911072587,74.76320920495642,115.96773239198616,143.59239652413223
133.53976674275526,74.13502416442873,115.32715773787245,144.30211846046564
134.8315029371458,76.08671013044622,115.09672246800305,147.11588481883592
135.60449085154085,77.32232606757108,114.90582176013893,149.85676012613527
135.9798656328041,78.1763722915482,114.73079489200938,152.12034855777392
134.53353365580534,77.57287212979708,115.06815670290999,153.05797439149194
135.91262757223794,77.03911009449718,115.15421263492208,154.62591658867484
136.40422554004147,77.36550965335178,115.30931246900649,155.96395385287786
135.81445934426281,77.02750216147766,115.44645427561812,157.42423471244246
134.33929112236623,76.8626734130177,115.46315071620693,158.6446382663959
135.6777328320694,76.28771197697665,115.30151750279425,159.69925791594096
136.27457974545547,75.22008947752286,115.21855921164376,159.9230830463793
135.53249820589042,75.29820618517837,115.40601239563992,159.56220021247583
135.3850696262815,75.27370950760883,115.51339895484872,159.28738909969843
133.7137681375209,75.09641267157878,116.15103634093933,159.92584217369983
132.58242300848968,74.78775773688736,117.14658406474574,159.2392730204844
132.36789121759813,76.25426704618133,117.95105218325298,160.25829125950145
130.27690288797567,76.1271917098343,119.408240415145,160.0760655989588
129.95055366746683,73.79688287834195,120.1413254128476,160.1315888291127
131.89028656084315,75.0175035301182,118.67815825394838,160.36861500450306
134.11085396136895,76.2322433514567,117.48420367636172,159.69103245845997
132.80684924169782,77.48874543311523,116.29498454095122,158.75477022896555
133.06740030177366,83.78211754542119,112.93488076522088,162.31410602144348
137.14919137756297,77.89419128552666,109.30113622197966,165.08898960812706
142.3510890449262,75.93507335713983,102.2778845960545,169.49225927503943
147.0143611306081,73.2461740926432,95.64961670604747,174.26024864380014
148.15518613121753,70.94303207785646,90.61002402828447,178.57945497824232
148.55085832591595,66.58880772982903,86.80888802626248,180.73594225233063
147.73356985117263,66.70974218887335,84.06763432541953,182.72423023274052
146.32125208115596,65.71125253526162,82.45191265720094,183.4114323993466
146.64181372831928,65.66077915934358,81.27757300564318,183.91537235339217
145.45046374514146,64.90823654539902,80.14424623669296,183.8329603469368
145.10017586460742,65.3862747150441,79.28308052647051,183.18515216727457
145.93991929821172,65.25118889539264,78.45619471059247,182.94272028523042
146.02260101842307,64.98452800274907,77.6554971360679,183.38354247165682
146.8253713880847,65.92732102849155,76.37031854741369,182.65424170612158
145.68597283017903,66.79814393102205,75.43863401954829,181.75631442980813
146.75316663444198,64.66023440464924,74.47246979206487,181.0736731515906
147.1151378028366,66.96977212377207,73.88217126125629,180.3743443506893
145.40585665608666,66.09897274374836,73.17596195975497,181.01264420822514
146.02654074275074,64.84347915885014,72.91320859355575,181.2811902006534
147.1635742530125,65.3093714506584,72.27664472015744,181.13166710785873
147.30616755761116,66.21738528589051,71.84521208003345,181.38325327749766
147.55356536128278,65.7727884754057,71.48890816284904,181.90567976022456
148.1369452637572,64.4744701905652,70.95008966830589,181.84830341143328
146.29084750619802,66.89984770333203,71.12988550996236,181.20526961926754
146.80314216118845,65.16126363961031,71.150557106201,181.29087981481095
147.21412586778644,65.87603935841052,71.0803049954724,181.13742352911177
146.99819140597313,66.72357961084171,70.98723342837631,181.16582503699811
146.8358149687113,66.74057236818234,70.93457058625191,180.86856982965747
146.48321442405768,67.2872870218819,71.04582122513877,181.61517691447028
146.0989713885365,66.9717196253657,71.34845208516155,182.03667659879335
145.944703002341,67.26449121970043,71.49869720475394,182.30411610999494
146.21155086683393,66.10319856313974,71.55634386535169,181.8395739283043
146.13526168797847,66.31169642841834,71.60439045062785,181.50927114936673
144.37104590685257,66.03155890829922,72.2432758569501,181.89038473039744
145.87789755205927,66.88325031050564,72.3013739905632,181.75067887930032
144.0506612363286,66.81964072631106,72.6067348265991,181.61518020463376
145.81607808997052,66.39103267757707,72.46223839958873,181.16021447169555
142.5173489091315,67.08544264822996,72.64584216226771,180.94312254533577
144.81997143235205,66.32811193684647,72.7330772031069,181.09912970746737
142.44023547596635,67.68990887444848,73.05665939496157,181.1420534714235
145.2229112402013,67.08513601975787,72.90913165799556,181.21906849156522
142.75252695434284,65.74569889003388,72.95742748572444,181.22394892510073
144.22739811056985,67.18931457667684,72.92586277794572,180.66123217927148
143.93623672746025,68.0441289946898,73.19389537826376,180.38881342625336
143.3610039416534,66.83283483959488,73.49249851930492,180.92590619296328
142.57873187390402,67.41771270782493,73.54393356685965,180.54339668376758
143.3558584949803,66.70913490638327,73.43216494194037,181.18995345785834
140.25517053379554,66.27164813666712,74.07957005055867,182.39928548084356
143.12998401766717,65.24280045642797,74.18528737831713,182.28990306155197
141.630672246507,67.90485281174831,74.5242892050918,181.56029793892398
140.53493456141715,67.20894500122213,75.14638357666007,181.65207343412948
139.0599900072581,66.6094497448919,75.82003996555676,180.2594532767002
136.37731850459738,65.34377511845938,77.0425039616314,179.8275225670256
134.11302666402014,68.7198629849701,78.87162236797505,179.9502571886184
132.56206359671538,65.81559211500385,80.96557244743936,181.7623606637041
129.76991135845765,65.80160594886786,82.8091223196152,183.03694018038618
128.2324788536773,67.4646070217403,84.89120008724018,185.9352427106972
123.04932061459161,63.28561428266772,87.80143994340229,187.47093776831014
122.33532665871257,65.39526289724856,90.69265035882245,188.19018195150198
119.03387089699746,64.51305587095604,92.94375142693043,187.96830864866405
119.32488057874576,61.78590110432438,93.79141920580595,184.81174114487902
116.04362865092233,64.51896816419793,95.38391135033218,182.98817036818002
115.4669893455012,65.03982459749862,95.73171973297926,182.02559531115324
114.89124524038652,64.84340893608108,96.08626415944856,182.04017818084807
114.46292932783457,65.71278448955758,96.5418170749169,182.3021704630247
113.78218739303425,64.79805546393965,96.88105363006443,183.015395523042
114.68202517099397,65.19818245019057,97.00213977858988,183.54862429284972
112.50931030991369,64.11921930495426,97.02180102998628,184.12864361711294
113.58615487450466,63.33382763592709,96.8331180138567,184.17821688074253
113.43062940881276,64.60394762236257,96.82554230301331,183.7038786641582
113.48081306303177,63.56064403850874,96.78945215176277,184.20426091826874
112.45071682057659,63.3993776612797,96.84463522390764,185.29382325618096
113.70863904205709,64.16277993536676,96.82125413124265,185.4234927022619
111.01860481844935,63.73273812643737,96.68695785906725,185.64757103771865
113.10368884471288,62.69231277022463,97.11666954820889,185.21290618427193
112.8325658642367,62.86548985140419,96.85237609284808,183.96790328305173
113.36383042435776,62.39757856783983,96.51621283688284,182.1632218237675
112.65515873787058,62.874039716333186,96.35982931738592,180.19428697738044
114.61365424735655,63.44434733811936,96.26901565704128,178.7154130203243
112.8101754122397,62.13692054213294,96.84164033662861,175.87587179494483
113.61050231956476,62.63250380595264,97.78727000548375,173.09996040856367
113.35971230467268,65.73792331350559,98.84477814634424,171.94557509829176
112.73811345981564,64.51432240232168,99.82504866149017,169.87616057620767
110.02585313718583,66.79615951373638,100.66517818965383,170.26747674034115
108.3717961546636,67.33069478937352,100.62938599052897,171.54187366305064
108.20251968950137,62.48351500883922,105.48670532405167,168.3787846462384
106.17189622046979,68.36575936553307,109.0109807526582,165.90082928856359
102.36258539247122,68.66215530468483,109.98311040426083,161.98160637426457
102.1326367250345,70.76436163319426,111.05313340003056,159.9365116875216
98.41773677863209,71.17687512965654,105.49684549376312,163.99292104255846
102.42637167252182,69.02447033958136,100.9069205050254,170.70870893996957
98.3503857605397,71.9856155756012,96.35325821186318,172.18165019171528
101.94593089564907,68.60183762371143,93.38204280050063,177.2464657838722
104.56145527588885,66.65662567654705,91.31292150164522,180.83937407728124
105.3938455959009,69.25749210948183,90.16069014274143,183.16596676912042
106.32949152567653,70.40982218500764,89.29109200877612,186.46449274859248
106.01732755696035,66.55671413239624,88.52057469893978,188.7481286116583
106.20594648951808,70.5265569398625,88.82946092020431,189.55363838551972
105.83051086573093,67.30899618347428,88.08467090908113,190.45368041907864
106.65972797620371,67.52118133056423,88.16601592206806,190.46719529011327
100.88586460866182,68.05225481643029,87.04981367155615,188.3752934412907
105.33279170041175,68.13666213231066,86.19490468611538,189.48149189870995
106.78908004023751,69.40592842344124,86.14147627039512,189.0336642343565
109.19571678363695,69.34298584216414,85.92919069482059,190.09816841451172
100.22826941114675,66.30766566902659,83.56285787022091,192.66085821642952
106.18267258932691,69.64768076523933,83.4535252763728,191.94244644746595
109.14056040807023,68.14852856222466,83.21730553183049,193.53378977008313
110.83338320295266,68.64845840217814,83.51199307957786,193.37487074445397
102.39813549612217,67.0053844048833,81.72439027241364,195.54198826342719
108.86550588210417,68.90913429431174,81.80605174501751,194.326795336911
110.10417160158732,68.11862237333347,82.51380107272907,193.28164282159827
111.44157032922462,68.88353515959543,82.7486289092788,192.7506826150564
112.33799468449487,70.52512330704026,83.19500248687,192.70911255567088
104.67508379257775,69.89012904844057,82.18052084968375,190.46392310770608
108.27781437887771,67.3602291604101,81.78793733211313,190.08975386292352
108.61244389688031,70.90753823989408,81.88080021192519,189.19588414755907
109.7375382131977,67.94846820190136,81.7442490266476,189.47602850363484
103.07639482590722,71.20096755119627,80.55407699995902,187.1627898682164
108.28705092946699,71.42550196163855,80.25202462712903,186.38343469350534
109.13542212635744,70.04591225462127,80.13540124713442,189.2702041081693
100.05506715932728,70.62622158142382,78.00298793595552,191.06511037598145
105.485997588907,69.24489303515371,76.91968771522379,192.77894399268396
107.65015776473024,71.11615493865742,77.93739902937932,192.16146691571805
107.63181878291334,75.08519555317505,78.83595270588467,191.36157071094425
108.63233104884932,73.36014259919153,79.56051315783839,192.04397904620316
99.75846070000983,73.33349648386687,77.63769492607402,193.14352948798836
103.97022953753094,75.21963867928534,76.73213925710479,194.14398307704033
107.48766402892582,75.30769933534691,77.71694648281112,192.90074848462086
108.2364842109962,77.40594801266302,78.81209553021516,192.93288739478967
108.92781544876986,75.95013323054889,79.96660489533556,193.47220083696288
108.49510259953033,77.68601401388977,81.49652534669853,191.81294904544285
99.69418148704193,74.94454784457835,79.78375041469293,192.06538926904494
105.80719570718246,78.13688362764366,80.85477531150903,191.27666449170218
106.89885092484676,73.06331079111422,81.10938401604248,192.61680905086945
106.97111704328499,72.38282946153717,81.87785778683738,193.12462432251897
97.42464636310483,68.3960735176037,79.2729746690483,197.32593538755572
101.69371463623645,64.27353763957322,78.1617175287604,197.49281920111179
105.59420277861969,60.18819055771479,78.58062230173317,198.7655360126863
109.92401103840191,54.575481225589286,81.21754794983231,196.45669964916632
110.31407903084141,48.361682466333036,83.24386233192716,195.1282327527008
111.71862253664342,47.53277790298627,86.93257662418668,192.07207550976543
110.48915415389467,43.101249606513306,94.8863292161002,183.7364226147963
108.83155117990417,41.55463025827707,100.96069449063455,177.43224996483323
107.9520494463413,47.40183812284886,106.30815435004847,173.61912705566647
108.78229605419324,47.91497563766772,105.77551464710861,175.6440102158023
109.59858375019505,42.457463330018285,105.32281474815458,174.86967230516123
110.65682649871236,43.45292800282381,104.15847405273664,174.4874048495801
113.392096198593,42.95822902532147,102.60081626575308,173.94841442358043
112.41983625168422,41.35926629088064,102.58293953786654,171.14018297107538
113.45966603696382,42.19063253991635,103.08626894473957,168.93836132972774
110.6490881322313,43.85264119365455,103.50771295458304,167.9286722159159
112.21110447857683,43.19115342629637,103.31392589978566,167.71074608971307
112.87783498545834,44.27280259514768,102.4165649517308,168.20726735497675
112.09681537447406,46.874404642350584,101.25242624286744,169.12847198249477
114.76185845068383,48.92578501521234,99.66288107174064,171.67308348255983
114.46882540061755,49.97673301883029,98.397414235777,174.98216531574752
117.1858744046455,47.25628990840468,97.28599145583999,178.56465262226158
115.77512598535057,48.36904012219196,97.16442455846793,180.98257861299146
119.26776705546433,46.612687167302525,97.21025461230168,182.17087193846552
117.83070507368322,49.68059720392128,97.4973243232394,182.55489448989232
119.78752745315728,50.37882578333284,97.72786796837453,182.6492181614525
119.55982622278684,50.27473686856064,97.03697368953718,182.50107015600736
120.26322820761632,51.20368838277099,97.0826697055731,183.09759842298155
121.39117885763656,51.47595123275106,97.00497937927226,183.06544044839373
120.11295756205321,51.63821308297652,96.77285108954905,183.66965689171874
121.20210494941918,52.496440103443774,97.21066616283959,183.54988384958642
121.35921148459221,54.631437016830205,97.46136326590967,183.53615900093246
120.9263299042064,55.33510622074421,97.32837186573384,183.8336780617095
121.94862933929352,54.99263866071635,97.15450864085382,183.01648994510902
120.93296516315401,57.94996247982188,97.34398301688313,183.9771145809153
121.13170320644461,56.9046701346135,97.4139423498614,184.29286666501645
120.06658860533348,58.39193177621483,97.27094314517754,184.1202571200645
120.2736562098168,58.95856035869987,97.19103368021992,184.45629128447828
120.39275023873311,60.55211521051629,96.91548962944424,184.47711643726024
120.44349304872068,61.19539624287147,96.79121852654094,184.38149701762282
121.11133876084932,61.43535193941379,96.31196383171482,183.85881595405172
120.56385148992753,63.59903957385936,96.26512390326727,184.0778455237226
119.7524003304212,62.911008438481346,96.41815005212155,184.8215708799393
121.0065963900551,63.99863159201482,96.53787430210119,185.5987314561121
118.78089765169803,62.897874813838015,96.35293116068178,185.52993699473498
120.56921281184768,61.10355318808158,96.73056285858623,183.3888877871414
119.41978861326906,60.05017906433034,96.42432922067874,180.3431554323795
119.9677906010084,59.82117475396707,97.13961157542315,177.39668812575312
119.04475925548462,59.67454462549311,97.95144188846473,173.04377872022545
118.33594438591268,61.70877709802619,98.86064525937206,169.74856721601623
117.95864969297283,62.983435809001804,100.58126858079865,166.54420476156378
116.51047347738002,63.3483919547746,101.91354733015291,164.01885298828296
116.17524210820731,63.49157351498519,102.67407394590205,162.04186002796462
114.71816651203463,64.87328351419927,102.88247276550572,161.48075130692598
115.78893953488969,65.43282067559082,102.67479727376593,160.52378968210184
113.56191953136948,65.98705339032892,102.63924663596991,159.88003132917515
114.41091379614898,67.33340539089399,102.3497308828239,159.53030628236021
112.7535345389179,69.38813491227236,102.02644503998626,160.16788226615375
111.54781713523424,69.32631575185812,102.29641394502508,160.00954054929304
109.294190885716,70.09576593576978,102.56970438504054,160.0269639481781
110.35795245287753,68.63467001979421,102.20150747027624,160.6095518792198
109.68730940572787,68.99225475300919,102.08680730320773,159.39894598281242
109.3675698342239,70.00719670537862,101.9995761863013,158.8042162776738
109.17611113018624,71.75153598020964,101.49298248597816,159.8356821905972
107.51574655671534,71.06556769908657,101.38755988044804,159.05320886743684
108.20472689387445,68.99475179541413,101.1735888692539,157.36214995899192
106.66912014527134,70.8094047281879,100.70246637936907,157.38402769863848
107.49225178745883,71.53844321156403,100.47966679719593,157.22336229289849
106.33826959721182,71.17981838840305,100.35474553086988,156.74413595655443
100.07241152861074,71.8927808282837,107.07641308790235,148.666560171184
98.12904794811142,72.98238631724521,110.76700013840829,143.7747925926903
97.91471060600517,74.32247533686831,113.32945220261041,139.87501256465168
97.5010720408851,74.61138047384165,114.97254943077382,135.5128993407996
96.49973802258259,75.38841667617385,116.78819472176957,132.81022790754787
96.09105080231016,76.67486066223356,118.14780352348615,130.38102649820502
94.65793921299078,76.29496333354152,119.30690294571623,127.974313911479
94.27126348024117,77.29022647020867,120.15627077769722,125.63522503991622
94.08795966768068,77.41101861175764,120.72332286273335,123.98280739805364
94.03258447599919,79.03289772360739,121.25093141255257,123.61662624077563
91.36288223116352,79.0190003225868,121.55538469220193,122.77477437438267
92.56661021322459,78.8120823446497,121.27718688390254,122.17168249193139
91.7554505484176,80.11141227272108,122.00866484865601,122.08025554022282
92.8702928643209,79.8607546356374,121.27643307195956,121.97706765963554
91.72151340583721,80.66785823573295,121.90640435102563,121.8546003285622
91.7589596988822,80.80597593486107,121.88271091800135,121.46691293195296
92.831851299359,80.49092006036318,121.63978049071412,121.25072777447748
91.2794305445758,80.6148710270086,121.93786455017677,121.04830630111513
92.3460970981169,80.01416600191666,121.83809624907906,120.79094476488085
91.93444529272325,79.86182503631807,122.48229237266466,121.06620459544467
92.05153039077751,79.17930975908477,122.59714212122394,121.38290543895087
92.97973543944556,78.47027903143561,123.15342647808097,121.55458251200126
91.54576999482279,79.93946266867736,123.64228541641404,122.91508198632758
93.40901777601565,79.18109971203009,123.65575600812684,122.96833100333613
93.88630363944463,79.10172214919378,122.9237599159868,123.73884752017162
93.10608501510436,78.46091329086381,122.70436992753814,124.0958150445708
94.3296219810578,78.43360952218151,122.03180852500444,125.36625183513212
95.88968999252845,77.39293111728696,121.19636622001968,126.37178974862756
96.33649171265452,75.90802092139027,121.14734176116707,127.1691562601109
96.75251236486795,76.29277295477205,119.817956588723,128.29069120720996
97.24439994546961,77.7313272227409,118.49712893323222,131.9438098555679
100.15287290326407,78.94506494534106,117.24560650626023,136.36919533794938
97.8961448239271,80.84378402345575,118.49981750769233,140.9767407022278
97.31917981488304,81.8346022188768,118.08544882830884,147.72549199906882
97.69447449725745,80.92407980370555,117.5965923994655,153.19720092052154
98.23722411315575,78.07381420339942,116.96224719107778,157.92130915560722
96.02237791238852,78.51999881708812,116.96606392885491,162.0709368841014
97.11370542367683,73.55719500074133,116.85181787234274,164.31972090076715
95.76305169650297,73.25041581322316,116.56253713851908,164.9152521657782
95.30549972329952,73.28084432859944,116.1175733597444,165.21815873561349
95.18786184462273,72.75915475921224,116.04675003009808,165.92919596497933
94.44797176810962,73.46054871318387,115.99136391954397,166.65461311799493
94.04878341449287,72.7149408854369,115.81057137724287,165.85565762709604
93.3033094682815,72.65062212191843,115.78541492911233,166.1866544728662
92.67081957350378,72.01676136993619,116.08741790535143,165.88768577030297
91.53805781855826,71.89569911748067,116.14049520247391,165.26027685560493
90.47351269716216,72.14860407953627,116.60777898107085,165.6503538295345
89.91137175206246,71.65483654939442,116.70226951613719,165.6689206772137
89.43299611141163,71.82596063847072,116.39633502168203,165.22025538700865
88.54938362391223,72.26365440904274,116.43624612052878,165.4232107604459
85.84259193709978,74.92758339906108,116.52761107603234,166.82569230753936
84.4311943203422,73.65505783513662,116.73980321544656,167.59107367373056
82.93355996497772,73.79522232009005,117.04763415342465,168.04378110271134
80.8498313654116,75.17468730174025,117.57234848031874,168.30118519626518
77.85548883994964,76.86634973986259,118.04962043386107,170.55491857807715
76.44173751570102,76.94738925426849,118.45787998505301,172.14754187890097
76.21449024162848,74.7102071255662,118.4344561169364,173.02853855970642
75.4654423676834,74.83097790724446,118.22781312867394,173.37133965486964
77.82536013011747,72.68405016646153,116.95942747486902,171.54769769228267
79.4995325089208,72.45373062307715,115.45667760022747,167.88679432528556
81.83410071239474,73.60048268704477,113.26807741573745,164.6516650790947
85.15623975492719,74.3448018632041,111.08034039207394,162.28851763063042
85.27742971392028,74.83637551297709,109.21780204017355,159.21173119572373
89.39410749602376,76.78588953575448,107.52932352827372,157.5352356609264
89.08434827362078,74.46803752531416,105.90594398571396,156.40766310481118
90.38132600065661,77.49402310433915,105.71177667289291,156.52759794117648
92.3270912631693,77.04020239430925,103.89987270807873,153.47562651486177
94.06743076758076,76.63574201472117,102.21241696108899,151.7932567047325
93.25986916359301,76.38186914105567,102.0338924029512,152.51724559991354
91.09631654433763,76.87338675604427,102.44401189126361,154.23035876547468
92.64616681807468,76.36128553411902,101.44169651186508,152.94960477316795
92.417429545895,75.87374196228603,101.28424042649421,154.40449661148648
92.12946896155823,75.32166090503165,101.48566799622975,154.48479231097144
91.69517402712833,74.50120585962189,101.68170784248746,154.62759866395984
91.34499104437015,74.95181076825325,102.00794001250404,156.40813628322056
93.3661547735432,74.4323164923244,101.64952840765828,155.19963276011183
92.30438112483465,74.88451070543549,102.13593102028383,156.3457957483794
94.52263033405765,74.16887686040481,101.6368601225898,155.17106325342795
93.80591522365225,74.1563354088442,102.31026853763736,156.61199298119516
95.92120452661973,74.87971372603766,103.16825289709543,157.21385752448157
95.3660837240735,73.97715998595623,103.14988746750467,157.36762165900234
97.1974521865643,75.56653532510697,103.62897907951036,157.03049667116107
97.68657731372123,74.93173338493565,102.55205913232257,155.71856139745097
98.60785230928131,75.68731035284235,103.33666444515748,155.51436697148714
100.27126568817476,76.3908654263185,103.36251956259945,155.09576653913825
99.42775635855254,75.21154669040334,103.75622674513644,155.6719682361654
99.48546983276769,75.80236007118842,104.6482112766561,155.67582647997398
103.53834865855546,74.44097388724862,102.92295680272339,153.52523535298053
98.86223749698974,75.24877502526815,103.73487875659212,154.7436606057043
98.28134390643892,75.80512973600759,106.10612202385252,155.04881467242274
101.81050174819899,73.9523652548333,105.49878795730626,154.31384528272054
101.89907338240327,73.97643276631746,105.1735596907669,154.90190413125032
104.05794691953012,73.54698763276387,105.55476958291334,154.54783546643458
103.56546398291898,72.48537918443549,104.36079849782263,154.20372953670585
104.38548384684842,72.15778872453166,105.34778795049048,154.70835435411846
107.40711282072331,71.09133439813573,104.01993880477319,154.1196109759655
106.23978430776825,70.54630482734464,102.92432039046724,153.97132473294988
106.96173187641881,70.64507851184213,102.52014769579307,153.21635788506163
108.32588712355928,71.30585977982633,102.92317484418182,154.42445819661214
106.62840022900676,69.51779183956266,102.54540803079358,154.78661864760457
108.39467686318183,69.84784350563778,103.36724729097736,155.66537229863914
107.61973805706548,68.1641871544928,102.79756561518516,155.6198365283339
109.875169712092,67.8539411055894,103.2125531733572,155.94294919203196
110.13650055304193,66.17922485212353,101.69278309158935,155.10954373585946
108.67900039441213,66.72143092971957,102.08582577296941,156.4849837992953
110.98609603142195,66.4593607751124,101.63890325200154,155.3395233833357
111.20097649623318,66.64791559999335,100.62026178343866,154.6197481506785
110.70200587102305,67.41694863183892,99.72379898017087,153.45327478746879
110.64990372528814,68.19951725808609,99.23979841095343,152.37742887508713
111.96878658144428,69.03609534419468,98.64274886990579,150.8882191335531
111.02050903168984,69.134454806735,98.61837668326662,151.25238986978457
111.00932585427674,68.6145804291231,98.77387467626208,151.93404992304494
110.93101621594371,68.76197367285957,99.54637450188217,152.38779000875314
109.11939895088518,71.27541312395346,100.96251770051728,153.15284893462933
109.1683333235841,67.21843598556413,102.18287803436598,154.53213066502127
107.98609089338899,67.33694483688575,103.90629884694279,155.14672785486079
106.65085969841877,67.08006909452243,105.68073939392666,155.5519959356663
102.07964947534632,68.67129453601027,108.78722586866657,156.3578494292928
99.99208230943336,68.55538974743793,112.2765408726612,157.27526465161722
98.17811958073881,67.58572796837602,114.49788147115595,156.66023330365888
98.20245230785378,68.05808412808017,115.51530707756443,157.44911945493845
95.69004702405942,69.3027340072976,115.59327211368952,159.211599252778
96.57963428243629,68.73859156619841,115.22035832577185,160.8988907067461
94.38501352258524,69.07226302573491,115.20728756672638,163.4635509996482
95.6573683061693,68.54864985943954,115.13282932135085,164.32238061016062
95.61691911220741,68.91388999510667,115.02585887573278,164.95328687637823
94.38483418804992,69.14431620140046,115.12006936964711,165.64550264864326
95.72335936864627,71.24894295189712,115.46654639225875,166.35071076035135
94.42885975691928,71.79540320514786,115.69742493585738,167.24949424097144
95.22833817999378,73.66877297664756,115.57038893760112,168.04522515314173
92.4830379969382,75.29664983521576,115.92461673748917,168.22060494468758
95.24057857691173,75.62545699393421,116.17563693786315,167.44898705836297
93.18418222875069,77.87414483886654,116.47588481149236,167.9669979499192
94.18699544973865,77.60792691997348,116.22473157889755,167.17397728765192
93.31491903785566,78.48174479513838,116.22940140381556,167.10781312354953
94.61460257652764,77.95917957897134,116.3464306582587,166.0481640739958
94.19099589574078,79.82391944079897,115.99414512800197,166.0440516580035
94.22320528838664,79.75346675654197,116.31533170774819,166.8777603497864
93.97561404284414,79.33827023382484,116.34575776963776,167.4352970107049
92.67486260997528,78.48409121172499,116.38475443649244,167.86237715993084
94.12001160713878,77.34982331075838,116.23830571966178,167.94967431058842
92.43495831025824,76.73003872989949,115.86791114803285,167.57772294351287
94.2993111320983,76.30897946957711,115.35643677800387,165.6425403910833
94.29109758687888,73.94870655562175,115.10151783582322,163.47672986523423
94.08242112377138,75.6195516183505,114.85903190677165,162.63996999757398
93.81629216145063,75.28762687772722,115.46561294169555,160.45969849951146
93.99136374454415,76.1439344568407,116.01259716541638,158.1440140358646
93.89163734183583,75.92486302358944,115.93750954648607,156.3072156963887
92.85795791890169,75.35340275193437,115.74755132616173,154.9890361382279
91.81266345402122,75.98710244547715,114.76490545939862,155.19842133804877
90.27329715994946,77.19364925014543,114.13043747838931,157.4094641766187
88.3133924533702,78.27115925118052,114.19068711714901,157.99793415524616
90.25849429407467,77.92904713295977,114.4423119727274,157.5170389821265
90.20983120884155,77.79882769130168,114.89330346525898,157.61993678413336
89.26958611377614,76.40999790088851,114.68847199057963,156.8567335662689
83.57970013953238,77.08046721693329,107.09699149766091,165.56807631387906
91.32295305480984,72.06422100888034,101.79530393492823,171.73478646909018
94.14455362609658,69.68995307507103,98.55194982299442,175.500431611573
87.05065602426129,68.37755558808027,93.36006248577144,181.90170749871675
94.25104995543329,68.6784337078201,91.1306241488791,184.199350062948
96.05387725108375,68.08665427126263,88.435273329074,187.30772172979465
97.54856996819399,65.62678494266966,86.2907995893802,190.51656568311554
98.139507252606,65.9316691712427,85.5146005211875,191.38257830907645
98.14410321364556,64.9505983767385,84.65572197648873,192.01780880628036
97.11584207696438,65.47153634692819,83.64674589780032,193.29249098853586
98.48233852893017,65.41756816129597,82.69066735200778,194.56661822245593
99.06639032159885,61.96551084402353,82.22669638319034,195.38809411646128
91.03199292173531,63.257628524487046,80.44227310430416,195.53203201145465
96.05053134973501,63.837295478862245,79.74334913374176,195.43865719865914
97.9102727163505,63.134398781610386,79.83944867590138,195.56117546575197
98.52207797150405,64.7891939203607,80.51447808296797,195.57557934794983
99.56678404908254,62.69583508143509,80.51837771446259,197.18432151425014
91.9487243074735,65.17229971559597,79.68765988688966,195.69348726812993
95.53237457165679,62.49256751753589,78.58133300277966,197.1307252352645
97.07350458293848,62.73654795478686,78.54077906542138,196.30942338810058
97.75411699289654,65.19148546624967,78.90783502820481,196.16236717849893
97.59253138523631,62.637319049098565,78.83250293999745,197.25550845777795
98.45148051605044,64.49359234342938,78.90789469740454,197.26078823554087
100.06770157953088,60.76680274312143,79.23336563540033,198.08073143838456
91.64187252462168,61.88346073056739,78.04791246287009,197.41786576943136
95.61375723626483,65.47640103524783,78.23261441409551,195.52660185928923
96.44034291633938,65.87670130910824,78.91433270429127,194.6889606346468
96.91370635549731,64.58825703166781,78.84337293775366,194.9937325284559
98.01231003675312,63.75648129864666,78.34305354521273,196.77861465806
98.79995951994141,63.97467775688993,78.4107601883485,197.10071474780287
91.2448555361855,63.3710295387839,77.91793795108735,196.71460319546665
95.68940031969674,64.04345956540027,77.91143486325188,196.34462920199496
96.84585115557906,63.323924806336876,78.45369056682294,196.41193727889097
98.9134945144362,61.75296278542392,78.57523835609722,197.88466793368534
90.24171769418454,61.397937220626375,78.01936649000871,198.00583876275857
95.14110849719408,64.9772274195281,77.99351884395057,196.64478090981595
95.51602361921019,61.909980895113165,77.87665249571607,197.22834155126668
97.02683361683044,61.56560663253208,77.89051848337047,197.48191343567987
97.77479193111726,66.0863125543646,78.50822189759774,196.874837300633
97.3832984966181,62.56138303997784,79.02325793375228,197.63161886053445
98.2253769077674,65.00728635969494,79.57141164497725,197.78701337771645
90.27504917708688,63.63737509382074,78.2641527539213,196.39339350757888
94.5881286616152,63.881697601468986,77.7141465863783,194.821835212749
96.90808283840798,62.07835977841367,77.95001500052346,194.1554867766758
88.78346821293546,66.57883173423484,75.09930109045777,196.68315309452564
94.08660273873974,62.70578115697546,74.2161460525211,195.10189886421773
96.04864167475209,64.24522680311969,74.3873798221895,195.64885348104792
96.86543673881765,63.14900776446552,75.20973590110489,193.70523322782037
98.79107145201536,65.7739351298002,75.43593248575685,194.29543110182632
97.28352243393168,62.46132323248739,76.2165093713352,194.74905264730643
88.59029439909789,65.03783177699046,73.66158589388365,196.2949143234065
94.29512285114536,63.621529981131886,73.61840028037707,193.76114628350132
96.293141020999,63.96400323690639,74.26501645226648,193.07148340775115
97.70980655950208,63.398857234189094,72.05258618502516,197.1125355774466
98.50787542291397,64.30997655598291,72.83671202517223,196.6821204640561
98.41530143138431,61.2308379853453,73.46973452448026,197.56055999699393
98.6527157348257,63.65659222866482,72.50069662804668,200.6835831608981
98.517161822291,63.58635747864557,74.00203371165338,199.94376996087482
98.5391569897028,61.836550463762165,74.77059576931255,199.86109095704177
98.65302343404355,67.03299137976857,73.86379705707606,201.50426564358364
98.40262616002173,62.40710744104172,72.76607907479284,203.37486372504736
99.44219440966499,62.84417594964515,71.95797872357761,204.85999966468864
99.31770656744433,60.52260581153381,71.68094991478237,206.21847864788154
99.33172776877088,60.11731079972715,71.60307113358473,206.74634235385074
100.12658577458431,59.291315652807356,71.13093052898606,208.3663804975243
99.91315851026356,57.80635629844474,70.93154599627198,209.44233014725904
100.01509589771062,58.46789886520382,70.38759963262319,211.22804089501224
99.30448920423694,55.66109467536491,69.92650346356318,211.8928658770155
100.68088763269313,55.83220600598122,69.54814894559428,213.20645321429515
89.97419876305678,57.91613295760783,68.0480173159705,213.7357662307502
93.53153319449713,55.915064726247365,66.98045996432026,215.43374734373967
95.3498852155721,54.185522330395344,66.11100550636833,216.74813876080992
97.00709089153573,52.70744240247602,65.59043432434768,217.99695265412416
99.01832376759839,52.69129816166516,65.44608947142278,218.69333105388247
101.48308172342476,47.638294790152884,65.40221179676956,218.9447798058792
103.08178201521291,54.64383777549084,65.34969079273733,219.2534369916364
104.79856738110102,50.594641665863236,65.28005863098369,219.56498638786303
93.1386030507931,55.3574990577423,65.17420222690228,219.67962671427335
97.38815262531799,50.86698069156644,65.09949673172213,219.85996039791902
101.05025723890458,54.01479403971244,65.04621254956238,220.04858996917463
104.60582220547178,50.796745367680174,65.03635949097018,220.15119169632632
109.80720735226487,55.15835392249747,65.04463045714965,220.13891304036605
142.12555622678792,50.067850810484,66.26543850644337,218.8887964845468
151.89625181301568,58.17321818340852,66.50938859680524,218.6135656983535
155.60861318404477,62.5534924810035,66.64128979044655,218.46978212544138
157.14125704660796,65.75016685109266,66.6988725105716,218.40570279444276
157.07628495379277,65.2761882501065,66.74299482921286,218.35581732692808
158.51366957695737,66.25575142313862,66.80839897041112,218.27803994841602
148.63456980824486,59.21913016169178,67.82024917311932,217.24662339080433
143.38157584247264,64.70618789256896,68.20813598466867,216.77515723630094
150.6871031066074,56.05134228774425,68.90571907541772,216.03537182241521
146.57959879557416,62.3394517450604,69.45896355258671,215.41519138281953
150.36444774466435,67.15452009280929,69.64422762187459,215.22999334698972
146.749557284682,58.612821980317804,70.39083469464082,214.4253928983887
151.62567856375233,63.916356454961075,70.52592219173701,214.2757576496637
145.60919202476728,57.33290683245164,71.6136294997486,213.14750613784662
150.47552978004143,65.22591001053561,71.77595635431258,212.9774446440444
144.98067529939433,55.51329573335423,72.33051612279671,212.2868418232851
140.94624047580623,63.798488375933545,72.9874981242515,211.6357814130044
144.90860210867362,67.95494438749333,73.20672913555532,211.3867388662032
149.2809165873853,71.08469150782054,73.36523643148887,211.21519342468207
153.92185927582793,71.6376486196593,73.39110938590245,211.1850774740911
154.40296605304854,72.72105330748265,73.41705954110168,211.15226148566668
152.45533178315327,72.76034640955223,73.43540118193599,211.12872406763125
152.09262563645865,73.13851829366776,73.45641967125187,211.1028502414931
152.1474242532567,73.38573369872753,73.48245092929588,211.07452238909906
152.43142473750984,73.67278875940525,73.50572362621773,211.04863141208796
153.77787707243863,74.32854654476726,73.53330106733732,211.01341412589457
153.02739225882536,73.76483308004255,73.56793360979367,210.9733582024082
152.6516802931048,72.98507565187072,73.59927448335444,210.93826880498295
153.19938291046728,73.32544946130537,73.62621410012328,210.9062822201255
152.75048714114848,73.60905630132521,73.6619382373517,210.8582809648409
152.04648445669108,72.41294966375801,73.68903070629553,210.82858323876985
152.40980756600706,73.65799292865333,73.71976711896541,210.79258682738742
152.96777710415734,73.10835073746037,73.7531300484327,210.75489937845163
152.71900587953803,73.07186590738696,73.77637649409124,210.7268853816556
152.1665734601503,72.14107059752173,73.80188013253404,210.69719761527003
142.38466603894327,62.61115564907551,74.5443067303192,209.92892349299743
148.53321946098424,68.98426682344446,74.73169218817816,209.7372408247405
142.41449844957285,62.81569223642465,75.92614638751462,208.55282551513753
136.90716044398974,69.68654293328058,76.7583358645622,207.61579445528798
143.93044132994487,63.659008541118155,77.58186457727106,206.9284583018687
137.7636614998368,71.99963259663365,78.75252045178168,205.5679823618582
132.91159243481474,65.5852596977102,79.53374121579793,204.82284796408743
139.17175463658756,71.81819785863303,79.67724566204475,204.6677235572198
143.63477498006202,78.28074947015914,79.9943947868024,204.35288892700206
141.2751612314482,67.66047793830315,80.76910920152574,203.3764176779699
145.0244508399091,73.82603643872365,80.86651158250439,203.27801056177245
140.32435610466266,65.75237003978941,81.89238579115643,202.34845241420635
134.82011912311182,73.82234714958477,83.01942626731962,201.08288975040176
140.5308927121281,79.01283782590536,83.27714601891353,200.8586066246893
133.39871674133965,69.25545227789048,84.05358387510222,199.95341960609503
127.62079784312638,76.43572756136045,84.68055337776654,199.29344391403302
136.28387295940573,71.28030345798311,85.561802513494,198.42802068218907
126.39185000747682,65.38268949813059,87.64485201842604,195.78903019521687
135.83365352031558,75.82047229992163,88.54141543342232,194.7388582683926
124.37731985799354,68.71438362997193,91.89193943226074,190.58724128150976
131.54770756552827,78.79034475823076,93.6772855381874,188.84567936129582
119.35554869601344,80.65565790458058,93.62214824486841,188.767355572182
123.62549311315365,83.9480688203755,97.62059997913047,184.66553521115796
109.7507867807908,74.40738505760159,102.49079168133176,178.1134054985466
106.16252704186714,73.13128310053875,105.59436413388002,172.18295293379043
104.7167102943102,79.00696900993282,107.96439827663411,166.67076311039415
105.60187254105749,81.20781164670836,105.43693725941594,169.41009288963846
104.08030950828912,79.0857433446558,104.97099769690092,168.26035246432465
102.92715798006506,79.06771203659868,104.44423333620425,164.97577213228826
104.99531063545423,81.1496362033007,103.87743252486135,164.53380042013055
103.70813299369851,84.81074744136066,102.8876527337573,166.50626235410584
104.18674388495138,86.1165092346448,105.60912686838108,165.7234350184531
101.24196016165166,88.64990849207655,107.89503540041449,166.54446819151684
102.58612558998747,87.15600887563383,109.90116588941547,167.02256498032574
101.35463328915048,88.17225154216587,111.18288418325864,167.20795012112336
102.4403502333036,88.17381831732266,112.21633840034485,167.16664295115203
101.55392861428004,89.23205145432532,112.67990970674373,167.86810666028575
102.51037850862208,87.24505334953388,112.90645736869746,165.92799888503586
102.0453131090836,88.47609069082837,112.9098586674807,165.4361283173608
102.36965151207137,87.91775611805392,112.86430636082613,165.1382984184914
102.9189967272793,88.92002049556015,113.08763061985577,165.41761127343375
103.0557116603347,88.98453132291144,113.02765239256277,166.30621125512187
103.25050052393763,88.9596073490336,112.96273562221648,166.23722806009437
103.57052945335194,89.19209417826829,113.30151912777157,166.07292791622956
103.3780616315404,90.12730686014362,113.4881091102313,166.43500048300564
102.61496826079559,88.93512956662299,113.48155323220647,166.50866132920217
103.07687003370901,86.21742992779951,113.1090519405796,164.41941670883887
104.8843547102938,86.35726715027124,112.54490293805699,162.3006962624611
103.41966865887385,86.3145072286025,112.54051964310028,160.63073450503717
104.68840273962407,84.77911917846804,112.92020460164073,157.9427372784323
104.14399701143525,85.29719565456206,113.75505315380352,154.7570853867301
105.4568824905426,84.99821143310373,114.47045393707441,152.66879169890944
103.26414087934693,84.54414661020766,115.19303981106182,150.62566673845464
102.63356850452578,83.59941639968862,115.96426409356582,148.434160686867
103.27329811210195,84.04806543711558,116.01329549330453,146.73678469682142
102.46717201009702,85.61966038973992,116.72358762241284,145.10498404709642
99.79322150439721,85.59822416696217,118.00665070122577,143.06399013484858
99.52931781397045,84.60759742795656,118.81658236300885,139.88480173740203
100.75857911690731,85.05995408534359,118.94157826223156,137.71971936020427
98.52994340584004,86.20481289177758,119.12751122153651,136.40394724580278
97.84880260524375,86.67506701322301,119.6557255376682,134.92191161243187
98.14788896865771,85.28631104537163,119.88506549232451,132.53892159119493
98.48374650600802,86.14456268492734,119.45876628399887,131.51407966996317
96.79899727887417,85.59337751975539,120.64319493884335,130.2976166491718
95.6941653727697,86.20434413594761,121.74372908377018,130.69177466816066
96.30214166217048,84.9290328585418,121.98419799945256,129.80029192969835
94.13513972261994,84.53354844524476,123.4555452852309,129.59469988469132
94.92615580649733,85.40015936295576,123.47309733931601,130.06751199435294
95.30254595782273,84.53295347636333,123.29613468126134,128.99092914244625
97.27913189978793,85.82206225517692,122.17822271172912,128.29619106079411
94.80996213345946,86.5046857743661,122.61446988293584,128.02804571080077
95.21420493685429,85.70053929245363,122.51189561447552,127.77548106869156
95.82608830758117,84.77408128299265,121.9813171230866,127.50131187872068
96.42557357150865,84.68650258004324,121.87092040867006,127.39013518723411
95.19416622404688,84.91822570973383,122.04841815947127,127.766908187115
96.38300971329981,85.03656630700276,121.56824814683151,127.15452520748957
93.90344572740291,85.87832270228138,122.0824026498448,127.27819317922328
95.01478715290904,85.64790752796337,121.73374550130904,127.7376945858426
95.28135535829992,85.8295671420343,121.62334200998185,128.5898388767971
95.41810837840072,86.12145057695872,121.28353229192334,128.7146356327608
95.19353119867604,86.29880590964379,121.0236410624025,128.66595240960754
94.40474947726827,86.41643847512594,121.13343071009018,129.7641243637949
92.6325884881488,86.53487173246313,121.91622085849514,129.58614270448032
93.63085501884895,85.14857977305567,122.29881100800182,127.78976977133601
94.15011707118772,85.18837655774004,122.12028793090835,127.43043342461971
94.80149550812837,86.06411312440729,121.79808176341362,128.5699858344981
94.40328934657315,86.1060064722229,121.93995539548021,129.4405387623181
95.04512579543844,85.84528535865043,121.6427148116687,129.55272035885545
95.03480921938305,85.1296930625111,121.87412424811652,129.04534971050302
93.37415008848944,85.46347864771604,122.74378879095535,128.88148666425388
92.73727153122975,85.2994079723305,122.98610111749562,128.40586468504222
94.0535927248572,85.43991739957931,122.80986103202906,127.34101989661134
93.92447603673833,85.49815743554552,122.94280540024543,127.11219723607543
94.36030719439967,85.35512053950572,123.20514255181882,127.29419001584644
95.54984606774786,84.86882565585202,122.96587393674476,127.81466719784765
95.66434917431198,84.91401596679464,122.48794625476256,127.67850854729545
94.78088960654955,84.64489397558461,122.62498591564753,127.11629402694602
95.64242595841992,84.82688426230894,122.31407754238928,126.97064608687349
96.50765165828415,84.41158362689237,122.03045951477692,127.50190344391308
97.17824973194953,84.00589410844412,121.58478459099119,128.00384767946946
97.4197242166056,83.89809341546876,121.5725664926412,128.3274037910433
96.93370075639767,83.79007766045368,121.4718044321153,128.03236463237613
97.62609696579867,84.95800958895227,121.2565221394272,128.42528128342033
97.03981813038835,83.92632727791091,121.50847027646105,128.358868474015
96.5350427672536,83.5164881659759,121.60227091642304,128.29346469143056
99.44056920736189,83.40859045002065,120.36226963380167,128.6550969534802
96.82987075984985,84.53129594664094,120.21931859410284,128.98129521889138
96.37022252609782,84.02780217760396,120.59946178373293,129.46187605158585
96.86005096371936,84.01830064565557,119.91075735256638,129.1227143877948
93.94663287687652,85.32418075956737,120.62408863962486,129.99016167568774
93.04886261923151,85.44058038242918,121.13157003950502,130.74239749180038
91.8342690387455,85.5981490474982,120.68778828835241,130.20212175073647
90.94925951698839,84.73177564210424,121.30176845151843,130.23553954293155
91.1212408435434,85.4154612024341,120.83487390076817,131.54010016589365
89.72906335465788,86.18005756756288,120.16620353750528,133.29482033274607
89.34179154852899,87.11068864208998,119.36101628142352,135.68020983316697
88.36929744251682,89.55790933680288,118.29378268024594,139.07596295515475
84.85216711905922,88.54706337425617,117.69972692472587,141.40073332306014
85.66123587001435,88.1339563549985,116.2099339735444,144.9851189199556
84.02693727950194,86.49012709110127,116.33121279137953,145.65390075211712
83.675543864724,88.79676711085384,116.93815120216318,149.34504404482635
79.71987515821542,88.00351482563597,117.6127651921762,151.16296649472432
80.43133844445782,86.76813581579809,118.03143891857292,152.690315488731
79.53267373108197,86.828356609771,118.71437630316458,154.61449656046838
78.05266009603025,85.89423960792408,119.2124897491866,155.09645861057948
79.02992848954804,85.50882043305553,117.74591067813918,157.59986605878916
79.33028879095349,84.27417650635859,116.17544694273705,158.8138985706532
78.84261866503351,83.60082831677033,114.55011137327266,159.21371383439316
81.10171009973182,84.0377854581985,112.57238527572665,158.43282744871595
83.34136555931283,84.83959566607128,110.23180464411648,158.1245258749046
84.06236617206002,85.69791297514442,108.33008504222403,156.9615129661051
88.00200314376325,85.34261143455475,106.42213315844893,155.3004305423711
87.74122695168819,83.97462827228766,104.54702449943191,155.2731434165116
89.55253433177988,84.50281676950227,97.84576689409474,162.41450220852036
93.14209941754093,81.67237195611733,92.2478732042392,167.98905217530137
95.975880553748,77.17668671472522,89.08793794217053,171.40893523132777
98.26115511316851,78.26264570189302,86.78976631432681,174.66094027258666
99.0651894734466,71.53903079848195,85.17070207442316,176.1868701450216
100.59369404168373,74.96635013074419,84.09947401151915,177.58044238747954
101.50173678015592,74.49448096603275,83.56273333170915,178.1065560645167
101.15970744286273,72.47210751313548,82.17680590133033,179.81189051952083
102.71756001323399,72.48112326344358,81.00828901875889,181.05495716534324
102.72938474022304,68.57417532631563,79.84998134735068,182.0334863136775
104.36597895316756,70.32045738961405,78.62101050797898,183.7166447861102
104.35580551870065,69.3091280499907,77.25199086938258,185.16183352040298
105.67965854076829,64.62729710204589,76.07259255878309,185.53325164950795
106.26434829882874,63.88670817758057,75.17489250366454,186.1028787381694
107.99444441952127,64.86258834563472,74.2347774908256,186.84026992755855
108.56944195577628,64.01594622266506,72.83863790005938,188.42411812344045
109.71465995871566,63.61505575900203,71.56693181933626,189.82334555202155
110.77400947388693,61.128141696713286,70.82243623252093,190.3870875216613
111.10076429753298,61.7207404999248,70.3511835669593,190.74439947105492
111.26793090587975,61.800875845446456,69.19524735010174,192.09578637564607
111.95818251673214,62.2581454837857,68.50788487355992,192.83907745651916
112.70661640006382,60.68866175300194,67.30252855313412,194.62515144636885
113.33219331767567,59.15227623860429,66.25042319234146,196.14322734576962
114.47541478426507,60.440244158694824,65.86420363352941,196.1704688146248
114.79208543456005,59.02480541989607,65.11086422061857,197.3589621207364
114.55199246097749,58.69180808437541,64.58133401463886,197.95035730965864
114.28945150355662,59.206602871364495,64.26905977933029,198.40708429737938
114.52099222116668,58.548647470534306,63.91401839378231,199.32239702007362
115.83001507973933,57.75568634355939,63.663626284959136,199.30410770519106
115.79196664717524,56.85688700598601,63.49052858765217,199.79259216257964
115.66358436477974,56.03007701581089,63.376944371095895,199.80259975813374
116.8546394841975,56.34198316540159,63.29758853442102,199.686633575972
117.35748378875812,55.49321571069066,63.160985475608,199.820182303181
118.42140693548899,54.78353154358328,63.0985276232321,199.722267793806
119.00394822010344,54.95679667143091,63.14334483713764,199.770821710598
119.4699424352244,54.91071383382105,63.163545911995996,199.81301776854033
119.87188932978879,54.347507885147294,63.20314397515067,199.69852008947183
129.9676413996331,56.25541378414309,63.31121182642885,200.0393545431587
129.8978891227701,56.797699019787416,63.096379730975414,200.03111413759729
128.57336258337358,56.13536321638841,63.02503867524693,201.11522868474964
127.84084827102498,55.667998541629856,62.97811466131803,201.69903476427965
128.0044724804156,51.62331803724169,62.977210136541686,201.78913963902278
129.09234974921566,52.80200901257851,63.0150538502843,201.68080639821852
130.3568104230777,52.430873889510494,63.0220319032713,201.54735888522217
130.35705881936988,53.106782403789595,63.10505933782923,201.36918771066024
131.10112156198744,52.17208596164221,63.13230136052866,201.28264213651232
131.3784649541262,52.59862793659741,63.203980059058345,201.0636367488616
132.22874749306717,52.33056956397746,63.2480252907772,200.88109439118477
132.88725923915905,53.05516935196505,63.26686133571806,201.09290984893153
134.2309123518856,51.60051884500682,63.14156396799203,201.39673949024362
135.86047137074084,51.360419049231666,62.98158395175068,201.44236173594584
136.57268418648323,48.39973301988071,62.88428363116375,201.71721747155814
136.5513185681165,48.74783303414023,62.767267952795194,201.69778556714266
136.17689927883606,47.02206630330359,62.78720156881641,202.13288745876284
136.06800549539022,45.544857701305986,62.934776153113084,202.45083792119615
135.7211426696154,45.85709204707469,63.01001963217355,202.39877754817834
137.24135393771175,44.57880877331368,63.08786367846991,202.05091728257474
137.5607059150329,46.379195008349996,63.29239146144125,202.0561624020712
137.88875650423697,47.78230062367706,63.287164480516196,202.2484131331633
137.2699049828442,46.630828770428764,63.33586548625338,202.4895034308464
138.35781298428407,45.21924695451855,63.404592797353764,202.49757497587484
137.17751110196497,44.34286720542153,63.699055910289104,202.72303435466887
137.04869889488063,47.64262927579843,63.76476402261124,202.6946791134512
136.7762680503534,46.603895246576826,64.07100806795177,202.610704176823
136.75395441481623,48.43100684928561,64.26567040741885,202.06663393122903
133.5212076333242,44.48082289721947,65.36729478018684,201.2024869122656
134.3931839531458,49.0554862755838,65.3841588338496,201.28194948506575
133.4284081942776,44.52772945583726,66.63835050642453,200.28071187333813
132.36350167146026,48.38515595547304,67.96512418009198,198.06126931641887
131.40037633386942,49.076722895950795,68.92101696037616,196.36845941412585
130.46260000120316,48.83621523798715,69.8325480025741,194.86119789079686
128.14428722863346,49.249878071744064,71.10935365864489,193.7116020385277
127.76054222653039,49.57941843959006,72.10713985740439,190.66283710254885
125.17148713602269,49.97482038489254,73.03282818249326,188.47569319939353
124.3778938535444,50.92522059963835,74.00996108896442,186.2488287197043
122.98190016278949,51.83877707304663,75.20080558717348,185.42257634474902
120.29833369445345,52.48245437534365,76.92020674283968,185.34837247982477
117.1749647397464,52.37614234169392,79.24054923599401,185.92919461407408
112.94750233101331,49.81007554533434,87.98083832367047,178.54048279358523
109.32161591232827,54.124107082245814,95.51801089601447,172.1763765049643
106.02465116977946,56.66784034110394,101.16931390482424,166.99285187188494
102.81714538877014,59.78306573604395,106.06518546173118,165.33223436066092
96.38199146699029,60.1251083707928,112.06175453957435,163.43853684083516
95.80324070303521,62.31677963521631,115.62620201131688,162.03747814263085
93.1652379515044,63.84849629387243,118.02823676738448,161.4483232753308
93.28193410539875,64.1907190470367,118.66298956781876,161.0736240940183
92.54087077559413,65.02135803215373,119.12280775860931,160.13698935422246
93.11856251768761,64.84612087814092,117.20111090037986,159.79492933474106
93.84685764339181,67.00680578364538,116.31260852481448,160.83130087962815
92.61898539824222,65.8010390565128,115.66963532559953,162.567215387341
95.71170716522838,65.45388805752867,115.39592255792361,164.06082640058332
93.36724815457562,65.89120164713312,115.6435006095941,165.42876628375237
95.07339009768901,63.74934474987427,116.34311800663149,165.7285974126359
94.40532835337697,63.629031944820255,116.02202518475444,166.08588308124232
95.88861811283618,63.15863651625723,116.07177519273729,166.09185298833708
94.06817105901615,64.10037028883002,115.80628983908889,165.8722197766113
96.7375353493821,63.77136463743652,115.82268811611456,166.1962476282703
94.47051568312916,64.9848001542172,115.83783134571516,166.87175162522652
96.82557111833927,64.83825946134371,115.75206530103958,166.8930884020944
97.27887685547387,65.34187125987141,115.43759169994316,167.1839558590017
98.28443111182033,66.53060574819636,115.42350784259233,167.45686582484143
98.06471759065545,66.26687986934633,115.31337785472113,166.57293562262635
100.33076056910139,67.2203741433606,115.5976452189047,167.21050989121767
99.5594560360732,67.32150928045792,115.51945522032483,166.41271769014315
102.27907809281675,65.52659329984773,115.58621162563658,165.40778780291382
102.75722968079043,66.64232709027334,115.58911711696749,165.30999579731895
103.27759017543063,66.31579399984064,115.1487474017006,165.16375099595703
103.584862935651,66.52145494525834,115.22208794054407,165.9123972428627
105.30602266196148,66.96642538493137,115.33137418936965,166.69575543768963
104.57380453067799,66.52887806367927,115.38454245610228,166.1384715496915
105.47510430809417,66.44789091832905,115.70868931736183,166.19152617517454
105.36169050173194,66.46546061765562,115.79539590225905,166.46110920484324
107.56807843120016,65.14894086993759,115.88682813124373,165.99155670885474
107.65595769439952,64.57338377032599,115.68525720620272,165.32472578535913
108.78922837747055,65.45574550439044,115.26824784823175,163.55302943945586
108.46640134558129,64.03791069926488,115.28308586958701,161.23308562731316
110.76627122004246,64.76409659599977,115.03160175497254,159.8547675758349
112.47194561464373,61.50628108392729,111.94045868404888,158.95357568967103
115.13107441903597,62.04418431936213,110.41370641202586,158.8613952268351
118.2783477565303,63.146285627036434,109.1651029972301,159.6435173986264
121.72939970751824,60.44633552717279,107.82838729792142,159.2209941402543
122.46847509608793,60.03674124343422,106.75724338056143,158.00969326299878
126.2365105118369,61.814739429158664,105.55881474190406,159.39500777411826
127.75999820371287,61.702666350935345,105.04163691216823,159.08501888694383
124.79867722719257,61.24180241431152,111.40979202424545,151.05754326898054
124.58766312150615,62.39123049562656,115.70864842928285,145.2069095051084
126.19420635652754,64.93472432502267,118.71238887498103,141.27705828659327
124.38026322389379,66.98379473189257,120.53484806581616,138.3994593076847
125.87344092464319,68.5782496326313,121.14608764074254,136.4809129562576
127.389401194783,69.72976221805648,121.31455243257045,135.82613240477676
128.2687718324682,69.54846057825911,120.86358915803169,135.1473505105739
129.42787912652562,68.8053123987909,120.78303617002975,133.25829973205913
131.83364902534328,70.28830583936798,120.95927455919251,133.39803956980757
132.35327599063234,69.6876189552467,121.54835741583821,131.862353983268
132.51003052930346,68.61806685686656,120.723235625159,130.2273795724691
134.02152151820576,68.98028681787132,120.42826430180386,128.77378065292388
136.0528849439678,69.52294991592129,119.51298432108368,127.8774216549574
135.83789262952615,69.25796190846432,119.16356341569953,127.41034172209072
137.89333854632486,62.88966388130963,119.24731841742928,126.41767542441036
137.08878021201195,65.97711430277805,118.67888381652384,126.14128789858168
139.88799421674818,69.12661012379812,118.40029290040461,126.37069429349833
137.81124644996373,69.35229660100669,118.52847362608169,125.50372309560623
138.1558441893666,70.78683530662187,119.01741115814018,125.43676160158168
138.56069253743027,63.298301830504386,119.97836902114832,123.09062260594067
137.89886149350522,67.40140256230623,120.32010997261915,122.63911226629939
138.2788591986154,69.67971343660608,120.49226725090207,123.12304647167916
137.5298984557129,71.22835036041184,120.43590571382651,122.92806940560756
138.3530074534675,71.77053458513798,120.43374523060059,122.62212921266698
136.71229013011762,72.19246758923327,120.42727275373471,122.61857139386848
138.66429989249065,64.21690630779173,120.88503577980046,121.23470440902209
139.02481862261072,68.19535975969124,120.70642043536304,120.88731412585904
137.46201735701044,70.01988686416479,120.76326924723381,121.57386220038971
137.85798496839118,71.39569097814561,120.07427845071084,121.92280295504833
138.07138262787927,72.4174478838718,119.7543698538821,121.71421670249488
138.716876196838,65.15498685049116,120.31150817372833,119.69409291659503
138.96358427830356,67.59541707783117,119.90641693014022,119.11202959249971
138.4496577010039,69.00301790211125,119.98518884265502,119.20256772818028
137.31041214088293,70.97006860100014,119.88696334912746,120.19480500304044
135.91429674544017,71.96440323253812,119.86979930358719,121.40111016241931
134.34021384862277,71.39503990067352,119.20568325022185,122.0347869418292
134.01612811570834,71.29551503981108,119.12610781215434,122.41132208485402
131.67633196544347,71.18626892152014,119.05692653785505,122.63613174229852
130.70319333570092,71.694339685322,118.84373967647528,123.06343208252316
129.28519882767566,72.05081612350111,118.54490036343947,124.08915706547127
128.1244406171833,64.41952474963568,119.10439548124732,122.49713890683005
127.61550101536959,67.91582088683087,119.29433696266861,122.5454959770747
126.34027241398886,70.4397773058616,119.37289537125586,123.08104966885944
124.39069733534649,70.93643661691294,119.32378903592587,123.5983983708229
124.24286866990883,70.63687879471465,119.18565765000812,123.42566313125876
123.26854795793736,70.36859157189024,119.43799999787075,123.55014232820841
122.22118136395443,70.03686950376854,119.64066217715434,123.6391670852175
120.55889554705549,69.80342955940259,119.77741218428903,123.82882273126216
121.32236106341702,61.84264340043904,120.23712172411386,121.07417510900372
120.41744643397111,65.37157773111717,120.12945787807101,120.26977353062475
120.1730198576215,66.51706615306529,120.00277964582531,120.2572013994055
118.77338500410622,66.55600943308531,119.6663743993952,119.94431139779327
116.7804658847775,67.86928378697536,119.6127295676791,119.86313446087196
113.93934048871188,69.13887282746781,119.75413210465285,119.95450056552548
113.39067111393078,68.64932504603877,119.18484547369899,120.43768754021255
111.42868756106044,68.25627435503901,119.10510660104612,121.12447110333197
107.49918505356341,68.00099721736859,119.08820467176528,122.05681779643747
106.00808080202661,58.17322995866542,119.53176170846925,121.32653573974716
104.35757198678579,62.04305076868492,118.68049471675852,122.39848908278188
102.45869106183244,64.11176373388679,117.92703376545671,125.6223812637978
103.30126370248428,63.9821001979847,117.63319178501058,127.08835537406178
103.31806459683027,63.925752617301356,116.72851257799127,128.17867757438415
103.59219351452879,63.697264669887815,116.56908683487939,129.79504987919964
105.22926915269255,64.24067667833285,116.54612908195884,131.5695067804309
105.2795491948692,64.93007235495212,116.51680644993374,132.54128920534484
104.44724031274,68.27005147717627,116.29643721754142,133.834383462575
105.35220943477505,69.34955906626395,115.74259783993406,135.30411336344017
107.74586333544993,71.74258071554843,115.57401629209383,137.33606275209655
105.43318976253664,73.02687691323015,116.05555507305223,138.5601720779245
106.10724970695517,73.46123702188055,115.92453949997292,139.72449524517572
104.25370674124616,75.33223122416021,116.48829151949518,142.51396188059442
102.90477431415351,73.95953306714955,116.52581892556037,144.01472201659908
