118.5,57.5,82,98
118.26886737034349,59.32296371132652,81.79159409432354,98.2551288670198
118.5342242649009,57.73901280139994,81.06919315341905,98.27566225578167
118.15657958873201,56.397665523734325,80.23682374282501,98.30375857502891
118.8349124671226,56.83769873443671,80.68279401337995,97.87220062487468
117.72386838820822,56.30581307595937,79.81529257541405,97.72415062415662
117.2016924432057,57.2599590749166,80.4586851823056,97.8003096817689
117.91221809335275,55.48841455215837,80.83394597574623,97.49551335703084
117.66047161974308,59.01458189105762,81.82511184796101,97.16196015048479
117.59503938402389,55.91753222377676,81.90406945803453,97.54659121569836
116.39481900252551,56.353206783772976,82.65365301087202,97.48677024197286
116.95574513977328,57.45707558504785,82.99934910673778,97.36035340205738
117.24895043688115,56.56010483827204,82.6268296461881,97.4733914608556
115.84546350962111,56.01933849420746,82.54600233035904,97.5921887940844
116.17924935227191,55.66703878093887,82.43114278752496,98.28861860870563
115.44536387073632,55.50974826515136,82.30664206499586,98.16645921207135
114.63099081775962,54.98672869641581,82.48323436903121,97.99049417435629
114.9504913441066,54.75203605653301,82.04326629356066,97.9069157204488
115.44913380386441,53.971953627442325,82.27469548251213,98.0290063474824
113.12624015183013,52.27942290660375,81.82504764406359,98.87379889114929
113.8238499749803,51.737103510188426,81.6969527698351,98.91851508895583
114.29500296974794,50.760632312589784,81.01324960808722,99.32513418474515
113.15232525306931,52.80047525461307,81.30590053075571,98.43622131095249
112.3677294563831,52.48639442517718,81.20347664275147,97.79047352024693
112.49183456003436,54.70399701030701,80.59016816765528,96.81677066360116
111.89118139252169,54.69358223840419,80.13650433361326,96.58440012343578
111.74834336680122,56.142257169087614,79.10772177642687,96.05264131126327
112.42773584017463,56.55155369291065,78.97779625427111,95.55331654984538
112.40318855504765,57.19331884191937,78.32938993999217,95.16835976962732
112.5239082393,58.94633611740875,77.701319321106,94.75952751967395
112.61552775517188,60.04697745077382,77.35675400018528,94.56631675235788
111.7633272967521,58.16572051667757,76.81053908183503,94.56098808934615
111.44422888357508,59.989268614988646,76.62113983980679,94.23353372126098
110.18531281597768,58.08595286003002,76.64563458219459,93.77670507187648
110.06354270324374,59.597049670744134,76.0802686697192,92.9327107416775
108.80370180530355,58.501890267549385,75.6005276769796,92.9426153482379
109.0729451133785,59.639610686879976,75.44001554122025,93.12040369849578
108.57384052574578,57.70280892442506,74.8706602290284,92.6055465872667
107.85304147399522,58.84113400790116,75.25172552422569,93.21305360110063
107.78796237342064,59.993059064806936,75.33795454710712,93.42342062557948
108.34533288561471,59.51235561947223,75.26878878383502,94.3275038853497
107.55392732659286,58.535083652376386,75.65279683467139,95.16111345236152
106.34424090007919,60.17108916547636,75.89245643849219,94.68839427529792
105.71350614691528,60.626189428228685,75.79169039870794,93.47321454466174
104.0857004944406,59.68363373629128,75.44330828782478,93.13921901592364
103.96055297437158,60.32790623428544,75.19688071915813,92.91012321579713
101.86178441425054,58.602036054033,74.50182397877397,93.22568317545363
101.13309417517208,58.050885809368474,74.89701344740942,93.57759587696377
102.08478125571528,58.08276029885029,75.0563228686289,93.59450845561494
100.57332352444443,57.4873029145317,74.49625221476131,93.22353476790751
103.19949446771895,57.87047025159472,75.41145564681581,93.36817966273976
103.43254030110776,56.65034788128803,75.17335901807068,93.54055874554675
104.61199346485337,60.109603342329535,76.39072184035976,93.30564491132384
103.75302526846758,55.58132901410666,76.44953576609032,94.02406547786481
105.10561436791752,58.52630247502098,77.32705448186327,93.97343635465067
105.1376534021108,56.15036992027496,77.10698149155405,93.82480784231653
106.45017196869489,57.33908971367296,77.04557565454371,93.26359855260915
105.39346067127454,56.110555000150384,76.74565958819058,93.4798530554142
105.52014706353975,55.16821118453858,76.85379669302436,93.39474545958703
106.16853683841585,54.079950460847144,76.9106137113798,93.49610997986113
105.4823855870645,54.748453685269155,76.35443344316269,93.02357943691234
108.38764068627671,55.16424244075576,76.57905422236888,92.7984180321632
110.68025028430728,55.19186172053003,76.5347748341996,93.22951063745154
112.58221808487275,53.498489332638464,76.94301412549419,92.37995160692974
114.55883919003965,54.3275391374124,77.6566019780266,92.82255452156704
117.05334010668352,50.79326572552086,77.79034995018931,93.84557293348489
119.64363276283373,51.11147279795476,78.40434795850656,94.69177485554977
119.53586254288678,48.93207577072684,79.07309076522938,95.36332664048962
120.15953826360517,47.782329958353984,79.19157582491411,96.006904077804
122.18214272189658,46.76955002428199,79.30553896643676,96.62281314333568
122.6680652036173,49.60514124858549,79.1354720214699,96.15417061553556
124.89155810754941,49.91318767668064,79.46049653999117,96.00932343562432
125.93720267076137,52.869116852326734,79.42211988724584,95.38620762659899
125.54098549045378,51.86911522678648,79.19403367996705,95.5361429045426
125.40641677372389,54.76482949424275,79.00921605914367,94.83546315655633
126.54171991985994,54.87857460106038,79.35101315966332,94.10948606643333
125.9629616109084,56.304486455863376,79.05192517761374,93.79416853282221
125.61891039051444,56.822374009137434,78.53060300349532,92.71770650971416
126.18059771670436,56.87078718534914,79.11058282899788,90.70783415490276
124.86458111466365,56.765607147885156,79.51343641233647,88.43400018953226
122.26321890110086,57.616457810210036,80.67923170890788,85.27966762975981
123.23773933726662,58.552499459061664,81.98238261857404,82.48288770777754
120.84161018590902,59.861112632142714,81.83103931301288,80.2863980023072
122.09969072484427,57.63338084406251,81.3544333079268,79.13702082300496
121.96827691750282,57.33256426262123,81.48997496527326,77.28648099127386
121.60730115850507,57.23386250861427,80.95221331035617,75.8402508952381
120.6396676860249,57.46786248055275,80.72976755733372,74.57537344796606
121.05282566424393,60.629424972320656,79.6312618645294,74.19970673164217
119.99913420035313,63.47479481381203,78.97643466161948,74.53883803559789
118.91530918219358,64.63932927171707,78.22806764242708,77.40256487326681
119.29156865546065,65.84211679896833,78.26214886841262,79.14495000476894
119.61199671043849,64.72292809057606,78.26044373559165,80.79909056127822
118.55298622459887,64.32161005284429,78.26285124673014,81.73073542163192
119.98410690511972,60.6839427043021,78.59510866307795,84.2547502334624
118.01412028066727,59.694426195575446,78.18526558965618,85.9083724080202
118.76601102531157,58.247462659921,77.84050476267531,86.56715534099291
117.73075383797627,57.066983973855734,77.02090792938391,87.74551006915677
117.58968760756919,58.23861777755626,77.25740708533388,88.44708756597325
116.89537036980954,56.08367503684623,76.78971068927115,89.23949172033642
118.27773523265189,58.319757485446615,76.71797150504457,89.09163140382412
118.01664814991821,57.823373004342244,76.24286912594103,89.20908648797348
118.33970334029391,56.670453072960996,75.86597826289743,89.31274668040211
119.69991559754965,58.502676650126446,76.11722056128268,88.84719521889653
119.61185819369945,56.201620196937995,75.34585296189005,88.83031341244384
121.55809298995669,56.05792900549558,75.08681432716975,88.71975578549629
121.91219735335625,57.007281715446894,75.06211566544937,89.93108459296488
125.06590103374873,56.53499004265238,74.66178704764535,90.7116586207982
125.1296582549889,56.101968113210084,74.79702218769408,90.97694792064273
124.95300223585105,55.23204005882265,75.04027125425863,91.48320126719531
124.0195102190909,56.403985643831,75.5809683758145,91.77130052991787
124.74137687265105,55.856758213601466,75.26455535830605,91.9733208529662
125.09043148283608,55.900915022585416,75.70359642556414,92.0724233712631
124.76598702440009,55.70655016825625,76.09007413547545,92.09571724122209
124.16342984696948,55.51740551261405,76.32658106464696,92.15960677366357
123.5434692427179,55.29663372014649,76.75540310151163,92.42693456498907
123.38824578370591,56.03993838901502,77.2920069248291,92.166688051692
122.31622155042001,55.886924232687335,77.6338854723869,91.74253139206115
121.1290401851206,56.030434825416854,78.07951509255788,91.11500079192926
120.54471051956483,56.010335661390215,78.23546015689239,90.87947357648355
119.77802700861444,55.19090459984879,78.36868796618481,90.79482340765813
119.90680757408134,56.56708345239019,78.30880712976473,90.76115252165187
118.6816625129207,56.16809981514179,78.12376085300764,90.57473525940551
119.69798221827071,58.081174088719465,78.34557510136523,90.36391597784464
119.44934331699069,56.30670309835749,78.69937263282426,90.74729699779894
117.89668767695619,55.72905419432311,78.86121558060262,90.26613545528176
118.57137375635403,57.485960789217486,78.84765348707639,90.10478002725753
120.11536752763666,57.20134863856442,77.90907047026798,89.50876952441023
118.95689120801944,57.59688479931046,77.88213697249374,87.78760635828695
118.85717313722391,57.75953148748419,79.34670840232334,85.1714592431547
118.16832739718305,58.069287886482215,80.23807980403213,82.14756159370296
122.77165552196527,57.88253688801528,80.99536512856436,79.8258233314663
121.96469311116604,56.17314689376481,82.07880586984818,77.97997109493062
121.02844583875401,55.16176997670071,82.71832075940644,76.88265566369321
120.80823725074356,55.416783271567475,82.65449456155649,76.19735610256801
119.46378238831187,58.32786150512143,84.69812213710499,73.83131106658192
120.74725207036889,57.255869017211545,84.38482533204245,73.18939878745785
119.30277534674146,59.774611820244026,86.1663228104405,70.87588311776373
118.69726798622776,60.71840247117947,87.69114656867644,69.16178380181947
116.57226041911153,61.056111264583116,89.58172685984556,67.14122158553373
117.48879006534263,62.569833015711,90.75711926759394,65.82927819962623
115.99539375200106,63.14676866662292,91.98847869248719,64.51535500063423
113.8438871062701,64.3835878798933,93.91205453735489,62.62460464086213
115.09715101182667,66.12727915013949,95.13884767770355,61.21351819144944
112.18842054594342,66.3441651554934,96.26732898376814,60.09121287461979
115.0113855958146,68.57895311094425,97.38568730947135,58.76449594580428
111.75161656101034,68.97924245437827,98.59788904866606,57.76272130365977
109.15688599334686,70.95761820174559,100.64077258732856,55.99496254764888
106.26993831173128,72.45868871820957,102.95565472691166,54.793854177112564
105.44706326593261,72.77902678852294,103.95121047160424,54.17029078518321
111.95687858613414,71.83322939513529,104.37665009792482,53.80543611097525
109.11560259226185,71.35269103226376,104.7120922910527,53.49884053637956
108.80937273924168,70.98182436991763,105.24849613508351,53.11382458395694
109.91177229343056,69.93249686966806,105.40934744212629,52.89804291033806
106.8265942306931,68.37817263605284,105.55898880777455,52.57807771484877
108.61062897731748,68.3110340263577,105.60134812464541,52.44137538077797
108.6097337911882,67.52940610414814,105.6838285380884,52.24129718932369
108.82388523953796,67.59354723915368,105.70536645526408,52.17243322506725
107.91361168148852,67.5827126212524,105.7203016033225,52.093491958805586
108.07919208082663,67.40693629307214,105.76106168830184,51.91935322512859
107.76342350175182,67.5625019088123,105.75997439910572,51.77670884212183
107.82149686044191,67.59876240995717,105.79913993675044,51.66084531655527
109.14265691598143,74.54564154080964,105.96695209076232,51.48961837351488
105.40863424244871,72.27304014088708,106.4251836522748,51.17208256404605
106.73555678397567,70.91655053684049,106.52862583309113,50.95658305433525
106.4876448441243,69.67548213019592,106.57224378661397,50.86973607436575
106.23563099696011,68.74297630213509,106.67227754654941,50.676675163501294
107.66357968870275,67.9097314656001,106.68331088625445,50.64002112071281
106.75639382232019,68.10137139953727,106.72443835727793,50.54207664459836
104.3516807214026,75.11853427513357,106.9285307540289,50.372329140476076
101.82706016416678,72.73092204727294,107.12192784765702,50.18739953964826
106.33746341696067,70.51244082600601,107.27847233999402,49.952056875065395
107.4230712974174,70.40229958256123,107.27746407953836,49.883931171943
107.3335140920664,70.20471206578235,107.32543016682365,49.6481912193672
106.29581754002244,69.70960063578852,107.33538070880829,49.56734221618041
107.05775443512655,70.15872481270006,107.31120984905051,49.449186459365094
107.65934395291916,70.87840102706852,107.29976691556946,49.38162384366983
108.59992379723693,71.49536980440358,107.14767383727026,49.41978280370156
107.55165616900591,72.03156026505388,107.01671533076231,49.42094817279862
109.960902105417,71.98734402751882,106.39171348632145,50.50359393093072
110.99908147248496,71.57185971075391,105.35951344931387,51.92842831668067
112.17968664557209,71.15322219147237,103.7083066579606,53.47756359474955
111.66629895307435,71.90964229739333,101.29545558764909,55.06764868350575
109.99463080173717,72.999864288217,99.38244900244501,56.804145867782495
111.08474470961025,72.78846577090614,99.16724744612115,58.29393649657382
110.11037622930553,73.86224718848482,99.16157242324061,59.266081245797594
109.26538126368307,73.77666348125274,100.28153172485068,59.52435281687508
108.75050733440852,72.93598031559326,102.18757038158702,59.84832349923776
107.08377386540342,72.73012400263406,103.76634047358894,59.90198548075843
106.97522996388514,72.75485862909231,105.74840298995097,60.10525535929255
106.379058345267,72.4903720624348,106.72298554508126,60.29190039121103
105.43115945091033,73.13263788745445,107.54967997361851,60.43719941152847
105.058350635454,73.49808705607398,108.27338577482115,60.50004301574144
104.6767198562315,73.75756520882179,108.81701442456426,60.38153068140289
104.33982371798385,74.14361319321625,109.2098784767344,60.46294574805633
104.41669191642143,73.55742905867584,109.99988787177129,60.6878428157173
104.05484530819942,72.63403392368434,110.13822246852538,60.87879149672631
103.83312046496286,71.81898587097254,110.68941269133065,60.96127362376399
103.51354215254116,71.72786698897642,110.6857238643422,60.99563464825429
104.66289686260947,72.32998731744104,110.53125077042323,60.853208418700824
104.17605032410384,72.14703839635212,110.74329322554348,60.75856590662683
103.75148518903191,72.09908276189066,111.01194810572991,60.81611625947164
103.97487262253371,72.58226563109443,110.75683167597836,60.999131562590904
104.33620428173866,72.1572989010634,111.38690292330332,60.76808603305181
103.85212047656644,71.71729855912459,111.12436503399871,60.905449380675314
103.44052263977369,72.31656787865765,110.76952842856963,61.17687238482819
102.74872784711556,72.16187767496285,110.99976825669137,61.10099909458404
101.75428928058214,71.99573449411785,110.54273422070608,61.11873705324936
100.9821019786609,71.65675920387673,109.91936824112875,61.08909890148904
101.99050675641942,71.2244215247522,109.85781252510453,60.977894650153274
101.14316749580914,71.71882591342413,109.298697568313,61.408741791884424
102.34807727321063,71.04618716295111,109.55610504331044,61.10720888042354
102.589878796989,71.22432380893491,110.13479481000846,61.16833359417991
105.35210956013572,70.29233352533348,110.96954949694134,61.22430310639008
106.36654077364804,70.91676588367903,110.85419894220826,61.51092818729115
107.69697696844581,71.16203895218982,111.27081425975078,60.94618726878734
110.02185686436022,71.39386956961098,111.71107750869345,60.78988522274011
111.45404610845584,71.75538311228526,111.49417283260547,60.653133655332084
112.50091877872663,71.25094836257932,110.88386252681578,60.65332710265045
113.17377293740239,71.42057786885371,110.42144283136673,61.024209629675354
113.8444669012033,71.16895915380191,109.70070650650995,61.31470069292046
113.13698986269564,71.48505061802115,109.12594417288838,60.86810014894911
113.23716416512306,71.27590608454469,108.76191678783545,60.70236109109276
113.2965034919423,70.31291318010288,108.60234428521153,60.62236378573383
112.53456763171462,70.2884131742454,108.0194876903135,60.40977492596974
112.61804351655026,71.13695082341172,107.5731735103353,60.36836872076911
112.86567137193703,70.6603962333785,107.68425242623641,59.99627388605742
112.2053309531387,70.1231897185982,107.38905801969244,59.863017657500365
113.43568469504598,70.79703838136422,107.22262343550558,59.68064072839165
112.66458177260118,70.10090105631528,107.46692550422634,59.72607571212296
112.6781242538802,71.45503489511023,107.19960661370314,59.85196573984007
111.83626472195256,69.655221608971,107.34274957720899,59.849666462203956
112.49749195869549,70.2570330795851,106.9443193876091,59.874133330393505
112.56349484541285,69.62969271245254,107.07588574080134,59.78122671762797
112.53525610272044,69.26510570408459,107.4334145150293,59.52603473466526
111.46117591942692,69.21776427906823,107.27472373301099,59.389280184714565
110.65573605414906,68.34356567627667,107.33976498833938,59.72362979145888
109.80510674527709,68.61236419849352,107.3452913701748,60.03658840536563
109.85194714280874,68.8176515414247,107.93760144511043,59.849505581919544
109.47379190960126,68.22659326106023,108.42327821401562,59.924790353631764
109.39081131514328,67.10441657082796,108.83939762346114,59.806123075603246
109.13452293749026,67.5112091931089,109.01150072688118,60.292747710916565
108.1894814163486,67.14508583202651,109.57823608144326,60.18112885967512
108.47605611989519,67.27302493223968,108.32869173492749,60.284167508146695
107.68385585622951,68.05565689045727,108.22656942080528,60.07576327570199
107.73134606024306,67.98893734455388,108.18761472646037,59.67922242327967
106.7218075712647,67.00522923553295,107.77918358864864,60.062665352785444
106.66056275504558,67.3269769589524,107.09290471026841,60.1190131934145
106.84073851822383,67.5953228559041,105.95427554833756,60.12888907796264
106.2962747121831,67.68399437748278,105.73184554304079,59.87503602265548
105.35113919015461,67.15794068621045,104.6325276111914,59.30681164097895
103.44559564888313,67.01933194467266,103.43149873838158,59.096774266037556
103.53721505455962,66.9956762777401,102.97955283045188,58.74781529498439
102.77932711780153,66.06626485501494,102.13080290898517,58.403662152046635
102.83137261782437,66.35351551368936,100.98512062228025,57.98089658751876
102.63162020634637,66.23884427341882,100.35453535162358,57.64354445078843
101.81797791843084,66.62076846714578,99.4019315836436,56.89081758503841
100.77500300273837,66.62201980918695,98.65442537559981,56.36037629660119
100.1594711156864,66.94045647532869,97.88304464401224,55.797872178792886
99.78997464192753,68.05597296374006,96.67400592763533,55.064558132214586
100.82148603675365,67.90275197982152,96.11932075490355,54.40953128424813
99.92540901461055,67.5391878792573,95.36483011153716,54.10861037401032
101.55864659194536,68.05011834626113,95.41272892689929,53.66470808343908
101.5106828181253,67.72802411585248,95.42419847358144,53.31879413393991
101.44313131103186,68.20227921844841,95.25082021173301,53.10926517569631
100.9330811875688,67.79965639928781,95.63867509685419,52.98038497335359
101.69398282774767,67.74142245279663,96.06037984548048,52.894009647294126
100.74508872975157,67.7083787720149,95.29202438569573,52.924145807984914
99.94677177593206,67.18195367671309,94.84870386943034,52.848798805442776
99.84733430670826,68.14629063548708,95.02729641455653,52.43746089882772
101.78006524621132,68.38604953199514,95.04103475565844,52.741702222938066
100.98921278799796,67.8064179398174,94.13918316306724,52.78704698364093
101.82424166452932,68.07042447791014,94.9251629313668,53.20616911749265
103.08221168920514,67.71069853624425,94.64477543137734,53.814703074989794
101.30458648237166,67.0377297005181,93.88199691819496,54.02433553346755
102.97610705746601,67.42624425861572,94.61392315234463,54.73510105495233
103.93121016566339,67.84555543240842,95.59768241866166,55.843148405128495
104.40826298484505,67.9971614059185,97.22756163213549,56.111819063660995
105.25421849900948,68.15180273267958,98.82052575830186,56.34119163160106
105.51441781473707,68.76873973585258,100.01986918655432,57.09254151460599
106.38265698574253,68.72290658404518,100.74492772885127,57.382670364092526
105.71826518957711,69.00076088515854,101.8603535000752,57.83032417908686
106.01550712410642,69.24244454875935,102.76829089089665,58.25823480169525
106.56935532727753,69.32992969011426,103.27882780765165,58.53921981574031
106.22312388735196,69.26416703004966,103.2623417176618,58.980128468598835
106.66096920244416,68.9553595735441,103.56034140653865,59.0644061461592
106.09598553589626,69.20605948978607,103.61094539353462,59.42752465807756
106.66376319592261,69.0112343397685,104.12386798543108,59.64797936570929
106.69412222006879,68.79892842852266,104.1977803639032,59.76589775348573
106.9699113794986,68.97194687939717,104.90318103369106,60.02928705212655
107.46140111268247,69.1777931129326,105.23945143571626,59.927343741292326
108.03750361762508,69.03330840942752,105.70015824624274,59.93826701716848
107.90017023808939,69.89397751142464,105.63995368339752,60.58927616806315
108.93469667481014,69.81063402106041,106.59823573846859,60.53271630616885
107.88959192009249,69.81829576842568,107.51022962500198,60.674799767395726
108.10419853224309,71.07815360328917,107.76560477340814,60.83185120849332
106.60190377613802,72.15447687619005,108.18186640094423,60.882469375978935
105.96950006997389,70.97404421849123,107.7398908762226,60.507784287781604
104.8769989828223,70.61124778201014,108.03301814112484,60.31057274551779
102.92942062697296,70.80103914090597,107.11910378882818,60.983390378296804
101.57801313404087,71.14684655714274,106.75103836163692,61.38573738073079
100.28546501928369,71.6959960159735,106.15765754227739,61.3566210974229
99.26477271748243,71.63190681107197,106.22872311321082,61.04807225164317
98.22869716146366,71.75110790081746,105.7975494781628,60.70327635492282
97.95086160518895,72.00352883241902,105.25786662972132,60.28254814919421
97.3536594161855,71.76429427009731,105.01285602970088,60.059153567725716
98.72834880819339,71.73329527023068,104.6460136569705,59.91559870636452
98.3051127169829,71.2797506087114,104.37657411720824,60.05871640264449
99.17743877488806,70.8297992589746,104.42869328931602,60.12293450462587
98.91281717215765,71.59525833202518,104.64151763839448,60.513708610683835
98.50431264490271,71.34100027740807,104.51461525968442,60.58527493039398
98.28304693258568,71.36082119872145,104.40174577632519,60.571050944639296
96.51486338865188,71.66184745203849,104.3962940069998,60.60613489735582
95.61918583540506,72.08638271856195,104.06418810542152,60.82538535391766
94.41678217361027,72.62724684473022,103.49167022797657,60.97196625609159
92.92094322377827,72.58011760047137,103.70889281872637,60.82018197148176
90.95288849476952,72.79174141897974,103.90835133298775,60.66659334702109
90.67568621065442,73.47529908988795,103.80793927371555,61.0722543704848
88.7162792544452,73.13985986958676,103.3623823632275,61.40724779297692
88.00232917528338,72.77639109554389,103.9573803880863,62.05533944523587
85.83047168518388,73.9040566464158,104.49770343484414,62.56064896467734
84.09026827469869,73.54497486772337,104.716716947175,63.07631956971541
82.77956279735601,71.28185355008375,105.34972911150086,64.1016783873219
81.80240748620282,70.98877175826628,105.52502192775407,65.06765453938297
80.70189873165236,70.81275743394453,105.06087329725233,65.41597912978725
79.37392462346607,70.88711212468186,104.39657124087407,65.52251144037876
78.63165913184518,71.38852923998635,103.83598293853234,65.6184227942577
78.11636154273408,71.28005616128054,103.45146264109994,65.81169976655244
75.16088977739814,71.61718210947524,103.33870498082334,65.77014944591912
75.95697913815098,71.8462228449728,103.16128947152163,65.95522319209469
78.58648849283699,69.0110285461692,97.54589390558414,72.10372749733777
80.79958504338254,65.58323679639126,92.76987539245805,76.4888481978214
82.08930327458455,65.6779969689978,89.59966385747941,79.48013520467435
84.43264531749098,63.7121236865049,86.8911766310263,81.65305694437329
84.60465737994446,61.32048834905341,84.94312356591854,83.70614997836135
85.76524260523371,61.4017070306074,83.84274171340064,85.31855523514932
83.92958744511445,59.58588342516188,82.83462440989038,87.076252560672
81.85548843156958,59.47229245595922,82.55313493698011,88.41185749369097
82.54221025212766,59.84476062325473,81.97108290696322,89.41134097225608
80.36486314174738,58.831302156749565,81.95435054538734,90.6761560166098
78.755415830434,57.41049910613201,82.02667734651139,91.42188590095648
77.85819090515744,56.6969527550376,82.16745140246309,91.25035449292344
76.81506553637283,57.105231038758056,82.26352069395686,91.45234736777378
76.23376659695221,57.38541311805511,82.38519080504452,91.31778973154906
75.50941566992164,56.355688765787924,82.49877710715711,91.46831314120733
74.70054814367626,55.891389538944324,82.32367132121554,91.19442519905866
74.74990429517202,55.17166309567732,82.26834646105127,90.37473520992128
74.2035458503066,54.91165966184642,82.19623171244592,89.5322762191236
76.23520093406898,59.749430121103046,81.79593357266162,89.65953929383545
75.74444454402439,57.0489766095266,81.31343730619623,89.61266856888044
75.42359754476362,56.964398765990566,81.43261255071236,89.44872545696225
75.64680575652139,56.64137039147318,81.65742429759173,89.3920556034427
76.41319838330057,56.10905014736936,81.91611350558883,88.93184071636043
77.95049166942013,56.40743498504605,81.99839086119091,88.83440382661342
78.96462012955553,56.45137040093128,82.19667736743378,88.95315739843889
79.67238676178101,55.668246063937744,82.26282950299195,89.16255556755078
80.11895499710876,54.58082555195432,82.08316974980855,89.49790891966552
81.55811468465009,55.88056458799439,82.2288433900152,90.4108896488549
80.759455531672,54.72882987274412,82.23079831744658,91.02589992141172
80.20594961011638,54.26917802637748,82.22860861007413,91.10500169983455
81.91148940530708,55.86365576860009,82.06002050338108,91.44616468081291
81.53184638287456,54.42790708895967,82.06046950400706,91.30869154105505
82.17357996419966,52.29541282780833,81.76288164338172,91.12853445636311
85.71335307832778,53.39770352801439,81.61035834908543,91.63720393142401
85.98045203687789,51.756514277143644,81.67121434319432,91.14392859405417
93.26139206313877,53.17073570031576,81.16517192189816,91.45018699969359
95.6583160563033,52.93148786278219,81.13237034517601,91.69492419540396
95.67827551473403,50.6541345928767,81.45626760019911,91.38670091420053
99.35206087141438,54.05047809861652,82.10655159646365,90.79928896146723
102.49777278235118,56.25542977333017,83.37731401573996,90.14147964242018
104.34052678206457,55.35809689928384,84.30073946510467,90.81113442325821
105.89734711037806,57.25613639919544,85.15031654376823,91.24523616379145
111.95582854483516,53.94635121051752,84.608268607105,92.68747986191755
105.23173249420906,54.801379170478135,86.2954801022781,92.4437920211818
106.71182902019774,56.11673237373509,87.15345664411176,92.07574540279961
107.91144186742703,57.22276989864028,87.71752998567919,91.8333699741898
111.2966681235562,56.66514711243845,87.80077095868086,92.56646188653448
113.44681327147217,56.626338173211614,86.95542002823589,93.61415847172948
115.52882411888422,56.27615843125763,86.58806447873648,93.7502862618928
123.60737138891686,55.506669597102004,85.23089860383234,95.26690567288054
124.52051162603888,56.785112822503955,85.55424056992642,94.70511352139305
133.5151805087453,55.900419986087606,83.63267662348333,95.79034378965802
134.18976468799514,57.81532491042765,83.21098270412782,95.84611352700699
135.2061080171251,56.8981860708315,82.8089896007461,96.70404519026911
134.7487380499757,56.41723250928596,82.66724078267974,97.02305136960409
133.64902175616282,55.61218042108496,82.20785917848727,97.99389394265069
131.26579703956352,54.46968908518149,81.71235907250134,97.92054636467124
127.3485015456101,51.75575467555336,81.60053749708418,98.60996656408497
117.071733384759,53.347149087865624,82.35455141888404,97.93946869405029
110.60279381583453,55.21084656835122,83.86375871987995,96.11504655050005
105.06775506386658,55.37324498217428,85.15628648016352,94.63041593398218
99.53046755242909,55.50115423741725,85.39687235966692,94.29379351508854
90.9283681188313,48.867011981615235,85.9359215381418,94.03997757808418
92.02420348785145,51.10758297843189,85.40732183644029,94.5153690164577
84.60716818527166,53.89621627722732,85.07038528522783,94.75275247761319
84.31489908953762,48.82783323368387,84.20205251169192,94.37161905145545
76.62819273296023,54.12370178793,84.08671858178032,94.60475586721856
75.57084300131024,50.65493480802198,84.08042609981355,94.26904926078095
73.38926646826323,48.171932326919,83.93291279551575,93.81633016292831
75.46614346256625,54.23928435741807,83.13711426268972,93.67320038934471
72.70157432716623,50.48649488955738,82.9273161092344,93.24906512218524
72.57396447548426,55.19128497363329,82.6214621517478,93.3250911475759
71.0179054965995,53.35324411392147,82.35248493854262,93.15269288080874
69.53298307889801,53.14873527209559,82.28169347290493,92.98789080795262
73.01309853149564,57.069473544150185,81.65844815578339,93.16291759788885
78.13096165727653,57.57885574303646,80.98415474266156,93.22469266506685
69.61421159011854,56.59448328947709,80.6120648196045,93.45855414456567
69.82126264184234,56.3561397339795,80.43382246785823,93.50710377434824
69.75283030222877,56.98366326856012,80.32706687063428,93.57246111554923
83.20105310312474,63.925682010648195,80.20543587455523,93.63248586434428
76.99686879414168,59.133566516972806,79.81897893862731,93.79954441974925
73.7469815507415,58.61608448188976,79.7098047178471,93.88988704616688
75.70966409712251,63.4732474823894,79.69698149138756,93.90331086969152
79.94880113734257,62.68765400286199,79.58305582250752,93.94454411056091
82.53440930897831,63.74238416766876,79.51881408098163,93.94773584431712
84.94845626596015,65.32263286449776,79.46324309334851,93.98973140300593
86.71005120544842,66.53472188438626,79.50373553210574,93.93690913524736
79.18959084464873,63.146994686060154,79.44198081577788,93.97185306818497
76.94913457551147,63.21030977764828,79.43653852617156,93.97529252826777
76.3388236263137,62.438567193758836,79.43286611971936,93.97733124867422
75.67500087151026,62.777028990620224,79.42645644400822,93.9811914631828
75.97463121999513,63.1439506919283,79.41687409414926,93.98748718734429
76.42826375120819,61.330083141736836,79.40424482827008,93.99525840337358
76.37349199444705,61.13092098605425,79.3891300030668,94.002188337984
77.2874868901262,61.974727928168434,79.37640133727305,94.00985285989881
74.98715230325811,60.276907574156596,79.18571633162689,94.10700852725782
78.81652349597248,62.41834300374928,79.00015853176947,94.11118362373041
71.8983036357583,59.814995998994554,78.64379773034725,94.2932098933717
65.3472160209001,57.00113415746265,78.95254930741471,94.34397062859004
69.91994664861576,62.094711756820125,78.97471157188085,94.55985536212607
64.47466698657482,56.626503104585666,79.75462941647055,94.70444641842604
66.76583901392995,62.05645395891682,80.47652415799442,94.32726413115046
66.70879489692797,59.52431315209541,81.29783360200128,93.98844430054889
69.50049225485252,61.440689966611295,81.50219246815291,93.61084985883402
70.01356875235119,59.31870792183535,81.67850000057561,93.4450115115573
72.2782113319023,60.175273844554454,81.46045360718995,93.49549169805573
62.5759029667446,55.82304422705409,82.41869544431687,92.95158743818341
67.44675748949959,58.73228677810728,82.79491204272779,92.58978120341712
63.27310228007952,58.651283814416686,84.07414489732842,92.51853298124215
69.01234500591943,61.31763894206483,83.65397853744547,92.44816851680889
68.35313711411442,59.663807892079205,83.43218121299275,92.95019182664953
70.46360292325974,61.3072521909655,82.78305578710017,93.16939267780577
59.94306900805479,58.42343084458372,83.89319252620149,92.73702888558398
65.18732940954679,62.70189493462576,83.54097753223849,92.9455282949164
56.91506538822589,58.628275893950416,84.04021367424552,93.49335584236206
63.96147546729599,62.27087081349258,83.69371137956968,93.7488011122255
63.270485887045965,61.797184194905284,83.63941696524063,94.081146206471
63.5910078792225,60.17191983267888,83.5685839741775,94.4123235915836
64.53837732365147,60.30444478609007,83.33107725065618,94.41788869621485
64.64959662147183,60.140139126047295,83.08907441011927,94.45034459337445
66.06607621214835,60.284073988754784,82.66707089626199,94.35308699037597
67.2492397009071,60.40279331428582,82.07313869508877,94.47285128645363
68.39392004707938,60.44235345730175,81.62701003838112,94.46977551519706
68.71519588612384,60.93606130871934,81.53556534967589,94.52076415787427
71.01603887604105,60.710883373551916,81.36932181750383,94.59959250540676
71.4244929994615,60.91398080310118,81.19941400267736,94.70065761125116
72.14768419835386,60.253113808536476,81.00876759827798,94.87698821521822
71.69615063499185,60.25170130851321,80.88731289730423,95.01243943584866
72.81817749140083,60.361372681418885,80.78476228011311,95.12409698829896
72.63567510713307,60.39649654293641,80.59172899275188,95.30965642659508
73.11318452166032,61.3832385137678,80.40238594685472,95.49445953327215
77.17520296355161,64.71685933556675,80.36434378353111,95.52136786068255
82.11297405430926,66.00630661549187,80.28101504195725,95.53121722592692
86.55460873739955,67.51399813694502,80.22863442394559,95.50952991895201
89.45845868043678,69.63951354053931,80.25844321630743,95.44912334882397
82.992230269938,67.54533119561928,80.22362727882108,95.46344772112863
87.42559312578369,68.94907762340335,80.16297666326008,95.45762541686055
91.41200213677234,70.48128999291595,80.24882773155379,95.41393880268278
86.10805481897636,69.1047715313279,80.22505046162817,95.42643450614756
89.87461339359034,69.37080717450598,80.23679558275543,95.408854837471
85.71079641552888,67.39913478834468,80.17020823303119,95.45190673641102
90.34507329367982,69.99546467524786,80.16794037303058,95.42199529939666
94.14457885293902,72.93204238512459,80.22090774724899,95.3949239975326
88.58759923323629,69.76028079861534,80.2182278493864,95.40108535795954
92.08782823040673,71.81188863572999,80.25055336334628,95.377690793502
88.85159764616076,68.67957990209203,80.24303453992539,95.39322664914458
93.24957912819903,72.27270421220564,80.26429321738937,95.37535447468763
88.63130043513621,68.76913262016112,80.25098221057067,95.38819443230574
86.26742030673465,69.32018002059871,80.24087082049269,95.39733823025408
92.13431805819704,72.02669535153555,80.24225045031937,95.38990716249664
89.25964925474855,69.999225878322,80.23486656063433,95.39549250937539
86.02757020271406,70.56082403647645,80.22336529428094,95.40164995473948
84.17579968778276,69.1855532826587,80.20333645414841,95.41530472264411
90.50709420023063,73.38162892289853,80.20763757360082,95.39590658547503
88.77488643226593,70.1930634547532,80.2039754499233,95.406215755866
87.95070094620286,71.08414854978597,80.19888103184404,95.40808863945465
86.54818373176379,70.00853330039295,80.19472351850723,95.41214358777987
87.14983629022859,68.53814520040778,80.1934849422957,95.41316267906186
87.37498824070764,68.51392068805313,80.19151087746775,95.41463889254909
87.79435676376835,68.55317832991047,80.18989412591723,95.41615735817638
88.13789236874413,68.10999431616804,80.18733237212338,95.41878013257512
87.57967926647267,68.89959921612328,80.18377096966404,95.42112760652942
88.34367923775187,68.31966456642051,80.18256474544366,95.42223421252979
87.97335439597688,68.40467881116138,80.17919956979411,95.42481494796358
87.69193600217957,68.22444298198907,80.17567862556956,95.42765399908657
88.00735517955434,68.21232590805592,80.17474400455033,95.42840705546845
88.02356318203665,68.5503530157304,80.1726310699074,95.43068826835743
87.65943193481426,69.71165739983132,80.16823768151679,95.43300301547539
85.94401093373521,68.669544740009,80.15844376410396,95.44148394463237
91.21891486749213,72.12868019768767,80.17591285124101,95.42451632059581
87.91727730294541,70.81319789440789,80.16903811995238,95.42446801059043
92.32927111247277,72.23598001344277,80.26382701304365,95.37057266442741
86.58032625746128,70.12505209936182,80.25137698612815,95.37386159805807
89.40454304395848,70.18029802788385,80.27429293858542,95.32204500781633
92.24565696640818,72.12175755490253,80.69719958083813,94.94165485964747
86.26808363234889,68.24466775670095,80.61400854143714,94.95870429095054
90.43872451735558,70.24249228135679,80.54201578814741,94.76115356736825
84.94090121366693,68.23242230907175,80.46287716298075,94.7217961555235
88.49839800702145,69.24347436060805,80.56197440039891,94.37446944102363
83.50399291017885,68.9290504077788,80.38602591183314,94.23241799127058
76.1790705493077,64.54315643679124,79.96804531619264,94.30576824251085
69.94405856895696,59.20179415389342,79.62177365311483,94.57544120308188
74.18217169188843,64.49597213138253,79.59677173433928,94.34089365111879
74.01275805794587,61.49365395410737,79.44972271023411,94.32772633669327
65.25634519181088,55.882182643973714,79.74955291332928,94.41515851231948
77.41525362705781,63.14770523200009,79.67691045079442,94.36528685158655
77.0678654589055,62.35237482446807,79.75801131197849,94.57404056120473
77.26705547485363,60.841005211002326,79.86170182623245,94.7542278414962
76.97518362798772,60.7629313295147,80.22698384253222,94.63451627834726
77.52061238786222,59.385990534477116,80.65241150382874,94.12498062446491
80.7104000143551,65.81238822995233,80.34840158897774,93.67302408544319
82.29554582515307,62.802434294578795,80.52324660983786,93.89705879105965
82.42957334087284,61.11449755769596,80.88117517424641,93.99644133808276
85.93355840573699,64.78824293528477,80.65176759029447,93.11768723146471
85.24263713500591,62.8649562965193,80.86946323157964,92.83115904567778
92.21321228512124,64.59683066642094,79.89263883619515,92.86143553628222
90.13356700230864,65.04315701424593,79.3567704433853,92.06117825057389
89.8371256417902,63.24929928428319,79.29680009273258,92.13597952974378
94.12772452473106,65.84878578927044,78.58595602558131,90.96952109191284
95.85410087787184,67.30541632167552,78.64833121656231,89.88202349107665
95.96631886611996,68.6648433304579,79.06710392260318,89.01389679322934
98.16284844315493,68.6386455280909,78.76067368241263,88.42106371401479
97.55505712561214,70.40569170313401,78.83858067453099,87.79254735460545
100.793939379654,72.71741194176701,79.2049285626875,86.5595296983844
103.61763648424116,72.52607673996596,79.08810629107421,86.29280052341518
103.0625408305938,71.65284230889475,78.35085127592782,87.29808729670566
103.75888701222274,71.33877805710448,78.83586234093838,87.65825060272303
102.98392914636439,68.92441600443745,79.90487721878279,87.74837779185836
103.87943381676436,68.93676615664441,80.81974565889713,87.7153673901747
105.01715050673573,68.09197695268344,81.47113017293634,88.19545156496527
105.33536925772133,68.95724667267923,81.48026998248096,88.00829834590567
105.83632825448942,69.8337466656202,81.96354428783394,87.6622848350146
105.28943520199753,67.49626841412928,82.56803720496103,88.75946109126181
104.02248090036468,69.56509889171448,83.38051610260693,88.00139613104074
105.1444051194517,69.20749514459916,84.07497232713736,88.07502888486154
104.19126994508426,69.91366032749974,84.67534341344395,87.88733102066254
105.10157749879201,68.03517182248628,84.92389901945312,88.40857809790444
103.71175667735382,69.38890407693691,85.13982973436626,87.90793407697925
104.24888803734176,70.88852054900542,85.05622881429807,87.60696668536298
105.68308705078837,70.65855150748438,84.59907160352117,87.18677727883826
106.35388654534712,71.86931250872108,84.61566589271635,86.71575898329692
106.63432966058582,72.83550399463374,84.89237387334049,86.71406141243445
105.90123352948982,73.4348280553506,85.6028213802644,86.36289668753088
107.74802244690343,74.48852973234676,85.6361569975856,86.56113021632054
107.80501612663122,76.24141459737432,85.54981590032872,85.9951481125319
109.88185101383698,75.2281829258387,85.66807586682296,85.94601774565746
110.45805981466941,78.28186564718445,85.38640577177658,85.20437066768154
111.69880776353985,76.6404865814435,85.31472661597908,85.60622507830772
112.24548168707645,78.06743419918227,84.62665056727815,86.12077976920651
114.91201108789386,77.46686426565215,83.74454715657352,86.87486861779027
116.10707957114901,78.60580530352243,83.58742954202242,87.40214658767349
117.52696499176122,78.66078791059971,84.27157160744474,88.07107395021343
119.41184100546985,80.3308102062932,85.6549477271527,87.67432054611281
119.16401183903932,81.12143619131315,86.15732531257407,87.30524609110282
118.40763486007123,82.60510808641303,86.2428875361963,87.0655231409757
118.93483998631827,83.455204199284,86.46034348605664,86.72635016896453
119.65376402877698,83.5297826560262,86.22128976606842,86.70257229631741
118.38188243872011,85.1308167788283,85.74043312844837,86.28211477802338
119.38232817811064,87.12560288129873,85.58671939357907,85.70820772277123
119.96301320553177,89.51824163669326,85.06838755198984,84.37921354289955
124.91602508052259,91.34562564066451,84.65415075879531,83.15053172231973
123.22086964289531,87.58172304411514,83.80101909864948,84.05614596311746
121.93082787237653,92.14807587445465,83.26484640265701,82.73902925354926
121.09584661020608,96.62259672974874,83.46225305121969,81.67975709709927
128.36784044848818,99.76853713689911,83.47607711171604,81.56998993025944
126.94193482215725,92.29263876398032,83.28598916012376,81.95402525489342
124.58798429364359,95.13311355280892,83.22914545854515,81.83360777028432
122.32324345107807,87.14452721232274,82.38814136105287,83.64952652211848
120.33005066468411,86.68049347926896,81.53326220910934,84.87270755176364
126.11321007731857,75.87904366036938,81.15191996159922,87.19837406578351
122.75116285653301,78.83078267991338,82.22089593774675,88.01082267388179
127.90818053414961,72.23090677943989,84.02233432976699,89.36942609836395
123.71067334172733,75.12229552360665,84.72138533189059,90.57056107798695
121.70850717960022,78.53337389656416,85.96268521977395,90.14675027933757
119.95398589146393,79.21029643599464,86.2731563524888,90.59503303861138
123.86062324839489,80.01780476154812,87.21675476942524,90.20773640970596
121.61959464647231,79.56673282196539,89.49347635620497,89.65257819536556
118.36916290921582,82.32827382873975,90.64071834786881,88.14409598192667
114.99032451108839,84.39836123544109,91.04833992638075,86.58804907150862
112.98367924149964,85.40841667533765,90.99103377061195,85.32127521735791
113.11475116798098,84.72076209152775,92.02913317612553,83.95407954984893
116.77903530616663,85.7110907562521,92.37425140411824,83.31594174211347
112.97435065460272,87.04934058811651,93.86079031631589,82.27712809256008
118.99192385165061,84.88936646727254,94.3476509107455,82.70888415742917
115.54357566195858,85.86736787964965,94.85426493081559,82.58733193520638
112.98908392562501,86.77737349903299,95.41730800431282,82.76336080225938
114.32470102277952,86.03049069682689,95.63630780353405,82.95489020729262
114.66685023177152,86.14388242185592,95.70360130640275,83.03394143803024
114.14106991461364,87.60830950826451,96.79267237674675,82.61358784123234
120.01187976014302,85.2372384249268,96.82313882918163,82.92108578564824
116.6055850032228,87.5378217341295,98.43593500424643,82.64699417182048
115.55390997139354,89.00219030038332,98.98547590195037,82.51868233037425
114.34334111797372,86.31674698551802,98.10305478234345,82.95452848616685
113.96228186282839,90.67959907626258,103.23705954599106,78.11185114298034
109.64732308765797,93.2969720339815,106.00986850334485,74.87161540134011
109.4664970237668,91.8940109193087,103.93114625673752,76.46367211211576
110.89708722394616,91.31146653294735,102.43562855035617,78.0344402597717
110.77110844622143,90.78690361478142,101.83390269373058,78.73196896580495
111.19232033399805,90.44979702549651,101.11859254358455,79.49390597322697
112.0906506825325,89.63541333353595,100.67942918099595,80.19511880936135
113.33813038741494,89.15740915174314,100.18507392391051,81.08256923997406
114.27102044874377,88.89572891635552,99.74892586893321,82.05441198575845
112.98113894819761,87.28494262231692,99.54999066407767,82.51391725587303
113.09623890251528,86.51412857123832,99.43056279890888,83.14453843054
114.32671897292163,85.72748103393009,99.0828769939574,83.56750129270833
114.51196573041028,85.32233315334481,98.99358731518271,83.89196746212778
114.1615105776701,84.73997245068782,98.55967823227347,83.99092396341955
113.52384693618964,88.39570651343507,97.46628379167787,83.84221037360011
120.12037586286306,87.10310006071418,96.14805046225683,84.56370131229842
118.23756480586735,88.45193714818109,95.18514741450507,84.68463351401255
119.70756287100511,85.17358744295336,94.60991144467572,84.79101411114401
118.99216324151485,86.320224162449,94.00782467536645,85.30125539116216
118.83741168522056,86.75652494581334,93.60041331299088,85.51003097306169
117.38696782476904,86.54010416641016,93.24735782901416,85.56492660210236
119.01470861901252,87.46180482291089,93.0948740203734,85.80610737947869
123.45225420843289,88.81412664458642,94.57544041904733,84.35789352757814
121.31709243663599,88.70601673220006,94.67295674599681,84.4955182654187
123.05716605288961,89.08235792011673,96.2166394504708,83.29778442812713
124.0398531693557,89.22002195329779,99.22311179804397,81.01845879744924
122.0112239214297,90.95954395936496,102.43277263526178,78.04449941914208
124.09291578612238,92.73426447471165,105.58515905510741,75.37513366434669
126.69934287446952,94.83933262104748,107.5611805536145,73.85150602722315
126.3423683893368,95.73941851300961,108.56736322940061,73.10278425741323
126.8827850764565,96.53131010372678,109.46917095604468,72.53403146004264
120.88295058235192,95.78805988407515,110.59288531626311,71.61661220253804
122.61052416215394,96.4937944299504,111.32744066749282,70.9371706414577
123.33035822811942,98.33673627791013,112.66897795128754,69.82406230946034
119.51735660940133,98.29636084610875,113.38845605368346,68.94670701289922
115.85948907586511,98.41205124795408,114.58494511474393,67.77751733793933
113.43009058159942,97.56557199939212,116.49144632309343,66.65013067171792
111.32447385801424,89.60298665331601,111.85185827520762,70.96234913150931
108.41469927849676,89.74215308894114,112.3402230470356,69.56930414115658
106.65158728946048,88.09638661345807,107.57494693355538,73.68869345398873
105.47892713174664,87.39541253733935,106.11404194914785,74.83841340579049
109.37311265410071,86.76681226757674,104.17064494542484,76.35194449503268
107.7182599747787,86.44614476350694,103.16537122768334,77.08788270640935
112.9108581077819,88.07346667682157,99.9629318624643,79.46473530922346
110.42218730052946,86.93769278339546,97.9353234304299,80.58142629504263
115.80358158940075,88.45127306665616,95.15865889138361,82.1573746114253
112.96847846014927,87.88850733206722,93.57924328175302,82.89955085051017
112.16606100017157,87.7768032304266,91.84234379237614,84.05407772091714
115.64144069715658,89.69028298042244,90.7999448796683,84.74216338694107
113.25065663392888,89.82592740026553,89.35094745818061,84.83069282699806
115.9027676319734,88.50333765548422,88.36003274740038,84.9237904932117
114.65408177222085,89.35518173857699,87.44554495457642,84.91124297872905
116.33498373231197,89.383183349285,86.63242014778221,84.6931847566502
116.73095430544578,90.50829554750581,86.25208021711559,84.4509082819615
118.4905493807332,92.90689079838879,85.9045986503725,84.21639564045557
118.75336099860993,90.52385163152991,86.4982091420742,83.75932944292333
119.51846650542947,93.88690862986115,86.0901756100864,84.0573333928856
120.0996915458395,90.77935160008721,86.59612402875517,83.87939773548402
120.04785137511922,95.17425198933294,86.08454919317474,83.98695966603796
119.25732401659124,93.33485589092061,86.30380455090909,83.86409323249153
121.38434262590772,95.43598863541119,85.94725306530835,84.24073857114709
120.56974501465433,92.64861592854685,85.90297230705649,84.48046678059112
119.30867608346047,95.57174169326815,85.33623344520103,84.85466374510602
118.3815704010087,94.1629518821901,85.45970569343586,84.25576759440447
118.2175389575612,92.49960997702027,86.14401004494574,83.90266877573104
118.65320320684216,95.47286729316644,85.60689581649872,84.14115885458982
117.94247640693509,94.22750256988596,85.76786710506408,83.45627203680755
118.57533468357121,92.65710209350135,86.75330187511032,83.2065011569199
117.56978853117126,96.30246823579643,86.56465496215205,83.34766031367496
117.0993278686937,94.61814412790253,86.78940311511006,82.9444791627788
116.40290383005913,93.61189642169536,86.8235872757914,82.88663012710353
116.70528330000573,92.81935261239686,87.52278520216254,82.77453413669176
116.67178993570684,92.93942495994388,88.46447414595501,82.93080336390759
115.35556660166286,92.66275121596001,88.83744439077944,82.52206393590545
114.68973655587709,92.45550807294255,89.05658843678059,82.34924098064553
115.79520174168354,91.93132137223188,89.29757952818039,82.31555619076745
114.95357523411568,90.86037921348776,89.32897981637979,81.8901089557502
115.21889841076327,95.51073746520765,88.8216057241081,81.29159429557211
115.22278312496434,93.12547968173115,88.62653930912609,80.81912890549387
115.23969473770867,90.99609799656363,88.83062321018332,79.64790293790776
115.83338971255753,89.40022717332971,89.22987171110815,79.2802659604132
115.81290472116275,86.80495514989194,89.82419458629656,78.84788901729851
115.69038674914164,91.41092524663969,89.8708620405965,78.53842990290455
116.47952787621034,88.52940794612178,89.93841435162176,78.48042673462278
116.1665923738436,91.20172006999164,90.08528058583788,78.29536984299267
115.48727510176072,92.36125343842242,90.1311032785022,78.24105287152722
114.66535455237877,91.92520795236729,90.261003208481,78.09868626021007
114.7290477695989,91.31498078292945,90.29677627857352,78.05687050612156
115.19378008417962,90.68590841455728,90.3420919705333,78.00644676523528
114.33623868430882,89.77175431670886,90.37101456348019,77.9756014517921
113.51789805832915,89.55058765067974,90.40037610280066,77.94456447020595
113.60632371862589,87.98949912930925,90.4226090939309,77.92155270450576
113.64617428521912,87.38366694463909,90.43816411051327,77.90533015863916
113.93910108878501,86.61285554022196,90.4548638113916,77.88860550386565
113.44325593972411,86.73911740448085,90.4612772316333,77.88246305815426
112.8487768987444,88.30441854369766,90.46568061750965,77.87833110709795
112.30532074189426,91.46047133614769,90.46924644511832,77.87526320759217
113.67340593598132,93.34439245418261,90.4788822741378,77.86693792594436
114.77867505574099,96.8321498859055,90.4987505573693,77.85178835790875
112.42946610669615,98.96180433071294,90.51980887446533,77.83645892233436
113.04617948026981,100.9215280967075,90.53792064240893,77.82455648006693
114.37215947843507,102.03856962139047,90.5533288196777,77.81499411398957
114.30788681319962,102.72585959338603,90.56883945476172,77.80479548332241
116.04279986625096,103.37055004029597,90.59383632763239,77.79104530201168
117.86200718563128,103.76218048904803,90.60460305483855,77.78455797647565
116.98151108630017,103.75209740395911,90.61255613187296,77.7796217641277
118.60561133611311,103.76146950523543,90.6287985529319,77.77026813272973
117.27263889131524,103.9263997905984,90.64526929854573,77.76062484358373
118.43168671639907,104.42836264774306,90.66283267547766,77.74997363920117
117.0381715195009,103.96558829363727,90.66962181828215,77.74581809850758
117.05681631015713,104.26791265289769,90.68756176298284,77.73452890995881
117.68594531645104,104.70729207484945,90.69764517247602,77.72869177130129
115.98220688972924,104.90315101623858,90.7088705858714,77.72192992056074
115.03282503421838,105.38483495840137,90.72401570367721,77.71284998245937
114.42396139484883,105.37362228391925,90.75150033429159,77.69826048193967
112.86279101217173,105.13529707122069,90.77319055071086,77.68648052651554
112.3276936293114,105.35408365438175,90.7902565971017,77.67655641114443
112.34758456381257,105.68353983940614,90.81303139721534,77.66373293927758
114.27181103341485,105.79592197683941,90.83217270010674,77.65242404342027
116.47466418320671,105.27858719162656,90.85912078132137,77.63634192774978
116.12955850512259,104.87863104524146,90.87730210580855,77.62434090903851
112.90182145870084,103.84969474655249,90.91032613303926,77.60028382273114
114.3834641909132,103.00453530398129,90.93967544186891,77.57776751519319
114.60082032605453,99.6459251233119,90.99201325784611,77.53664417993772
112.35204310094701,97.67913378722449,91.0918154230575,77.44845589798047
113.2521126888661,95.59725937271114,91.24362083683415,77.2946802938712
111.9703470906587,93.17826781650673,91.37449669877631,77.15263906851143
110.76463921204747,90.7076370727441,91.43862408586634,77.0824531263797
111.99468924557593,88.96979631734658,91.50262622980797,77.02176745921149
110.92783646049631,89.2889768253755,91.53905988071672,76.97823647931699
112.42495179386873,90.09675091956709,91.60976370608307,76.90060983882353
112.21513192007582,91.27839639781882,91.68864387830192,76.82024568018689
112.79093838861644,86.61586044001618,91.72472549078121,76.7698779519323
112.1819943328901,88.948952755603,91.78405177648165,76.49370272398741
112.49446514735205,90.61327360650182,92.10547753056099,76.14547827377669
112.3347854955026,92.77339352490503,93.63072856266106,74.58066126755192
111.71636531829624,94.61724826730129,92.91008991698223,74.00809174400209
112.07899769103454,92.00895473072774,92.13935705346387,74.03329497849562
113.15519160593439,95.91131369317115,90.90026830737389,74.4207271695756
112.98050972135304,94.44076966643564,90.25841201952593,75.187745580026
112.93290349764214,96.56183395455793,89.01661813645764,76.13458327804291
117.69035361224306,94.08935725952547,88.59374461776605,76.83995556001454
114.7962401388904,96.43411328325598,87.72171660917964,77.55742355024272
115.32547686106052,93.02218571811987,87.33573757630788,78.90969102258649
116.28554033689808,93.434688991657,86.10420675405018,80.20099483355972
115.20356517122434,92.13048639577308,84.73851498029511,81.72610348792827
116.54563271008114,92.22288748689773,84.45443841050084,82.32052802601206
116.69136252886051,92.15655200423535,83.46720409852651,83.21633776239395
117.67945564183961,90.36703975147697,82.71497982191676,83.86480597060847
116.90332558363907,90.2547928681899,82.30341042095333,84.37447768327333
117.84391386296885,90.08117896447479,82.32579199732643,84.74506615659111
117.72408423310056,88.74197217514134,81.38501023514377,85.43609970748702
118.61918608519645,88.49943170568315,81.27828023719742,85.99521920411168
118.51846640912333,87.53553961311158,80.90893347083625,86.00177581490635
118.71714067221879,86.6643202706161,81.59054822436944,85.93659755081589
119.07649312274096,86.7814692085368,81.57627229413887,86.24427398108107
119.40490377509286,86.51519038631186,81.97594117231166,86.31284504992746
120.21052125075016,86.15813021881041,82.20023745573828,87.0344578443095
120.1514346386348,85.6549658267715,82.04446302381436,87.33557862486633
121.03635931991873,84.98218018231472,82.00537733502884,87.44928462695282
121.17336411702036,83.85134378693931,81.70310569931645,87.70907081148721
120.93960409425983,83.59628047737982,81.91834035374518,87.82876611589938
120.94326437693346,83.21217913118048,82.25984217347066,88.35847701979156
120.04595640356624,82.18193753881816,82.06963966164797,88.56735216656759
119.53459307523501,82.43960750466242,82.45344005068651,88.4731698929792
119.33153179598523,81.2619816433689,83.68178686856261,88.37890627285385
117.80259442824205,81.44281778137596,84.03921166050648,88.41019520089168
118.96431442275912,79.77498199771554,84.21920323008135,88.646192543359
117.77724316030579,79.96947725694903,84.00226103628378,88.93473946614569
116.41682065020794,80.10048484202208,84.17366710307984,88.67743344850439
115.5451209643671,80.40746879583483,84.74441482624007,88.42993039416564
116.51175171069468,78.2741580751867,85.59225909034457,87.79897073499802
115.31976377761394,79.6150778985288,86.13277678084685,87.99568781667688
116.6457948509884,79.50726949055877,86.57124812904729,87.65006282706351
116.38310872757793,81.24451268959658,87.16701857989683,87.08872745475998
116.3329946027826,80.95872446399038,87.7794228663222,86.82952554560555
116.09956429213763,81.81667464022291,87.96163992696418,87.01602878620385
116.21850203511354,81.68146935017705,88.49818315267466,87.16820742155573
116.17643038243229,82.15716690622061,88.72793424242761,87.49171966000878
116.18743795159332,82.70619247639723,88.60149749595553,87.28496538321146
116.4522339324549,82.05469834688,88.7767253327019,87.6228835734097
115.92161471677325,82.0329691426958,88.66161054789396,87.67185588266905
114.56971060266535,82.93764626687859,88.82846485002332,87.37941373700275
116.32972160005677,82.78776287295537,89.10569479501405,87.60438363214662
115.19939672127816,81.88712905829684,88.9145527892656,88.20022909845402
113.82717832179759,82.91260244020428,88.96702591558882,88.10116231281907
113.4889142288493,82.81032583272597,88.90516735126414,88.5242343213586
114.06869683106284,81.85927303322333,88.72037847444707,88.66333001454876
113.08625971714716,83.00745391813886,88.91493169073517,88.79129514138518
113.26643424910502,82.43065731032036,88.60409050926549,88.90014863381664
111.99312925351842,82.58216568325608,88.69033425135422,89.06032485750579
112.29068020935574,82.238214039989,88.6389034708136,89.78261239095555
112.04121731969178,83.04764179716815,88.77196002607002,90.12678149283869
114.92551109918422,81.5056799324022,88.3524849777663,90.66061133313414
112.86840834571152,82.18373247596679,88.02026933831887,91.25428861752596
112.5532126184061,82.00409706075655,88.2352173129149,91.0750494830035
112.38703174889251,81.63001403915223,88.41215310105727,90.96587536918014
111.77388761266371,82.80457198143152,88.68349867026778,91.02276605925229
114.10038844323023,81.89415044143419,88.08032029328395,91.31189744166852
112.30564170384002,81.18942941658365,88.16325034700026,91.55902793741453
112.77940182730164,83.58171614706936,88.51940837423169,90.67062246998866
112.71540438150816,82.86986897366512,88.1606697398272,90.4400975470446
114.5214192958002,82.72298278241827,87.51471080166976,90.55087426744515
111.08793035294042,82.53054319685003,87.44720706660075,91.22247362505358
114.22951973944124,80.99995727206738,87.25757611464402,91.54820426673312
111.33689482200809,82.4024096660133,87.56434084208846,91.62847017700719
112.34161028358935,82.4122339415801,87.68392083468217,91.96632772223666
112.16276409927325,80.68967966887257,87.58564124706132,93.14086861208835
114.36783595401633,80.81989200109092,87.37384224506417,93.76023580346373
111.29249615412519,79.64546219661679,87.23956395910426,94.02033503643541
