405.5,256.5,122,148
405.4303874890487,253.7753966360484,123.33756829888006,150.39756574050696
405.72713543565294,253.05234120990036,124.6077315491195,152.16932034084803
408.2645128063521,248.97669666208395,125.96541375077541,155.3590572933839
412.24299856726805,243.65784975150677,126.06982547631904,157.89926080386928
414.82457126162444,237.8623294427058,127.3693299098413,158.6884720833975
416.55551863640505,234.7796162658707,128.61931298315608,160.02948609118152
418.59879329046237,229.15858384048886,129.29060192424802,161.66439228105654
416.9008411663248,221.68166728597976,130.55333914409596,161.16749983465482
409.91634802000453,218.406231702691,131.20046989169265,160.70224913691345
400.8127723902901,214.20203674583277,132.17716193786458,161.72996325793582
392.7881549405981,207.01115558738553,132.76735047341808,163.48975253711055
385.76675627623416,196.76720022074807,132.97171453645987,164.7380583204343
378.1262998727131,185.64900588768666,132.8494796460533,163.69976780259722
369.26026490468047,182.28701023616907,132.77700894796325,164.12902605814702
359.8254564867529,179.38245079159864,132.68689563550296,164.87093331932766
351.1991180030757,177.41788526487284,132.51866844331155,165.40860538458955
342.1663769346842,176.2357405796326,132.57977702967946,164.84128774708975
337.58725102824417,179.19264842388662,130.83769353066987,164.42550748948983
333.22566407648105,180.03730475633645,129.76371682231868,164.16474697531652
326.6834878983839,180.14539568525896,130.31139754002427,163.56693368350773
320.92024598737214,181.69757363388862,130.24870804509217,162.95546003798788
318.48660873350366,179.5037258440859,129.06595661288765,161.83972525107725
316.70661703150427,181.0064997139914,128.0399596015422,159.36608673863745
308.0669575825708,180.25524785809995,127.8229215352979,158.9919668198967
301.0562634617173,178.24490339691116,127.3045978247954,158.2768449855909
297.1167929695827,174.58431491023865,125.927750005964,157.01759192811318
289.07927247899175,171.06608768398746,124.82991653646232,156.8689634681705
279.9487493008326,166.65105182661767,123.68085241914778,156.94789077373034
272.429707896896,161.28521757275502,122.80416891537546,157.3367600947491
270.1509124268967,156.2877593176285,120.90980882845757,158.5808526303928
271.5962151271717,144.1970653483864,118.32717323648598,160.83629147219733
271.1081814556022,129.3421727789467,116.57934979822245,160.97456248143803
272.6483010929355,118.6117830777923,114.90017205843736,161.78674798115895
276.0295224250542,103.7903844750062,113.68031333661338,160.48182561275652
282.6222103169608,93.68282928403865,112.19215263306151,158.89791141278246
288.771208197808,85.748038793214,111.92268985323962,157.63078318117493
293.7703883064207,76.64145557294157,111.39699065438576,155.6920140443272
300.5519505832165,65.08583883966507,110.84943292666085,154.63417822071906
308.8800551983368,58.33723707439643,109.91983197278748,153.08111357803858
313.8055761682908,53.402014633878395,108.43761117698345,150.51945339468256
314.7144025345561,53.20281992701341,106.74497501454411,147.20295304362676
312.22915365081695,60.994245893309184,105.86097344196504,146.7325736452149
310.41550446603543,60.22125690760387,105.59941897682657,146.24176362987015
307.2247121910166,66.91251155326644,104.8849132100918,146.74790046433847
304.4437633580548,70.90214013252202,104.17243209946498,146.1408266287338
301.5295096765133,76.47668361357816,103.61569461620404,145.77591363207563
296.3351386556165,79.58737091560849,103.53692738828327,144.51814300140364
290.97383071225875,84.32505470685393,103.54787907516965,143.72622230306803
285.1866830686128,89.70461984415272,103.47144232205633,143.14126442989868
277.7702737978595,93.65670118381999,103.54709590842377,144.10554047126726
268.14251199979674,97.36758435286896,104.35658984146333,144.67814173265663
262.89780890659256,98.42007922955437,104.41314709751278,143.39312991841467
259.5494779709053,103.97909945891206,103.53781609474183,142.88025208024374
259.0547448545848,106.0804700112903,103.02746650573525,143.19923186171772
258.08566700313213,107.00101624732191,102.54654362015485,142.0455041467155
259.012682967917,109.84438657373857,102.32240582796763,140.7279436963663
256.4067025675062,108.6980352027239,102.72420217719004,141.04220615366665
254.90603573178157,106.43782466746524,102.69534514238629,140.40248194143862
253.59759894648937,106.70874462229749,103.19518213193122,140.66172297392805
253.94249227640597,109.1414932699864,103.08102947478355,140.41340507231854
254.2506415297699,111.34740438723567,102.70324001210689,139.63586518836016
253.34209403553632,109.30535943789008,102.21156839710417,139.25098383460994
252.25921240690528,109.91402361752117,102.24731365853192,139.23036999580216
252.24859621126762,108.08267839021833,102.93285453817623,140.37840867504772
254.99622741827275,104.51487233730873,103.51320609969089,141.75107655937035
256.43875728276805,101.41516399357485,103.72260828857742,141.84891167335178
257.5677190288821,98.79600053372715,104.01760179998102,141.74923734182647
258.6231404184811,96.75069026426212,103.70875358293195,142.23358041493623
257.3295393422109,94.2220179821158,103.86023243072388,143.39751262762059
257.32956212585026,90.45043072020619,104.0228466128339,143.24968812037292
257.4846003773036,87.48104228217841,104.3499890025015,142.44156396111964
257.58701996230013,86.74925926878223,104.66909045531494,142.03389282913668
258.4052393894755,86.19241916953105,104.81672304642923,141.9340837335869
258.63970728700735,84.68363341658942,104.74553685416029,141.17885884702937
258.43899355723875,85.55479171434037,104.89148950786553,140.85100660604255
260.8268605618444,86.55538786365125,105.2349395158357,140.48324443074995
260.9206389246321,84.88036480295666,105.58804925125119,140.2672998657225
262.8894041451413,83.4061990477119,105.81714860149248,139.53815568537036
263.5750504319447,85.71198188334634,105.51845055131555,139.04210858404775
266.38493673703886,85.356138605673,105.6295534332233,138.94927936037604
269.0228238656407,84.71011344161482,105.66909489943872,139.15415169662532
271.5311974697155,85.19219674781704,106.34560597681164,139.56052522628022
275.74520181987816,86.61413865572544,106.27045677355653,140.01520989763077
282.2339530457417,85.57745239092614,106.56229865166347,141.0794438430924
289.9535535080246,85.04528080796737,106.25255901554989,141.09585867572747
294.3048390212051,85.65005779237327,106.56115837645693,141.3960790341938
298.97458300184496,85.35668264516212,106.40081145979387,141.27291917427345
304.4098877009397,86.1103409856444,106.38895240492721,141.36564447882068
309.87612321376196,83.44347690679761,106.66066877247117,141.73769365473325
313.25487594887807,79.5422574408826,106.02536236077167,140.83146387776202
315.6962199596144,79.30968937202056,106.56969727325901,142.23915621789774
318.55185265718364,75.49034168058971,106.85984570029449,143.15573799144548
320.5698915433077,70.96370458145775,106.95456197635579,143.8497182520263
320.25697627496425,66.11659335803148,106.27639535403841,141.96825710512883
319.69305772717496,64.50725374199192,107.0252594126125,142.56431289360444
321.35863670693936,64.22798781211978,107.73945629622335,142.92206504710902
324.59756812915936,65.34611222009917,107.69640933541984,143.55511135138948
327.8053038437863,66.83098799637884,107.36324905957784,143.81403039590657
328.8143766876225,70.54770694072326,107.59627043085021,143.7132856071933
329.722800495037,73.93714444112142,107.97610741494385,143.86723044968923
325.4364973553158,79.34590718682273,108.52206135826563,144.6085304511455
321.25578017468905,82.26504343851065,109.82006588706065,145.72898578437855
318.670830905676,90.7409120117657,110.42581456851946,147.12378336687235
315.34835578569846,98.23683517701303,111.02651193600744,148.3933487032478
307.98790370626045,105.74768585127251,111.94198472891668,149.80539178527084
301.0831782769123,117.96362522858264,112.5005973078888,150.54518203699823
294.67834002258303,131.43997655329332,112.69960849519727,151.60648123389035
287.18125226430914,140.69765278847828,113.28186441793397,151.93112891610832
281.8169569360896,149.9532468637196,113.61831373220997,152.1059492189948
274.7340617314481,159.3010864911286,114.03619173457163,152.36636661334677
271.1968611873827,168.13021712184116,114.28330514875225,152.84588077306418
265.089128714935,177.48951222403116,114.72206435176537,153.68938239607678
257.7585316764565,185.86896503572038,115.29714354529942,154.22586404076475
249.12368379258456,194.21413601881753,116.28792772246716,154.78209266172865
241.21913406378928,202.16594776536544,117.06589448199861,155.61319893547855
233.124899423135,209.11326202145653,117.78816484210355,156.46631212251512
225.6644520115322,215.35841372955045,118.85543150673979,157.4633963634928
219.89452860034487,222.96851001947317,119.29377400324776,157.8824926859301
216.16174026287348,227.5651540343443,119.42908134149012,158.93225713879278
213.54691303667715,230.55724972510401,119.68809942608495,160.34239768934123
211.49769259597875,231.64572118696142,120.49308756776615,160.62924184448383
211.75572557349705,233.59359316154325,120.77964351376488,161.00349358471223
215.89335856821847,231.4237078972318,120.6541339559016,162.37462831583457
219.57814853543573,229.12433951519532,122.48733283769022,163.64228368952666
224.9130528639786,230.8466452344241,122.10697959442285,163.99691784700113
228.16143259200612,231.65628360067626,122.26956147366448,163.94202855517827
233.71030213451246,234.08116303686717,122.59226496982852,164.67793920031352
243.0239305304052,234.55312085237136,122.7845977929112,164.67349827118653
252.16570786021833,236.89668158199618,123.24728374912966,165.19443278498986
260.8051593336015,241.22210873147202,123.83797156164063,164.99044166047668
269.0631890937282,244.90227349135586,124.47218631812063,165.39811941915139
277.33356976938074,248.5656089285672,125.1275080356633,166.24196551250216
285.72224149701435,249.28620639993284,125.48112123017637,166.70315854641728
295.0281847767659,250.09150112864518,126.27164899257264,167.18352363115267
300.8743305497256,247.50534526528457,127.34517222784223,168.37132231351654
307.2904723390802,239.71864425748362,128.34633992019002,169.40949273884743
314.2337330815722,234.3289834876366,129.20063169051616,169.7338181695327
319.23165542688884,229.466394090052,129.5223300296681,170.65978832364965
320.41465736021735,220.97403015744803,129.19630085249466,171.3951150963283
319.9058459057434,214.29361603262058,129.10522575099804,171.57770924564142
317.64433410952654,207.53971675507395,129.0430318675406,171.28558199659648
313.83749073459774,204.3332649448659,129.40208709808059,171.6989405196615
302.054234883672,199.55511664852605,130.76571794055704,171.96786261588124
289.45875907756295,195.72970022506885,131.44073365494793,172.02781220779076
277.61560147887565,192.83145770364354,131.7834838651399,171.7884138239751
266.55128480250534,189.29756288954263,132.4986555326999,171.81995667559613
253.961817159778,185.97376763840197,132.26689860318874,171.73716902693752
238.73654393674974,182.41812281608054,131.51658788676968,171.35226192475417
223.54050391006194,180.52480312220538,131.11118640328002,171.06161888376306
211.76428813597747,177.78380440427824,131.3280809946619,171.00435307117374
200.01330077543426,172.54095800126078,131.2931027433362,170.84427866529464
184.48771448582644,167.92483150033885,130.41925128995905,169.91817118587625
170.3192887762052,163.69508450503292,130.19004931869858,169.11669315347783
161.38342006292518,160.48822289568798,130.09646043605454,168.71490466867652
159.22209173818624,153.60510466913905,129.24200069148944,168.033087761789
161.45207036246154,145.83108673870618,129.04293249628358,167.38540867209323
163.99223540027575,139.90840203505203,127.38790945610134,166.3606809190622
165.40761866366213,136.96083116841413,125.9459762137066,164.83527087545204
167.54136905875026,137.43828280161898,124.72802357263927,164.49640909053718
171.84114372167164,134.51243538492565,123.75828553372276,162.74211780560722
176.54374076788724,132.46913680773082,122.82523652185796,162.206141584295
180.8902051975188,128.89989782781123,121.70315231286338,160.66074350653653
186.71802243631754,127.15423994331113,120.57766920245345,159.657527644067
190.3956660085114,124.75088634666818,119.11743544475392,157.9695921028253
193.05954242629917,123.60143589243314,117.82167933616813,157.3279784467812
195.12639088876423,121.15425001353736,116.77987822994834,155.55110272227296
196.14044168104442,122.24638700719277,115.72220862885891,153.51897453793686
197.1348419561333,122.74770670144068,115.14437030268778,152.83112667981175
199.75557046793,121.73714101927612,113.97404212430925,151.28458221520714
201.3570615926792,124.61198606719648,113.84815872124634,150.24078468223263
206.39326905343722,127.17542381559656,113.67137558989148,149.76105922510533
212.3370297597924,134.65814828456462,113.13497512597263,148.6728590512073
219.2030588030487,140.56743725580284,112.82850564724808,147.7566982916532
224.79674591903333,144.6327245236181,112.08527566424122,147.13481172904517
231.81599292183324,147.85139598446833,111.8020173306385,146.12508254254368
238.9857932841901,150.44299513210058,111.01445861337109,145.2118813671827
243.23337348448712,146.97889679596278,109.6688758304223,143.29021021871856
246.437541010357,149.43277256001355,108.84392100100305,142.56981182477233
248.7215275776945,145.61833860085156,107.84669381130486,141.88906365422912
249.35361056708064,142.13977580029734,106.75223939254353,140.93031525097354
248.99172204973408,138.0101901966098,105.92977061386686,140.74636264090478
248.16794011599836,131.8090787314259,105.06952579603556,140.1179239883258
245.196588765838,124.94548690073758,104.74878168849499,140.24233589066924
244.56847315450918,116.4465409381958,103.98980681259611,139.99444305623132
245.449418632463,105.81066115323,103.03826806291862,140.2467820023836
247.3980389964651,93.02227629938847,101.97172081826712,140.4849763469075
247.8491129856424,82.10034007004657,101.32390150803003,138.96328827397508
246.67404152459025,72.91044676477783,100.59024149167298,139.48438462267174
246.80072447542275,61.07596949487447,99.76622358195135,138.21647812427045
247.4667719370808,51.22826450011334,98.99560310111724,137.68702696877318
248.5849248666513,43.30026879652735,98.31213664036031,137.25755695016392
254.53569588394816,36.4756239081774,99.2665201657642,136.1192824492149
266.80847991306786,32.81146282854601,99.36695010862343,134.48858399385364
279.0407525864596,35.586246603935734,99.5607738261711,134.87550268727585
292.91706824108513,37.18768413300725,100.02512821943456,131.781931602748
305.99341904702914,46.168681443034345,100.30829010241963,129.6697895446445
318.5031951986522,54.4942278756472,100.74707176828974,128.94267262393782
330.93179911446384,61.01763194526923,100.20475956654923,127.60818958082413
342.63272315760446,67.26954026649189,99.95804186662059,126.17284103225089
354.42765655595093,72.87302428707706,99.64784959995688,124.54431270360496
364.09306085948054,78.11112525576183,98.99586637131567,122.64940101129156
371.64044164075545,85.52547068227864,98.53689372630727,120.94009110918569
378.7121207918624,90.83532465055316,97.60224800191321,119.18060885012687
383.78842087802786,98.57822088012588,96.77654545073713,117.7674005432031
387.8395342835801,105.95570030622721,95.90656837641845,117.59893136842965
389.0807170753801,114.34611366494295,95.04396008747332,117.76171579601771
387.98518771667193,121.23720005665095,94.27438552699661,117.65972451589761
383.27226708311775,128.30213092965147,94.08567143521822,116.42414987927157
374.07263518276545,136.11898978390101,94.70973916048348,116.57284374608986
363.8260084695184,142.70308262971412,94.99004664886714,116.93407890712481
354.0172914244393,143.89336860062085,94.48891231861523,115.2546083876212
344.5757356965696,145.96792274631778,93.9369289409806,113.24543463602224
336.80019311905426,150.53614428079834,93.28230845331109,111.68194240705748
329.4354594391814,152.51374095327677,92.96631797309102,110.81858026937601
321.3310726183204,154.60221352921948,92.6651180888121,110.17033713813572
312.7319681630797,156.57589489953335,92.25531766091441,109.75066218551764
300.9064152718882,159.7546081294332,93.06595026824867,107.65314964707414
289.7523517335098,163.1849122290754,93.41458370792051,105.97918743243943
278.81529099404077,166.16018509491656,93.63670666696115,104.6375842094546
268.83977797427065,167.54164078361876,93.81648484273185,104.36832541421875
258.57374999559,167.891448324397,93.80396987724154,104.46595106676261
247.99577706455943,168.174886658403,93.66878185868747,105.07992573904446
238.22066325645577,171.5959856838872,93.99294288553932,105.06533627343377
227.07042083971248,176.58942490389265,94.20077253714113,104.96388435472416
213.65476626219018,182.73535972260157,94.90401086088691,104.80285215779702
201.376176666817,191.40227284154048,95.92330438573967,105.65833790112038
192.6393790706245,198.45465177317362,96.63811051562472,107.57670664002691
183.72717533307826,204.96211936004008,97.15776182616638,109.32719237999032
173.9655723280982,211.49592958734502,97.90725949262065,110.95243538973594
163.4257722368614,219.45517069748226,98.72727334086574,112.56300590383643
151.38713915217227,224.69104945513897,99.67365533971176,113.3140381529273
142.23205228181519,230.11901882780052,100.24082714255971,114.70103363459393
135.7552420039058,230.29519890805057,100.63047522523397,116.27183450390952
129.8618801899667,229.0514571666909,100.98893518886652,117.17426370825513
126.5674924304194,230.31524569752474,101.59989746409518,118.18415198052602
122.2255624952542,228.61183593191234,102.1924716288592,118.368794959932
120.74123096280312,227.94804585420331,102.34606549515297,119.43217132850006
118.8637807177374,224.42785343083233,102.68814183138426,119.8588805809122
118.80678824297638,220.36186506258804,103.4642983235508,120.691547586871
121.95254963526733,216.3039953431585,102.97061661105143,123.12610750226209
125.46835579666686,214.9965201926306,102.64672981315472,124.26330213753877
128.67296239784665,214.41091049068706,102.78066894310102,125.94493965847221
132.38932982098953,213.80522913277414,103.14620670652597,126.37236480086511
140.77466726135216,216.4093651895571,103.01851621605948,126.79900040977235
148.47857879221013,213.94318997578858,103.05664556980986,128.09199851568465
149.53345280019815,214.37005652053057,104.44021420422446,128.3158485007704
154.1034936148885,213.5818063312791,105.161446394729,129.0776150163964
159.8011136162329,215.64379662949185,105.14621985792152,132.24433056407491
163.437844668267,215.34295034795838,106.10566218805747,135.29596762329663
165.3719100409443,218.26400756183605,106.8978502941738,138.94258648716726
165.56102605794146,219.7564296397593,108.2906505935535,141.35942375450801
166.88956162735246,220.99550501338825,109.81972809822511,144.6703250168326
166.8592770130454,220.04618194292658,110.88674070814872,148.11928045817862
164.67594486548995,221.28936530125713,112.28664675206946,151.5561911195998
164.9606328234106,221.8163819416711,113.80056594311597,155.32529321474846
164.63176057929795,218.5731190215928,115.88609260926643,158.83538267833342
164.11987810437643,218.27652064068067,118.01138536920618,161.16169570926928
163.5360800577529,216.86752516773834,119.70162383649193,163.3511827961108
162.26152540530302,215.639234504997,121.13909554907605,164.04269547134783
160.63958467125877,214.4938254883413,123.36978209853203,165.98596880475196
161.7405641109861,213.84538478042313,125.13016500450829,167.13524231293542
163.88821581037885,213.05696797831996,126.588970511515,169.15057197036063
164.33662023565597,207.57403281651597,127.1931326206242,170.51675090297738
164.90547547282318,205.5514245616274,129.72506721731943,172.43013862781183
165.96473754351254,201.52978730423962,131.3499581932045,175.67367235126665
167.68295101897888,197.0542929158889,133.1849760397877,178.8120009106829
166.8489768892702,191.5109889370103,134.84551438667097,182.63293332370137
166.43747828339565,186.90181115752895,136.31594267399305,187.33683880942186
167.2366245172578,181.6741566178842,138.34988764065594,191.53102423148482
171.14138548685577,175.31947265831727,140.00001574113287,193.8894819638511
172.02343777939046,168.84707178523027,140.93750622404139,196.37946021606757
173.76175198465182,162.21006296044786,141.4330691472894,198.67940731662117
177.23930061661173,154.88341526886546,142.25015101010914,198.78791243184162
181.50329562299055,149.96301713996738,144.5105454349125,200.87945207876743
188.09447307703218,143.6213292524191,146.92724772440005,200.8461530491765
196.32306509073902,138.98552926776685,146.46977950204007,200.65915678892776
201.03334534266776,135.22934184975563,145.87176118873435,200.57253546253565
207.8842936910417,135.0034101238801,144.9771059318058,198.63555394739834
213.79252277855937,133.29285162474036,144.18437708111128,196.6493432937002
216.37059324115984,134.47964310324198,144.09197402517304,195.713141365826
220.48613846955874,131.991527509342,143.07125410899414,193.5329675815495
224.56052676898383,133.12725973515063,141.89422824638052,191.32769863280953
227.2361386219865,131.449385882363,140.77488615887495,187.88956587573827
228.07153202953225,133.8580172496335,139.72623295641617,184.55063792570508
229.23374123483453,132.9282144722102,138.29988702696704,181.04846998964595
231.3728387570168,130.53568728532414,137.00527662501275,177.13755573548832
233.29583562677885,132.26617576287924,135.50263281911296,174.09189795490627
234.17795620821292,134.40983323297996,134.23421581443648,171.8072404281875
235.72143577142594,135.81405721513198,133.4435823716042,169.93881815110117
237.2297761226825,137.558935025538,132.58891066986928,167.64974946189923
238.201939152722,139.20147164052506,132.32764179877802,167.07082581001958
238.2082062295582,137.99033987419514,132.26063192040854,167.00295128878537
233.99099591245766,140.143970694647,133.25790684461808,168.01557442495076
228.56956220812174,137.41410387717076,133.70199724523331,168.2983237497531
223.31372830259315,139.6726492073032,134.15602307325827,168.97963835529632
222.55146465451955,137.85112598302322,133.28015235342951,168.94256838883246
222.19190857191623,136.92350465147626,133.72674722494452,169.95582379969093
221.9218672340117,141.09049106619716,133.33543866158735,170.1741523771095
219.39119625370776,146.69032169879245,135.09904564638038,170.01437281815674
218.6232290226273,153.2476874228912,136.11855682353382,170.7612479678596
218.34839739556566,155.30381743757988,137.80696025958,170.67823712976644
219.05336732530964,159.48348023626826,138.8555083876104,170.30402038477615
221.90107152961897,160.85953004040013,140.09643554265136,171.4947282125018
224.90974253045184,162.17172796523684,141.91870650180107,172.39463985222352
227.1671977052953,165.99654761988728,143.0448665180199,173.97571438722198
229.1014025382404,170.99276978751934,144.67298547761797,176.55181634712386
232.3783209162488,171.70980412056872,146.25197171201862,179.3115939067636
231.4200931981246,172.65372914744444,148.8557312277997,181.59355891648875
232.1231908864907,170.16297549861167,151.33266377884766,185.36665857369715
232.4642263237676,168.81068121171842,154.36521039506226,187.95704701737858
232.71815226730837,167.12987784432732,157.21956854330483,190.41053806717468
233.08868594583018,167.11941701937116,160.2349823569155,191.55285625868248
231.49855947058114,165.71355313235009,164.1528459455552,193.99822113318277
228.6932954248184,159.14797708111854,167.14224714689823,198.99101988786754
232.36267516143104,153.04096992269007,170.10571850863386,205.25294918656655
241.10243368711264,149.20415639295868,172.82243902135758,211.1763046872677
247.1157336836448,150.46518155606282,175.69109888547095,215.59967462625715
251.08418125016902,148.21511984739533,178.60003371610662,216.43721659980554
253.89583177081067,149.81425229951475,182.00538009761385,219.74240256608059
260.38018815777093,148.58428973366546,185.45865867196,224.91665336420684
267.7343737191606,151.43983364864317,187.85303069798428,230.14693745197602
272.3834099970594,158.48770870254998,189.53170660867843,232.95808584269753
274.19135556238024,166.0053548216549,191.12181628293789,235.18940279638224
276.85714435169814,169.65256280705162,192.84664663276882,234.00782986224038
278.7547698367573,172.93906562369958,194.75261951290082,233.9811971194169
279.2666780172931,178.25301037986205,195.55178450940366,234.51131999722867
274.25207938441997,175.46505864650624,195.7498021563144,235.60026543705433
269.08999802954384,177.0496995641079,196.7482917627342,239.2661667454667
264.35645905058885,182.26406415568533,197.04334022540493,241.2216710370433
261.28746085213413,184.41796036616978,196.2168600369261,242.39841955540544
259.4846097455528,184.36350943553688,195.29704001803313,242.06554841929193
258.1853025144052,184.18590708616233,195.5315163539551,241.3463534083395
258.3047135781551,184.09171513337932,196.03426887149777,241.22688284031466
256.54772312990247,177.59511916846927,196.49771647332526,239.98342144219288
257.9513386233489,172.5342730647409,195.5807693094457,239.67925324468138
260.1026503324143,166.49820006498308,196.09263191807878,238.88270017040549
263.13837441564596,160.3185490522641,195.73055055001632,236.61594552470086
264.6192976725715,156.6485857182887,194.07006047098733,235.5287844088382
266.5116209429236,151.30841051457497,192.83923549400382,232.11671805295995
268.9127353171519,148.86322268785386,191.11840713998697,229.70423010853233
269.54562776507316,145.29043792364172,189.29370752313227,229.01208353435655
267.5236875584102,142.1235230534595,188.02426777654617,227.84758315844894
263.1965731781908,139.03851510526482,186.6107255790381,228.80560297634713
260.2980704107358,134.3222543784404,184.47456174901893,229.89577919226406
255.40850431377075,129.01476679457707,182.31956995002912,231.9975993764702
254.67624930043627,123.1057394009855,179.5104231316053,234.552828197772
254.19917031751172,113.6513299700861,178.08964260944782,231.78725817407275
258.8023164694639,107.40117095332998,175.64748518942403,227.50191260284865
263.18395598354005,106.60051672202573,172.12646566368264,223.40128911202697
267.83171999690256,109.20622555183007,168.75162054406212,220.2670093995008
272.2697054983936,113.06221249309284,166.0785089427829,216.66946546768938
275.5760526893618,115.14031348762776,164.20536276717587,214.91032482658096
277.00448736430997,118.93114100185338,163.22592063762409,214.9075620291173
277.89842837898067,127.38442919507773,163.28523184940207,213.75153686642346
277.52374193347674,134.64287867884508,162.49343998458872,212.40771357485312
276.4809952775673,144.16844709617976,161.8179917909755,210.94290333930485
274.11574670820517,151.55947982688443,161.51283533854365,209.6877381693384
268.2708693776168,158.3879256753596,160.71824742464713,209.05466734946322
260.35278034978177,162.9317265722653,161.05407548184314,208.41612504204105
247.52324057103192,165.34401497083115,161.11188054898642,207.64956835980794
226.61922684090848,167.4038602088326,161.29611726826647,204.42865596474533
205.96916554050517,168.38000364562248,161.09847146697345,200.99930758107948
189.28332114328876,168.40204036296342,161.58107639910162,198.3505061629229
178.36681132294012,169.56495664344885,161.33921925452057,196.93337567743342
169.05674049616556,168.77902723418777,161.39483721117026,194.97890354807964
156.9075203616124,166.28155380546337,161.92293942180493,193.53370682032332
146.28866097660077,168.11968270351707,161.79143555083698,191.35538431932096
140.58714076369392,161.56341967921165,160.2193392197537,192.73218305775112
138.4841792314691,159.80906725248258,159.41134817592695,192.23369959104937
133.61505570044028,162.19748933536354,158.69173143030642,190.72915876810663
131.76114775629364,156.98097516054204,156.18634817995832,190.86864997785705
131.545065466388,155.44734620312659,154.1434880596048,191.1946399731476
131.24260523323858,152.20440366475648,151.63501974912447,191.18169806929694
127.0163815638278,149.39939168905482,149.17480076714523,190.47132130582597
123.48092271184177,144.1822869852345,146.5477385440543,190.1900747045555
122.68710797347751,138.31530605980282,144.49013057495154,191.63839679254045
121.5694537675123,133.99343376696243,143.7029146300399,192.06757419377297
117.28172771818868,129.8649686605437,141.6429983815192,191.46234563128087
114.2249252057191,127.34840545424242,139.26720731118246,191.18974265469274
121.90967500864073,119.85650347726829,138.24578452571274,190.5816686713241
114.87899883098208,116.61627755657534,135.63876186577124,189.66084201692144
112.51128105321843,116.81231681911108,134.1418685295444,188.5744031164456
121.55810615663486,107.66972726059385,131.18505532832677,188.29551820760116
128.30569134833308,115.37688671409812,128.81217746354608,187.8387827280218
137.33453724875275,107.97643281048681,127.46616130662761,186.7779418398709
145.09778840312282,115.61915719434536,126.53835856758965,186.11362020075487
156.9903376196304,122.01047700295035,125.46217393767506,184.81817083012692
167.75312259170732,125.80226151583703,125.03581091795971,184.49750167999443
178.7212912386516,122.64567176798822,124.73571362956429,183.29964716385123
188.44051300350662,127.66810187651475,123.99755696508862,180.20922658684333
202.07569558948353,134.2832357610102,119.68525682609376,179.46528694285243
200.36561679117375,126.92768771710959,121.57893100615604,174.71644498133725
212.5207608544392,129.46692526908552,121.94744346251089,172.03317728247572
213.13346596977584,123.83305091780423,124.92895862398845,164.80292297905686
225.6939413988773,131.83612260360465,124.56292872525822,163.67227456442623
240.75671106335372,147.41153220625011,122.1243267284587,165.37571866479934
241.98869087107542,133.3992972049811,121.83194695081437,164.30624793247407
245.26229678182358,129.07203920425098,122.38585417076091,159.27200699118532
250.8337050106083,122.22854614397762,122.58430911364317,157.30414024460558
267.44674216992695,128.06106483041862,122.88147393074807,155.50819772035638
273.2807406231988,134.22865546133355,123.16612518704603,153.50207892037957
288.5916208978977,136.0285928616592,123.40372056416194,151.94075425820174
294.27667059409265,128.55847565098523,125.06972155934534,147.2311664444423
309.2677094378751,132.89568033624215,124.54163290071105,147.24890146784932
316.38960873954045,122.10654638658825,125.48701943989752,144.7290973151552
336.32499549270483,145.0722573601559,124.25640172580503,145.7660095660179
341.5678062170075,131.78352544522932,124.10150499338626,145.43094631152053
367.79552830805153,147.29514829316346,123.09628664137637,146.24036129070106
380.00771028325266,149.3831572134157,122.86107636223872,146.39469814074837
391.91607254475684,152.25805777591222,122.53396632592468,146.31164696997897
402.9584862292348,148.82106540603732,122.32568009466407,146.3500985676389
401.8740327583619,153.86823040381358,122.23976454381034,146.39471891998673
413.3606102435354,138.46893376979068,121.90876426706687,146.54306270683142
414.1532793171844,141.49980184644383,119.8791993481758,147.62254044741547
415.4508853133967,134.244713148926,118.75383622698223,147.23408293186768
415.9497247428666,139.05525084140146,116.6894987519765,147.47774028922632
416.680574767557,130.35908067668726,114.34949451911254,147.7581726596703
415.9687569764974,134.85713054971674,112.7776164236347,148.95813118692678
410.81967660460987,135.7964767303007,112.07546436223407,151.67146839729207
416.8060206795734,131.43973878527044,112.30800787887188,153.79669317346102
409.38113766498975,135.9311261062412,112.20278066005332,154.49861282168058
403.74042777710577,134.929788211884,113.06313033694434,156.28052169352392
396.2363663432809,136.4418198871894,113.71035614038509,155.84164577806328
390.0562401083551,142.14884437444496,113.19711350830804,153.15267252529287
381.80034819582835,141.76314865863753,112.79122231505096,152.3289745213303
371.9751226719709,144.05540753821919,111.87120446017799,152.17398452171904
363.271244740618,143.13502522043856,109.93202123596971,151.89011870607789
356.55270054249013,146.20563428697278,109.27981710598036,150.74380795215984
351.22314483693356,146.25967154466747,108.92798605798697,150.4107688925934
347.11028690439224,150.1934084950666,107.99317374008629,148.22659310275705
344.0635565897899,152.38246717223723,107.25028583566049,146.0802770198544
338.1351011930767,155.08172466892285,106.95167905096193,144.87549857967534
333.80896900429434,155.69944419582208,106.61216314745984,144.42267041912635
328.9622746999268,158.68210812251118,106.076819647125,143.33857530424302
324.1956739751806,155.97431465641924,105.65191791668578,143.02030794260367
318.81008037803474,152.61746691850038,105.5033711098179,142.63177143907126
312.67037060674033,153.12728153778892,105.18385838617132,142.0642690909151
306.79056812867793,150.45875763766014,105.6027956176867,141.93858505294637
301.34727169488013,146.7034238108704,105.57952405962317,141.76790772056395
297.54069505874503,141.37216062866554,105.58032496067757,141.91457638844045
290.1721710157095,132.37359587554107,106.04329753863085,140.56702892325382
288.33291614633333,133.98095583818508,106.12887886780682,140.4722321127424
286.0480506608891,132.08528675123432,106.11281777402856,140.5550908821945
279.99231761187895,120.08692951567507,106.38065308133844,140.01431641593504
277.784932356372,119.31191001437175,106.44942244412844,140.08519081816937
280.5689896042271,108.74642478087428,106.47243677455953,140.0519595487141
273.45469253512476,112.88214887076398,107.15762061155574,139.28658675116736
270.8164544956459,111.25594635405712,107.19540202269732,139.30483493758098
275.6711705984175,112.70493418939763,107.35974529933188,139.20675526871574
274.1236682810547,111.37892473791393,107.42778741536547,139.19818996033365
275.7532357461207,112.15017662763194,107.50871462665194,139.1814457586488
279.53575810638097,110.56908976753104,107.57434474515112,139.21853889337086
281.9978105667102,113.01055282743607,107.69257962628107,139.26190948452881
284.8005573482411,111.3605948463148,107.74178300459488,139.28275483100293
286.84820705632853,113.04971530288489,107.76344649811853,139.29098518937764
287.10331831487065,112.19806810057575,107.78308501399718,139.29092964606653
305.41236565586553,112.1416991512661,107.76757898557184,139.4307198242476
309.1660117146315,111.88053020008823,107.85509306234535,139.88920195935327
313.58127746285874,110.63309105116325,107.91361395694308,140.11812504747118
316.73427894041276,111.07300306474026,107.93339759241117,140.05199204032905
320.16852026277934,112.66513755734435,107.83009887330675,140.00938183807986
310.6406828609787,116.09925205163806,108.040730494535,139.67195652991236
315.06484192351763,114.55481366994435,108.03276156684477,139.74919274459373
305.1055387591673,117.182584551399,108.17569498294775,139.62170130898545
308.96236076477334,108.2637920064463,108.22439866994736,139.35960454464282
298.0994039485805,113.3725926195046,108.34215419076074,139.1943476407308
288.4256474082087,117.09201839402017,108.42909483803271,139.13738591179853
292.71670595070117,119.57330542452968,108.47113756597501,139.14622641681956
283.2706279869537,121.0794904453583,108.52526744671711,139.11418398136348
273.2340169292006,122.90574402218543,108.58032588119296,139.08734130028918
276.59227027751,121.51710845157292,108.59728247192763,139.3321074061138
262.7778011298851,110.24428708979646,108.96705404964814,139.00168582912963
266.2695643092329,115.96548778292164,109.12923863608191,138.85224747083336
269.8947935292314,116.32316814298525,109.05122883118632,138.9367021670422
260.2200877527313,117.66248954977789,109.1275118746651,138.96211704693837
254.55785216050188,121.04268131064654,109.14377554722199,138.9644808129513
260.6802741556205,121.31195377628327,109.14015775327377,138.99719603592513
252.34330990251175,122.66177812300037,109.15414553988683,138.9943547269819
250.30926362405285,126.34344334726919,109.20462993106368,138.9887389314594
254.6081081508525,127.36639609006556,109.21491588356785,138.98971202214534
257.3797696201967,129.17083055105735,109.22550892235742,138.9900314184143
262.7957616893549,130.56916416664254,109.25434269328181,138.9942658386264
267.62949023456787,130.68745031332884,109.30700507917427,139.00328338268574
272.9719297368569,131.48254729875282,109.33007285193993,139.00919951735227
276.51489764307865,133.35882196510389,109.34410594971374,139.0131444683263
280.7571072212503,133.2826586346946,109.35186666397591,139.0150512978689
286.5834806579867,130.7021865382488,109.36400626511254,139.02824272891968
291.8597436475047,130.23316482886287,109.3657119297533,139.02943363294776
295.6025231883004,129.47684960020405,109.36665787974755,139.03056146670738
298.34486514196897,130.0625800947493,109.36744045266549,139.030509488504
297.21083822846293,130.33202177273256,109.36847882252421,139.03076176743662
297.10981829231946,133.52778742811915,109.3703622892431,139.03112288982993
298.4777147132129,133.97258823125355,109.37259177487925,139.0328561152758
294.63500640743706,137.27610420988725,109.37584037953401,139.04003333311826
289.8809271959388,141.5538916284412,109.37853901706913,139.0392356413961
283.38559793769775,142.2648701329136,109.37955252927868,139.04533344202162
276.5384193509025,144.4526799038382,109.3819016843756,139.0519699312088
270.38673708735803,145.6438427843453,109.36774034781712,139.10416989842025
264.60686656159425,147.25291158260507,109.3641488416664,139.10928888988292
260.69247592007173,154.21521217362712,109.36316194386428,139.10768613618353
254.6158276642796,155.60079572695676,109.3649234212688,139.11847760954134
250.22773839881978,160.0550300524214,109.36462699949072,139.1177724397522
246.03490102304397,160.9115775006328,109.3673652733812,139.12512925593774
244.50710877444754,165.35887091594282,109.36832330573031,139.13642907540313
244.6842353773043,169.12549047465535,109.37404820961495,139.15245105111777
243.10891094202992,171.47213988011052,109.37822104981399,139.15798522894642
241.702995215847,175.72104519184816,109.37996362927026,139.15859532080316
242.34522805763504,174.54957997562184,109.38088498487879,139.16067945313065
240.14936390075093,164.45947840934681,109.39846779083447,139.1592057210567
236.03260309195377,155.069348372674,109.40530865281355,139.06754044039843
228.75587529337744,158.88888144246835,109.41574876992473,139.06052433819374
226.61122984965886,164.51091051541897,109.43346659065045,139.08932958035408
227.09096949704704,168.54269572122922,109.43751718068933,139.09380669223205
226.13240486384154,172.37011246515806,109.4399843243739,139.09531666445739
226.31162593218906,174.02967030036348,109.44328399871591,139.10296963075007
223.09323240245442,173.1659889345301,109.44592560759318,139.1077198622261
221.92270108048083,173.90172195755355,109.44841431889263,139.1148564639606
219.83109613603366,174.95837478821448,109.44921682863655,139.1178046554829
218.7007949141312,177.43374080306614,109.45056410161935,139.1231974083419
219.33382933232434,178.7876915526051,109.45228331779195,139.12763912520634
215.53656529729176,168.55891942957234,109.46380548270577,139.15240978118396
214.0953372931481,173.82034708033393,109.46855472486455,139.16355487638933
215.2607083544672,177.49359054268754,109.47678230971535,139.17404827547358
217.65067442431655,179.92107571723434,109.48001228702104,139.1761641080206
219.0193464482101,181.2307690460501,109.48361310159972,139.17758462125695
218.08029407195474,180.9265891462249,109.48726132926147,139.17872156581635
219.99139017358166,181.59417774317615,109.493805669663,139.1811428149451
222.00414012028125,181.79984408678746,109.49856633916056,139.18398894618676
224.17465103329357,182.02794938358255,109.50251330891227,139.1857163978599
224.65798201991015,181.49362605835603,109.50769475713834,139.1892570140341
225.14764087629015,183.76055667669968,109.5098872067318,139.18986585867611
228.0590873372317,183.567823095185,109.51266881869273,139.19267343742166
230.0367699353749,185.9261486265027,109.51411052052337,139.1933394791258
233.1276718518916,187.01407140301697,109.51424581255107,139.19359322648182
234.51898833795565,189.78976324289988,109.51466552329954,139.19386007085544
234.74319195235998,190.47299154859485,109.51470933666614,139.1942772006154
234.75737603944316,190.94129465609797,109.51469467478692,139.19433479204758
233.3289528083793,191.3879080167311,109.51465212743892,139.19473637001758
231.98011901274896,193.54993017575603,109.51466022620696,139.19475106151975
229.99122903483268,193.85313804184636,109.51463599807953,139.19473987226206
228.80683268822557,192.7125049998276,109.5145889505406,139.19478027499468
228.3983420281727,191.8139981095751,109.51454997359585,139.19485480169257
228.15251821879463,190.99308512703772,109.51445897493181,139.19499516171825
227.38434371284035,190.92837622804484,109.5144144636241,139.19503195870837
226.34488650487344,189.31752461582198,109.5142471058,139.19542194501014
227.2765549502957,188.9817500304221,109.51377804713937,139.19594238255644
227.4482057856526,188.19622607626582,109.51352986634899,139.1963065731413
229.4426343809977,184.91966316690332,109.51340262942468,139.1965683171593
229.774370982398,184.2229896825836,109.51330659241845,139.1966714961259
228.90812489170247,181.61412272016625,109.51323980812649,139.1968041216747
227.79006210011565,181.16892410942597,109.51304513411326,139.1971991520885
229.9542778115141,181.42638908039652,109.51274109550218,139.19757681541398
230.75853881833993,177.84642407395432,109.51262371823354,139.1978326606653
230.04123680796195,175.0074776708067,109.51251115669122,139.1981012413441
229.81993445808462,172.18805430504705,109.51230320505013,139.19855457076383
228.0285302702096,169.74580373849028,109.51224658102905,139.19875308775798
226.4927557354177,168.38093090608555,109.5121592122431,139.1989944057199
225.03885972472375,167.16441032859387,109.51211527324276,139.19919688234327
221.10271794520634,166.54324060088555,109.51246060367045,139.19995740118307
213.8051809097862,164.8002854055179,109.51281574140523,139.20030451372008
204.10564281737183,161.40028643957731,109.51305388302107,139.2004705783833
189.22435254119853,156.58704179100147,109.5137459313394,139.200513151597
179.7095964190534,151.4853868394199,109.51467083432098,139.20024505945977
178.71434584923207,150.77797949297764,109.51487680222603,139.2001489590399
181.85708059394756,151.68864536409453,109.5151176475729,139.2000299853608
184.9838859352044,153.24182888215495,109.51541321505923,139.19986507478924
188.75302802038294,156.16692660623397,109.51565844075927,139.19973199693155
192.07721491067306,157.21006609269648,109.5159081266707,139.19961058435504
195.01755376899322,158.06753642748885,109.51617847674181,139.19946121268288
196.58804716606767,158.4777597157444,109.51658605934765,139.19925662387698
198.2747149700657,159.7532298188563,109.51679037597319,139.19915751071653
199.5099249106728,160.13133612271196,109.51710962096446,139.19899173461303
199.29639981019167,160.47071076971605,109.51741509264623,139.19884912958113
199.31689613686146,160.90709562384524,109.51771556118099,139.19870566634464
198.59235009737367,160.95376630156053,109.51800385769347,139.19856711792323
198.02598346478848,162.41877673394202,109.51852043089303,139.1983391341722
196.81546180369594,165.13253197827134,109.51899790949598,139.19811336307342
195.29485446078232,166.95622420208446,109.51945684657441,139.19788038563152
194.44887763437413,169.2955182943488,109.51996395665093,139.19762834459647
193.2771803935454,171.17571326581566,109.52056950360077,139.19730109621233
191.5415657176987,172.7802756055591,109.52124211930175,139.1969409697955
189.85544724353952,174.4421790078008,109.52183266335372,139.19664576580644
186.76218571394642,175.1110484139645,109.52269488345912,139.19624420895695
185.35207629783844,174.93972903108207,109.52312382920044,139.19603357110208
185.06244597257935,174.94180022343704,109.52344748564285,139.1958795348054
183.9880960092691,174.39310401784107,109.5238610696425,139.19569318203554
182.87224198671825,173.50445603739558,109.52459968572809,139.19537896016433
182.7002136371365,173.15789372984852,109.52515428060924,139.19511016600634
181.6973739627541,172.65352162628494,109.52595677733851,139.19475310150415
180.6561275848993,172.35241949489745,109.52732331997433,139.1941370274604
176.19104142350722,172.0492105289182,109.52930159673802,139.19324645245334
174.5566915684418,171.53281777133992,109.53058626017695,139.1926515783963
173.55867530026967,171.58408813322927,109.53185518377404,139.19198800008678
170.29932908240426,172.0706707500012,109.5322866636943,139.19176660895397
167.0885369833327,171.6782263627088,109.53282651216708,139.19149931235265
166.94705876701605,172.37256696251166,109.53333140456864,139.19123464144874
162.44362077051474,172.20588355185453,109.53407431804244,139.19090745179003
163.01454321943484,172.58381784389996,109.53502331401633,139.19045234035164
159.89661727952438,173.27126055239393,109.53532240605651,139.19030001376436
156.34111150629062,174.7343681239573,109.53572299060995,139.19009452563643
153.75924309833954,176.24880399150476,109.53686644179655,139.18949541932568
152.1780479811335,177.18684702344905,109.53744580126963,139.18923058823282
150.35572834055193,179.76973894446934,109.5383589719744,139.18886060269858
156.82353327773862,182.83828771324198,109.53996299530608,139.18809176235786
165.45883446541708,186.22927268143383,109.54124363081344,139.1874805448463
175.3936207014762,187.1220611139451,109.5417654580116,139.18726306245313
181.58217714139224,188.9559317742964,109.54208826238361,139.18710091579226
190.55615670742714,191.4175452961584,109.54278521246712,139.18679362228187
198.21357141366084,195.2457381120639,109.54461858839083,139.18591364766695
207.13723604579417,198.58123002367037,109.54533658059391,139.18556170998255
215.1885381839594,200.71331483956095,109.54686591022053,139.18477355937205
219.49821825832026,200.15493244289524,109.54813411843236,139.18410003635822
214.69699440058127,199.05472070311234,109.5499396296257,139.1831640055023
212.48774591853095,198.0966790533683,109.5525840470344,139.18148097236408
203.81325116064517,195.10865952319324,109.5557178499154,139.17988512594536
194.13640289521896,193.20433697649958,109.5592537820129,139.17808109595015
186.09946098647427,189.05520655291036,109.56209077027863,139.17670414863392
179.11639008042533,187.09726547390136,109.56397248105813,139.1757619658316
176.0091040636869,186.46732269867638,109.56540211951554,139.1750325250935
176.19423707267256,184.93681018848878,109.56608534008289,139.17470672301997
178.05665359961162,184.25270964707255,109.56720133520075,139.17408654253916
184.68701666916155,183.52820736142542,109.56790879748031,139.17371524598977
195.93079878405263,184.48522682444906,109.56829966108192,139.173510534153
205.37192130307272,183.79859097600513,109.56917611352024,139.17316958875267
212.30479886599437,186.27673665376088,109.57036434705194,139.17268353490743
220.17098916324704,187.52788949709057,109.57256283885035,139.17186343441443
228.6933933292374,189.88923331101006,109.57377692203073,139.17145344787184
235.19413323264538,196.73448207118696,109.57510950077388,139.17053016915625
240.33252476795275,204.13767607513046,109.57576840861371,139.16993210877902
240.9550255764181,211.53717688629575,109.5809992497976,139.1661890084821
241.47184511724524,217.18760313619782,109.58959339682684,139.15843972675657
243.19338922839484,218.27123307366355,109.5926976775031,139.15539708548295
234.39478062140526,216.47070276421232,109.59417743420688,139.15451754935611
223.18737984049926,207.06167675982113,109.59448734257647,139.15466031741582
212.31965275054768,195.06522930244904,109.59463382899823,139.15470397483577
201.73005865849342,184.29240824574723,109.59505385514777,139.15473947508025
190.76465506111754,176.273153202648,109.59532096506061,139.15483555981388
178.53427825186813,169.05365195169082,109.59555670025868,139.15492948476285
196.5347031550525,101.56571793200249,110.23687684628246,138.48106302706924
196.10680298147017,92.28457515421925,110.21997423724751,138.41270283068258
197.8962495179904,91.34362069670432,110.22034461292226,138.4078591402742
206.40089850361488,90.50631636837588,110.222818797435,138.37737977756007
216.4988486842275,90.10619957128972,110.21667864433965,138.38024764669194
225.8113242849513,102.23543762373093,109.89178962245754,139.3309123193974
235.2738122311806,100.5372155570246,109.87519233107308,139.35925294862918
243.18703850587264,99.89998002331896,109.87637554676473,139.35761551269877
255.09724456016693,103.31112924334084,109.8769301587572,139.35725368001584
264.2415831353319,107.0511490419168,109.87747381836381,139.35685885825455
270.440927328738,113.38817381258613,109.87801352755987,139.35637422780457
271.63992692802697,121.20001675745486,109.87942696097048,139.35557976415353
270.9705687345245,132.56760719951427,109.88292456078221,139.34873712161183
270.7501237446654,142.75423838508516,110.13127958714443,138.9114469642152
272.5416865228402,148.5558054207112,110.20814863299825,138.84367513661545
282.62324674753165,138.5308600541525,110.6043715216281,137.86264774839498
290.00620230082853,138.55656111883332,111.39321848693369,136.76039904234264
292.7878354224706,138.94201123214808,113.71692276366912,135.37547262686275
288.88973791178546,142.80375922009733,118.60487913567115,134.59527594448232
293.4263982427884,148.75254717945091,124.08650632675364,135.5193133375427
299.6216273534478,154.29803726072922,128.1585534460109,137.41613472680496
294.84191573882254,161.28719672120926,133.84035740875154,141.21484484332046
291.3550082831345,172.1125617689516,137.698737196684,144.20562857229868
283.34460430750767,181.42210720892803,140.2264392595709,146.06153044442098
271.4916330521862,187.87268592446307,142.82565226276756,149.3891022613978
258.2734044286129,192.05046105876428,144.00612997195034,153.27920323791255
243.98879871168356,186.0337443135389,146.76636237138518,154.0110229206851
240.51047736799998,182.1687954959379,149.0988724255431,155.0764083984469
235.28426608264448,180.15101633220698,151.06765432547778,158.97380111786032
224.91092486336385,175.32980664666223,153.17386625927827,159.227368369504
225.85172389910153,181.47567681771505,155.0461892197548,165.9142619080136
233.3254772814278,187.72993679286208,156.63682942775853,170.8304569998338
241.17946978204986,199.43281819141492,158.88367459619215,174.02846731979355
245.5416934276551,213.7167060389777,159.32995884947624,179.19354074576174
247.25329562659397,218.59841101648072,158.81017108520453,183.87810690312145
245.47287962373466,217.9931260671387,159.1439377661398,187.44406162846565
241.60312847150985,217.07649831415983,160.39398532434308,190.64966222433577
241.40127894543008,217.9467033931839,160.78172955047543,193.7388528772923
247.02078370697626,216.6462135509421,161.68843383353544,194.47860719518346
251.4527692659237,215.49392449386954,161.72958928729582,195.69627446547938
248.30545908253566,213.46792360240755,162.7581969854623,196.79558397812443
250.51787814967446,211.6525709928677,162.6858397395514,199.15397786736256
247.49989586707437,197.0580323923333,161.88849274698177,203.4416840662341
243.755911168855,185.7172630465526,161.52155272340713,205.96897356651127
243.53156469988326,175.09141656564367,161.8477532585586,207.06804430542877
245.04409767552465,169.02881768619375,162.5221630725041,206.42914771160645
247.9095265431032,158.3192668231135,162.896728787817,211.81042099233235
242.33319888163493,150.3042072741058,163.82511233646156,215.9128190667882
237.88079148004795,138.45908774424575,163.65487487828298,218.83882549101025
240.16863039468055,122.46587014854681,163.3382092713078,219.97763494998625
248.1247719040771,115.65485169219943,163.39982609382326,217.63356735523473
253.0679719417904,113.49312571193362,162.30935878817206,213.00230835537818
252.61755096898102,113.71529815006349,162.2184585996966,209.3550864344407
252.5270547354504,116.28073300226355,162.25443612506547,211.10939672653106
253.75147092879695,130.23878636342664,162.67268347317463,207.792498835992
254.16416167530008,136.45019511004426,161.23050632110312,203.19493816725011
257.45029512476856,139.79975597859047,160.21044879945498,200.53795882136257
261.6728001474443,143.92844933722182,160.15677614881778,197.9571091409956
274.4855581428767,149.16194389867525,158.55806985033587,195.30015429314366
280.9043350035118,143.74809471799279,157.2921818929207,193.2510807276287
284.7716766565567,148.42958332403182,157.01640237635115,189.4510455435963
290.989340048356,150.83735665156723,156.01816169809916,188.69991052869275
287.3606303663019,144.3716174880862,155.95578497684974,188.8262884146758
279.1134046992917,146.8256249049595,155.97391032210058,187.77675618018756
275.896064233356,145.32012368821773,155.30290506622777,187.877265955056
275.9363851466163,140.50913553561162,155.23076330722438,189.6763920329123
273.5810645466531,139.08923133235209,156.00405494927412,192.11137221882552
270.44491220189934,133.340452489488,155.3968773694947,191.7833512149785
