167.5,69.5,24,127
164.706648872728,69.32266173379294,26.386463073025425,124.20001153912798
164.62062540072353,72.29847745754009,27.87764508688151,120.8198048143052
164.8650234365592,75.27876924889065,28.82685911176015,118.84000564780281
166.85700296457645,76.83983014333123,28.88270165332085,117.47490695500623
168.8977482076151,76.43789111046028,28.029404450324606,117.43418178025817
170.77418719437478,77.82923944519075,27.251948859159974,116.72915139345105
172.69351793024822,76.70425896684141,26.677812324089103,116.32677789847432
173.9020290484925,76.82511744235946,26.282916762252704,115.65353875686739
174.0088903032789,77.52130456422526,25.943928311656084,115.77361723473155
175.8255051394031,77.9725077528273,25.7728513589053,115.16692371596596
176.37593843453405,77.76336989751117,25.62145898415096,114.28785200018373
176.2520983186784,78.58366509474536,25.464304766570983,113.37826626107653
177.7516143964108,79.14799868185246,25.467432445014293,112.39563998840404
177.5301379901414,78.70820453003714,25.66869863028426,111.9130076470838
178.69855577106603,78.87987855745718,25.774129532668464,111.46715644154222
177.43415380976526,79.4108153284747,25.777186156075604,111.28540526307452
177.93607104379296,80.40015088712535,25.64742000781776,111.39121371616201
178.19048176533784,83.72420632392428,25.47380891786408,111.54615431427436
178.0613607693656,84.36085739760158,25.980891569665346,111.6894777858544
175.3323240703596,83.86563497155356,27.207826738307237,111.41613298417234
173.90775910152462,86.83326161936571,28.57109084460204,110.96879758863349
173.86970370063156,86.92988458576087,30.237203706324685,111.49352727229825
174.947325195638,87.54833278755093,31.41320280081497,111.74912998180102
176.36333033928716,83.80786498063642,31.664221068433072,113.26404119682634
179.98790083421068,82.89475412923393,31.22985316131918,113.82590521358853
182.01379081121283,81.60075403399219,30.54206017630902,112.84667947099706
184.43315340328337,79.97565279767709,30.16965598368406,112.45821340648737
184.75820412692602,77.6890043814897,29.88585950022588,112.99217927954209
185.7033789629191,77.88758073033337,30.09677239766721,112.3910303258609
182.81217208864393,76.4836757938203,31.241815559822243,111.30970936812227
180.55007566328652,78.08703795524845,31.849490676009538,110.1364559143303
181.4924391648428,77.6852848999888,31.552673967429715,110.68448164598338
180.7093119278828,77.71059098316184,31.858782419506756,110.74909174744386
181.74263020060377,77.0283662957315,32.42280855373708,109.68670796953353
182.4635443240436,78.79644071336028,31.96763983368234,109.07539910772566
182.79182882030415,77.73765668581612,31.799111377803317,109.13384984561428
182.74717215979723,77.73283664210122,32.232387129771126,108.22409901621975
183.01218971911487,79.10739567895175,32.833750927380365,107.74468981436013
183.63489271524736,79.80504099336021,32.73678946846347,108.93891510999694
183.60183343854823,77.86288934912969,32.41628887122318,110.14061027086399
185.68463939073652,78.73804452868386,32.875858164966694,109.71280931975278
185.19017579416365,78.64398783305397,32.77396349589166,110.22653695475836
185.23745774271939,76.0475935459393,33.02507727259691,110.10262125576381
187.3196895183294,76.88075529836475,33.22104348517081,110.03125593706253
187.56586938191884,82.52333649889775,32.63425205966962,109.35904386100873
187.56082688702938,79.24051465467113,33.018453440392086,109.4601847380301
187.60219080566876,79.40414955379791,33.13901438177599,108.94578870560274
188.64972218164309,76.9109225652926,33.384868025014754,108.4144108802452
188.37953797037457,78.68949770320131,33.62827972958378,107.32158031039093
188.504011942142,78.81135205543788,33.17206119359779,107.80150739865
188.4611968556197,78.56595126066128,33.24382780869273,107.62508535586755
187.7632004699865,80.98324400630156,33.75951564736487,106.4183828220455
187.7890034794266,78.3935329672082,33.5914361772279,107.37008034807766
187.92152309524906,77.37401321661478,33.70098442183651,107.180970435202
189.18552457846022,77.88258441297036,33.54384656199679,107.34996595714844
189.720838657113,77.39859089585343,33.56668397132635,107.41555357064408
190.90091767056572,78.47445395131814,32.94604363317214,107.67493094672942
192.80146340610875,77.69739645230307,32.34839974242364,107.70620043809149
194.44341268836567,77.37456489882409,31.974945914390513,107.16780523644806
194.94213258801182,77.09497985199516,31.329972638745545,107.0186912500774
193.39990440487475,80.72089298384387,31.36620312535046,106.18350812908017
192.79956690820694,80.65837655690287,31.471219697169655,105.7988577911859
191.4944980563786,81.90989173379813,32.22140459339989,104.87931792830874
190.2860536238676,82.11241666567076,31.880960179765893,104.86989085442325
190.5447508110965,82.75203060832573,31.096511009089213,103.68041167205666
189.0590136919815,83.9571059897253,31.240181158726678,102.2098804504257
187.10774261091981,86.24937193541102,31.558935164340674,101.48757838312045
185.88112463247924,89.48617368315615,31.56696447907094,102.02609942605181
182.8108911362075,89.03572829506967,31.56253877904848,103.7951168926125
180.242768777115,87.14061521788459,31.726153473277197,104.24204628070154
177.75908615551165,87.560308958793,32.447238523155036,105.52836356420454
177.02272421973018,89.79332372732142,32.38781319904689,107.71011396870654
176.9638263518766,89.38349442375683,32.467626064860696,108.26929062221481
177.5288597470288,87.14706767504242,31.886461190106584,106.65016938438363
177.97002297732774,91.00034069733057,31.039696563039335,104.73610142437153
178.50729197600702,88.58276334364197,30.415420605580604,103.25833317718941
178.13426039502698,90.717970085822,29.970181825669044,103.32744634611913
177.88676878705812,91.325957180026,30.825167648713943,104.04689100193417
178.1309154372915,92.10022450574016,31.343847376430205,105.14604211672594
177.83750556135038,93.28272422926793,31.159744825112625,105.72039923514588
178.24048581956586,93.2728062389024,30.80210290933627,105.55537497148356
179.26220150540308,92.86597701914384,30.325097457194595,105.12865920350404
179.7890798243362,93.37901509578427,29.895077796905582,104.62692880580028
179.85146222279818,91.22334697390386,30.005715613859895,103.84635468731746
180.1310550761913,89.1926744190808,29.724066031064623,103.31583664159857
181.1279204080286,87.80134936276917,29.50438178844112,101.79558071784487
182.3446699520842,86.42674885649582,29.37881984556305,99.99643044254978
183.35447469534935,84.32162017637025,29.37662588256178,98.55247580481509
185.33475992911622,84.60583842987342,29.292880509251066,96.20081626485741
186.50614838733293,83.36627449534484,29.133255076353386,94.76884470001562
187.4520549405403,82.58271550984685,28.953720812864685,94.3908168255984
187.80740670344346,81.49418277587594,28.650355399651076,94.91826021082993
188.46949937955912,79.18260228505586,28.44961651195829,96.52335311729004
188.35365940218702,77.03699943665909,28.5437662888709,98.05898148826267
187.73838399171942,74.63906089821494,29.108703875762945,99.2056233165853
188.27696026190523,73.57480199969966,29.351131055888473,99.53200874552809
188.09298470354568,74.43750209246643,29.55840010533249,98.85537338486179
187.78438609451678,74.87083942417871,29.891812904092152,98.9320554142282
188.0644085766258,72.88760052462221,30.266443454572148,98.72725521346328
187.64162521601816,75.12410485189886,30.60742604216238,97.52306446052131
187.74494404289823,77.10768149901119,31.02972605005005,96.71095834456507
186.67354275551048,82.26163521413837,30.892174125008616,96.72274924805097
186.42346625347068,80.6360003664163,30.89560463949283,96.5808340432113
184.60533651909037,75.67413915314637,31.895510138679477,96.9313686416872
185.9049531612527,79.83651062261015,31.471617983657783,97.21455493249594
184.49806896288345,80.27494052839073,31.381193455896756,96.98241978800709
183.97052484501,80.57767936442686,32.085060219618775,96.75650696745728
183.06911732971508,82.06168759806408,32.31447296463274,96.3642830512235
183.15508255364446,79.50669650771464,31.97889680225258,97.62768615706275
183.21889951471326,80.67696732707736,31.90503509118978,96.76051757379538
183.2630038359819,79.1878916580263,31.857483484659,97.05677079483205
182.89520884081344,78.2416223055682,31.81590746604662,97.97021332550815
184.12055107946975,80.91053361799614,31.145043788561576,98.34705468304364
183.9728917054261,83.88554560326126,30.731012546757825,98.005084396748
183.68549332777675,79.14845935955975,30.592669410432055,97.53736044555241
182.98420667557357,78.35682163536191,30.979739189104478,98.76646429003
183.38298994250064,81.62907120879657,30.728898107196567,100.14817793078885
184.35322088553153,81.40317493560627,30.33406977559344,101.06505821878284
184.76975937536855,80.15629860322997,30.35990436980628,103.16330408431442
184.64270990582213,81.24569280385444,30.477880083806184,104.33044149101835
185.1560508559843,84.67997137049818,29.96989586252473,104.3595922968788
185.04425035769336,84.18066592159444,29.95987846556619,104.47851791197908
185.36982356248268,83.24396933638286,29.915098690356416,104.73164118780232
185.1866031788143,84.21125504360556,29.96361778940213,104.86993597475768
185.73204992032203,83.44333317703553,29.88403905610437,104.44680737303601
185.72241697314377,83.9451740276283,29.858711672142277,104.16047394941927
185.3286090816831,84.05206780493909,29.849617917557453,103.85604631184233
185.52461792768153,84.36497417903456,30.129249920003346,103.96832038330011
185.5913406988239,83.95760965988146,30.05493115715568,104.07622440367726
184.42203512880872,83.0466079183024,30.414730198682967,104.25776930300358
183.78226730362496,81.497411381808,30.869725055154724,104.75788862187251
185.3013997620405,81.06671101466344,30.916941782000407,104.50060422985702
184.10929944763606,78.2263831723553,31.662639813000474,104.00282220466494
182.8711471623082,81.7982642169739,31.49199056247394,104.75183612784839
183.32295170661456,83.02127300934333,31.322654907546536,104.97085617509806
183.22200035271146,82.85265143577593,30.98011710746391,105.4873455988499
182.7889988194724,79.14932771234938,31.031276400100204,106.5464989203368
182.9555156336854,77.20504302548832,31.479800927687677,106.76783983374703
182.49526925852012,76.15408582616104,32.0374136268822,105.91194430732224
182.71769537510832,78.07366998806998,32.705604701963864,104.15745868652255
183.04130388673303,77.17274800806824,33.018637519927665,103.7565977400624
183.8211054775453,78.33305719251031,33.47447432548574,103.6178431559683
184.57383327167327,77.42159183946268,33.983257810029485,103.26551784819333
191.15300535955058,79.31016324464271,34.193943633054175,103.84065994612794
189.22143703440594,80.78387613459425,35.13360358732907,102.84650627048816
187.09711924409186,79.4792997160158,36.417999332218045,101.6681294006901
173.451975015124,75.80206839973366,40.59161908898194,94.97311159502199
169.704433641895,82.49825604234408,44.238118137167206,90.33451858213999
164.6356987963266,88.20809434786696,45.89399660363357,87.17277844875537
172.21682918843413,105.96463434860702,46.28874170168174,84.55994411377915
183.47332728099565,111.14705011190198,44.351892596026474,85.63908898947196
193.71864108691628,104.8268659040492,41.86792735295959,88.66463215645925
194.21221176263774,100.05354539328255,40.53741389496455,90.4178542937152
194.27495123212088,93.85993812230052,39.91520722119414,90.78140150016903
192.45048326817874,73.49810188228804,39.947037665069594,89.85222669015491
190.99275109565716,66.24283715005716,40.85164299750905,88.93399276502927
189.13923025682794,71.07142418626341,40.50631031222192,88.99379199736529
186.1721258410272,80.27783538682682,40.29555111098645,88.07254865202461
180.3480053367705,84.58526309214442,40.84673573064485,87.00369562938991
179.96407008487193,90.51626011407002,42.09928402603749,86.51584232497962
179.6384378186482,92.33924527469503,43.42487962747754,86.82420006387974
178.9626583806815,89.96874816385787,44.356841473725034,86.4734942084972
179.68183973240824,87.98432543522145,45.31375150205252,85.833088166594
178.51747192951558,86.65090070410079,46.392059384906936,85.70388445767749
177.2109664255613,92.04651658900676,47.21521729680717,84.56694479449395
175.77275239928707,96.50606869019035,47.656971086355156,83.24148187325471
175.7366267907534,96.46840549489163,46.7548931298576,82.24702219207481
176.16873860233804,96.82101302153944,45.46464217891234,80.38633533702135
175.58104275771404,95.2273672049757,46.16375708302505,78.45449635872914
176.6682826753454,98.15777025998915,46.12042344031302,77.87271294233629
186.09697305938408,102.78354673754419,44.613397820551114,77.74961705662322
196.23171174284357,109.4657899830062,43.921953900897726,77.82015387349946
198.63357004940875,108.44437492933747,44.246095449693655,77.26471189564711
200.4624046043627,109.78153734113826,44.37052987829894,79.04386683889123
200.62906746339348,105.6598364615559,43.9545252983213,80.14457936999808
201.13861957147816,102.11065876417493,43.313871714247284,81.21552807225515
202.82011775165017,95.97954382507965,42.28488523969124,83.31050922455461
205.04134612224658,90.92422217191377,40.595301203958016,85.5129112589137
208.26727645949705,91.25980907343455,38.59668092404931,88.9406010575567
211.16035109820052,89.15200125323517,36.61628821555108,92.05469353702104
214.3676820083161,86.46442611639581,34.968321417902914,94.64142957081631
216.44120734157076,88.72404715689962,33.68286542836507,95.82513844424597
217.9460464758558,91.92527519749981,32.48820640971104,97.78234537268912
220.48590636978557,88.55565873065878,30.89536763953644,98.3434252683463
222.16608551508094,87.49766468192443,29.75763961132061,98.90605791041642
222.02759344481956,85.65916512626274,29.032401333058235,98.97167930567538
222.683363170613,83.529287533525,28.602753608918878,99.4547449617319
222.8965992070172,80.87296301073287,28.87547167588098,100.81982725965074
222.597895917277,80.93236694362807,28.607067265027876,102.22720943635609
222.27806206864585,80.56215581538052,28.99176214677651,103.57795905586539
220.5096690970779,83.66289399698219,29.895569173744185,102.19527885049897
220.16760788840503,86.43011038231127,30.529771460568888,100.25156530286327
219.23119298607182,88.10814108301646,31.062338733001127,98.6923331250857
216.98381454661953,88.08104376464928,31.892415369367257,98.59373706639123
216.45122908999198,90.01155639346543,32.68956767929747,97.33455492742652
215.41566765883005,92.12405101585331,33.466738076563956,96.32740468526
214.50196063743348,94.88239365773725,34.61464438696574,95.78813400949385
213.58144492744358,96.1533239362422,35.61762699121829,98.457283431732
213.25949921836053,97.67873411653696,35.97061543716299,99.26803676727896
212.31570240181682,97.60117268622801,36.11860388188067,99.19675069926409
211.30971435693428,95.82158939976875,36.29972960886806,99.05656333884825
208.34869022491,90.58738671642531,36.44762797820225,98.76950701272509
206.94764499017208,88.95871791135833,35.80190755938767,99.24615633703141
204.01011409004565,85.06078215911216,35.65678341222238,98.64670027346955
204.34445611715688,84.56112507054107,34.90845305375012,97.56717204910724
203.66896405141284,83.67660827021673,34.22982369036513,97.01119487323612
203.86771010316983,83.30143418038334,33.66133378840837,97.25578011821815
202.8139651573851,84.50019071801948,32.82466298013341,95.00293656082059
201.05805784754,85.87306157853695,32.28719075747744,94.31864102966601
199.88035547273725,82.90443655108527,32.101491428790084,93.61282992352811
199.70424459967947,83.31907425830207,31.487316068258174,93.35451151411849
199.61795470239358,85.12960411300041,30.897918488276275,92.93917008360668
198.27869097273197,87.96305804066083,30.388969074201672,92.84710754231173
198.02740778846854,87.39610177871893,29.826471489328853,93.85217389767746
196.83515836049546,82.31901566504163,29.66206068112099,93.86901130142367
196.03445295701553,86.94834093657711,29.44794607552133,93.90153087859196
195.55036565781685,88.84819949700005,28.984818841719594,95.1943463924812
194.29438530852676,84.84303191625985,28.799760440110575,94.9449922229069
194.0804122898919,87.6184362280004,28.60630397532033,94.78904815859937
194.57324744761436,87.23299080295588,28.338578341519867,95.37254446420619
193.36663132194647,87.72098097455927,28.363661092962438,95.64037215208155
193.469936371497,87.33325820976819,28.132635508300503,97.04221439730476
192.09965394977414,87.16299868789014,28.128168756516136,97.47672843105205
191.0399612873642,87.00269561512387,28.38946213091941,98.51823093984294
189.7694209622397,86.24552483128127,28.662254645639855,98.95319080319767
188.07234042821835,85.7600450000107,29.11952534998929,99.06951987625365
187.18983337840092,86.59749623495571,29.519290769509457,98.4391299166633
187.46869675782392,85.62705318685803,29.192233076973356,97.6636294562333
185.4942868757591,87.64158348758356,29.14989840880631,96.98481123110977
186.07860354533975,89.6600851402111,29.13839519182971,97.22108473173238
185.32025914786558,90.9741733538055,28.796367498893517,97.38161293825634
186.16944862785542,93.48710660829687,28.992334656887163,97.18080918104363
185.45695662615094,93.53911584421701,29.22718699602003,97.01979613319622
186.06037597807392,92.61281949516666,29.32963166791411,98.07292967192268
186.0409362125201,91.57344599163399,29.533776043916127,98.83850410017638
185.89863736633396,91.16689657476886,29.70439646795021,99.43211018552695
186.014497683465,91.24500152280599,29.94324168919119,99.53352262083351
187.76351082972423,90.54971152256743,29.881339959889964,100.31727160715427
188.5899483462607,88.21855570104584,29.995545710660963,101.86365436187654
188.78961445752813,87.72135750404104,30.972808985257455,100.311433009533
188.69037771984506,89.1393116035432,32.47191958659252,100.50987282154553
189.11480415871338,88.96506180123001,33.22555808764007,100.80267725004734
189.21013217577269,89.30347517641644,33.82145376746493,101.29442578653972
190.19980512734202,89.10660344194353,35.02667865366345,100.66792346500395
192.85056000763106,90.89160074719184,36.475566098438144,101.02504954008472
191.2463030246464,89.66055164259437,37.610859334579565,102.29256874403828
191.81742971884364,84.99685478891283,38.47386069166853,101.91768336052003
192.89303937072526,82.54578012250025,38.43736960026186,101.29297579408369
194.20397464163676,84.34120280394347,37.594109764768184,100.77564227011021
195.4876778592957,84.01654832421048,36.43425771749658,99.85397389936838
197.69600292997964,85.34516671491923,35.39718902754468,98.20274860400436
200.26580595838897,87.26389178520338,33.493508883583104,99.13476295623387
199.9588708452951,85.7541369949158,32.76217642536835,97.98063705402096
200.7994617140855,86.06227966878734,31.85037430357126,98.98231859661298
201.68379360131527,84.7388567782354,31.52970237710365,100.09651164200672
202.4739873699674,83.22781192726208,31.212961680848615,99.05515911372873
201.4030198743581,80.56023881621167,31.856708534059045,99.47904473097118
202.93620785835026,80.74740380558886,31.162776718906798,98.092203975697
202.99521098977579,80.71323100291096,30.941746904651296,98.02729594707681
203.4979938884086,79.64304851550645,30.62100068651013,97.36153337366807
203.58564102005747,79.68717394635371,30.29758661596901,96.17949555709379
203.51341628796715,83.20721094602791,29.880970763949406,97.40555581983034
203.54585162646714,81.1446008376099,29.886470962248353,97.0409360059962
204.0819375065869,80.64292287553266,29.833695626302337,96.54280395979852
203.30432908763308,80.80700980263192,29.97198739154004,95.46487740527115
202.80151144146726,82.04388084690623,29.99511164032309,94.03929431998029
202.172663661469,82.68254734953331,30.020630538828257,93.54453805451418
201.77047559050217,81.37509245936656,29.887303011690676,92.97480647361112
201.5012156047101,84.63157596101391,29.96217505146062,91.53259304468776
201.3842743365832,84.01420756857533,29.998089074940953,92.02105875574671
200.96977403839304,83.70824238478998,29.948928240962363,92.81678450092951
200.15062511478004,84.6284784469766,30.004741962097334,93.28465888648974
199.1290961465204,82.94339253763061,30.33101709031282,93.98908115531599
198.6710924051916,83.7362730069821,30.791805930020384,94.22316577382585
198.13199423330528,81.37096352026538,31.234567109818194,94.63996200098244
198.08492067324212,80.55195044567041,31.47747021246272,94.97821219211116
197.24207749274183,81.57308695721176,31.838594500709434,95.91239390383072
196.92574103349858,81.21889031143873,32.3889542094238,97.14548467796268
196.80553244134921,82.31488089423087,33.45456158022307,98.09167256259508
195.12374495835604,82.51695860347067,35.02997443397337,98.58418116751484
194.4938581275968,85.45662076516433,35.11595239541859,100.79341980952056
193.6575542726695,82.8370748736871,35.62353105635354,101.69284188803779
193.74540712938406,83.08686844904099,36.01382640054926,102.17384466357284
193.26114829261746,81.99540514241667,35.37235991461284,103.34145014130054
194.59499237109486,84.38661678091793,34.646880286176724,103.47639861417592
194.69821433513397,81.93589449399816,33.91179692233037,104.46949009772922
195.33651055522515,83.05619512137856,33.06289439208302,105.94476375332303
195.7172838094186,81.50680488660845,32.49256111895519,106.88718168929393
196.18331547677337,79.43576085364745,32.21745868884385,107.60696655544785
195.709989581745,76.76501592601313,32.080016669772796,107.6720639508471
196.29061165790088,77.31693692043461,31.992518721837264,106.6633452828221
197.1143493959983,78.67004676200061,31.965322676985533,105.61198561937394
197.0777284959345,78.49558597628584,31.923094172027877,105.35951009369273
198.44065398721932,78.73697619811065,31.810660099629782,105.61556903793678
199.7929579957492,76.51310554616794,31.44680039265917,106.28988190172822
200.87223729149807,78.7411725761612,31.36362451066458,106.1634936112424
199.93487214111224,76.76083870826204,32.28407515025764,105.20388899672948
201.14710951848235,78.01566163577724,32.59775337632187,105.2990850892546
202.04622264056053,76.67567604677573,33.200579130303964,104.43694940042107
202.42916908881335,77.9463157044569,33.04829745511175,103.57575610171372
203.3248673014279,77.45418495751963,33.09172034674671,102.79696966200977
203.31060222666463,76.96971055754493,32.89261423349873,102.55032858101586
204.9439413241281,77.49445466572139,32.8365230632605,101.73076829191857
205.98976037136242,78.37429268545549,32.86778521636574,100.47145452948132
207.21334403015595,78.24074994471489,32.30282171614625,100.55369957021239
206.86511352418154,78.3861101637915,32.32111019935132,99.57390443694885
207.01129404367035,78.33917155908377,32.114002913141746,98.8717026663953
206.7737289177403,80.0072534940357,32.16635053527354,98.90426409632663
208.08965226943945,81.07297999302905,31.99885500909078,99.73575870538033
207.4513983218762,82.41285196726449,31.651574905064145,99.59528253530605
208.63074165595438,81.79476985179201,31.136084032920657,100.10418748795361
208.82907502183826,82.78512220799387,30.991254018281694,100.25086338506222
210.3554441556642,84.29545485965187,31.481655685169585,100.0355429017688
211.1467150121106,83.63087141206219,30.838312227815734,99.71939295773
212.33117267192995,84.00479369512067,31.21289213408338,99.47110469463735
214.83720678142612,83.66318642076457,31.539343011465583,98.67920763961266
213.8272855852654,85.43650887555754,32.03640403171669,98.95186242790273
214.7136472364477,88.08957182491106,32.38787392088041,99.93268425639903
214.97751088687335,86.69970922879816,33.916213609927816,99.24238963127253
216.30714134353462,85.46364638850196,34.51534479217108,99.83118270173463
217.10532795007677,82.7150573725469,34.74625221968888,98.88469475235203
220.89836046551886,80.22357665232903,33.782465402305654,98.83728261948454
219.38355036826684,79.10226711092875,33.03051492382081,99.41401613461998
219.89122174412256,79.77661010539848,32.021034246082166,99.89406728538238
220.6003142130362,80.30220718834215,31.34277183175346,100.19907321848642
223.69223725322442,81.61583163846761,30.684598663974647,98.99504984027683
226.04447131049287,79.73201877985292,30.416173811919453,99.55393579996837
226.87543180616794,80.08265336987432,31.284743934232054,100.02241814485082
226.6754220838884,81.67306902223555,32.4055956670563,100.46431804892961
226.70975965578901,80.68257085763942,32.75101577600739,100.67494377551415
225.9959373182667,79.8559215825842,33.00019866096722,100.17805936320698
225.69738321273934,79.49682421612589,32.807095552098545,99.72735944757167
226.64968542572478,82.65330247521271,33.14863494402927,99.15968510255477
227.11218265632513,81.64154590161753,33.784803193018355,99.09977892677759
228.31084945513143,81.79789320711765,34.62862498137686,99.06945610499436
223.2822567947187,85.15382159109612,34.618408416215985,99.03980215304692
223.63727579666016,84.06776705398576,35.71623281334165,98.5796959658083
225.50936721804084,86.50915695495391,37.47773005480886,97.6698952326281
225.91138333808422,86.17832737261926,39.17068253495215,97.85361881489801
225.56819082770386,89.75379451233599,41.16328117303773,99.00007451959544
226.29193102923495,91.61166137388685,42.997207649400586,100.8146771764986
228.5120259732721,91.55190295893661,44.07947249994321,102.15373627133742
231.68031755223183,90.40478216059832,43.55272620649518,101.74967559903209
236.08874253571787,91.50927202417091,42.07465187428877,101.72218939262359
237.2562522469029,92.03173778544664,41.81464465894991,101.7345947965324
237.74271676085863,93.11512752717974,42.15711992695978,101.41382707091685
239.30698772727723,93.65051923273799,41.79267258526334,99.78336099254493
241.6325115233829,92.46391679675787,41.94002301093532,98.86580248636187
242.11365428289065,93.85596151389632,41.88460881073695,98.81002101450257
242.9895782607106,94.7588588768697,42.85157403602052,99.03354581332084
241.03267153200355,97.18790727632391,44.18842955237933,97.59188878606463
240.9313986544664,98.34638402194506,45.41737408541536,96.90451388521541
238.95889790962428,98.60639752642389,45.972473460231384,97.67086096835979
237.8070206754439,97.75765480417279,46.213160969211046,98.44360991307562
237.39739934613004,99.38071249099602,46.0220745005271,97.8135600415959
236.43647907655875,103.24443059482623,46.42992165721576,96.64643991975092
235.07965435370517,104.21518923340045,46.88174434930656,96.52153214444114
232.7640280433677,101.66022758273249,47.169965563578955,96.78811314154734
230.97767830843142,98.97972186319198,47.72706697475095,96.953672367341
228.42342567623382,98.64039906916526,48.18519019721496,96.54865782966203
224.853850786907,94.63637600622737,48.78683244184154,97.17719498336984
223.37242659376398,92.65310259151784,48.829561542544056,96.80185672291465
221.5954183592768,90.96737610966346,47.789625355726166,97.35084665103987
220.23448037296077,88.71762693065136,47.12158610046819,97.21130310842933
217.99099523316195,90.6222000912334,45.16330825308222,98.1297525933871
216.52462311512872,86.08813867759613,43.63332541929395,99.68210927686278
215.48390392338294,84.23469614242862,41.96886364867174,100.18039215718011
213.28492640164026,84.00296159711279,41.07791545576794,99.47986848524616
211.80727095311354,82.66055498081819,39.93512521375276,98.63811068245022
211.12243456147345,81.81214561146169,38.66160832837754,98.05048866531911
209.40801812182832,84.05294790527138,37.91795108773373,97.12675994935805
208.43438478136852,83.86397921821498,37.018971526130144,96.19921815457896
206.95546953309045,83.39241170478776,36.71992436193494,94.99841845471829
205.1984669264482,82.84950253650749,36.352661073937746,93.7953228260536
204.24068553566826,80.7797083843628,35.5643754935286,92.32301604596186
201.82821962842524,81.62920008635525,35.13307552319408,92.17346313151708
200.76200591738828,82.11992628055219,34.9665243781446,91.17636321256747
199.39163737643725,84.19006901540615,34.3780244757937,90.73446989564583
197.7424870888176,82.99151622326218,34.42737909957121,90.94788493199063
196.41658878190572,84.89711139473005,35.34364795956506,89.31258551160131
193.22499393089197,87.64771848551072,36.6613297727986,87.74805903794096
190.05313782830441,87.4072417841308,37.88808765134405,86.33193666841534
188.93536906070509,88.43990408723121,38.826937583545885,85.24277372097838
187.87912606940256,91.09502818299977,39.0541019490245,84.80230034786169
186.06002873563935,91.05401735167692,38.85108005237244,85.01889828645209
184.82320317094292,89.89242453196931,38.85366995205949,85.21026706185363
183.2519992867719,88.46062844290371,38.14492363142752,85.42920377390513
181.81520309953748,88.34028210601309,36.68901866855503,85.91273220780293
181.0915083563854,86.1587323931588,36.11185271014181,84.62146561712359
179.8075672667871,90.11220328888861,35.39900821811954,83.98986247541373
177.22990674779572,90.0702312791537,34.9566381969897,83.90595485310936
174.10719239520046,90.84772497738025,35.48685360338264,82.87615292246895
170.4197718455664,93.85780805868934,35.98358477070494,82.39869134206512
167.38963398584704,93.85159224538555,36.43595176440514,82.88899104881189
170.8416837158675,94.75856634729035,35.87118583860498,84.29569923996075
173.57134299980615,93.89141971830024,35.2409068443971,85.06057909824463
170.9462425226337,98.36814985510625,33.787434436010074,86.35663531175419
170.70737089449312,97.4279808733998,33.08835049998468,87.64931129358445
171.01419016355328,98.06126623483723,33.11517900955575,89.26899655024754
169.94994247622006,99.22907901256153,33.442319618330146,89.30445592331152
169.37104793389778,97.98180706387578,33.99980511267701,90.29416671845678
169.0033547163228,95.03046241043616,34.50749262566964,90.21493339884066
168.0846754007102,94.95474930563392,34.440780879544995,88.71748317984098
168.46934063729887,96.59831509958998,34.06645697360746,88.30960044942705
169.08787738436533,93.75018480859686,33.79629789483405,89.36184810340427
169.2642963987278,94.24783987020878,33.465792420792184,89.63015275393073
169.88321492490905,94.86104460455965,33.033841994673246,89.93770005135751
169.43249862521841,95.51983658514976,32.747353189215985,90.3691975826013
170.5858796996571,96.29092006751084,32.36807948657423,89.76137234656645
171.197404921712,92.8779347477586,32.37342605422131,88.8170521344779
171.96526496112173,93.76644452359841,32.2358398493414,90.50927134088546
173.73812486328578,96.86026619579957,32.44548708564746,91.37677612117794
175.08372828658793,93.43004391835635,32.22270575135698,92.65904608499996
175.19068984074767,94.34330718584542,31.522176939206844,93.54881693809858
176.06425032562828,89.72428289255586,30.92496701547371,95.48349123421139
176.5302906124287,87.60260146445341,30.65380873076751,96.79438662978396
177.3746298618464,86.93427098728012,30.71993079002239,97.53020564468126
177.14504168502083,85.7618518620722,30.83703012684302,97.55318954214603
177.7472795356627,84.15152999727087,30.853379620871834,98.3193914859363
178.1545617957629,83.58712705459173,30.87930603790435,98.82025415354022
178.22748672735926,83.51340806833689,30.729970810803515,99.33607431174747
178.5764045174976,83.1627303830797,30.731084984765,99.95592145556915
178.8092593968845,84.29801856703645,30.395779012888863,99.22107902587281
178.11741820704958,84.26070787868349,30.673244485057477,98.996036620459
180.33856232929804,83.75850184108884,30.68557898607449,99.85045234047232
180.26786329256984,83.91117298439315,30.892815351771958,100.3179804752733
180.91198067592305,83.33677182719228,30.850592676702227,101.32456214353209
181.16372130714518,84.96243494114825,30.81814242440887,101.36596004815802
182.08805698383455,84.46612615166444,30.532366488243532,101.11533679384316
183.0526445459825,83.72977228864299,29.925361859934597,98.48381697700884
183.1251653317957,84.86903464670637,29.881534078784494,96.52310857796354
183.55628362142897,83.11792704573608,29.6630951951547,95.28740397247005
183.79020153417517,84.64595311613037,29.091995380571404,94.31622360063287
184.61796042921716,84.1703283735163,29.064299274371102,93.33273361537913
185.44004351116203,84.70979373246439,28.7410541739045,92.9235278387366
186.1656291274935,86.20018514276805,28.323691053386,93.23471479428287
188.18286337739576,86.02411330018401,28.35689719042233,92.70211830563426
188.78563166113864,87.15998443786211,28.121293834740015,93.2754032386063
189.65259372335083,85.9679709690202,28.817186671604052,92.67369261411055
188.8837198013958,85.5771472830223,29.03032499746297,91.60816736819409
188.9587078421538,86.18969451861193,28.706658909810074,91.34794185977955
188.61763094750052,86.36815638751949,28.3444948575868,90.49378610206317
188.63884329227494,85.76347930658737,27.899419394512712,89.99502981222909
188.83730131744184,86.55550740173089,27.565974661470186,89.9808065429702
189.42057724708775,86.26274961975,27.234872855393395,89.91603078327017
189.8852749575996,86.8489349625599,26.973867827626854,90.15583503775962
190.3977106509388,85.774075146521,26.761634425701146,90.6736598429484
190.1925980490964,85.54719392824748,26.78869012736599,90.54820097126407
190.26765825543507,85.07063566812984,26.730647975766086,90.24197625157015
190.94408100079195,84.80013292747985,26.54558145386335,90.76160450653234
191.71933804545804,85.78550128966509,26.325630552130345,90.88469073824706
192.1003553221751,86.27437360259614,26.172148216179764,91.45476441549319
192.94537080305162,86.75641962268081,26.055857736757066,92.26282324946172
193.42047509741766,86.14450435791662,26.06547388891163,92.28596958919367
194.7186179179067,85.52364356811725,25.992401157632045,91.88134305001033
195.53311233659002,86.22481478120618,25.938578307280185,91.52982931912973
196.15992956160127,86.24758274259045,25.884896340434846,91.3744640078023
197.07756313314013,86.65340303172148,25.858533010719256,91.1651475576912
197.81439442065286,86.03551843008438,25.984416748979623,90.89377600531202
199.46311642995158,86.2339290541808,25.839975707753386,91.31590445652101
199.92902878929092,86.03188220615223,25.783953446407338,91.65870971756605
201.03374955565846,86.16621296377323,25.837000755682766,91.78686287646309
202.02688508036064,85.363339171843,25.891330482950746,92.31070581058907
202.84549295813977,85.59412263125259,26.019705156698528,91.8025024556353
203.4680956530365,86.22877562464097,26.025428884107846,91.64458598664267
204.39084811931534,86.60798667630456,25.952082455082564,91.56321655999318
204.75651002564177,86.3458344355289,25.908595110649483,91.66795417180877
204.7304473888593,86.12759730880663,25.797488489840532,91.42916144412845
205.48681148402122,86.66644922010369,25.70704657156564,90.95025106855202
206.29764752803916,86.68395571401258,25.754689583245902,90.95232886653562
206.7390840508811,86.78721902331719,25.73448284644192,91.2454834226815
207.69922934771358,86.76571690144236,25.671464758537148,90.98093100744794
207.8133726269907,86.75429939918304,25.61902002320315,90.9989865241183
208.19790042133235,86.35415329405214,25.59685927094565,91.26633316105018
209.10760073218682,86.81231603717207,25.553106527883504,91.39319159757795
210.30545072359658,87.0305190644159,25.647080874821693,91.35150070322173
210.34747940803058,86.26177018494893,25.639143226889516,91.78779680867515
210.99689560297486,86.9576968872071,25.575369859904434,91.96090233417436
211.28130529382173,86.59661849021913,25.644898819198822,92.1398521979898
212.0286624160067,86.59533433983813,25.679395499931122,92.23554040315071
212.70302653770324,86.88813379515334,25.702386974517495,92.36730920120331
213.05579654210493,86.51978055746686,25.68455438987789,92.80587243874706
212.68733843804017,86.30490676882309,25.63405557038903,92.96229290383674
212.79223895799834,85.70856075443224,25.63601149003021,92.87199781485108
213.22746632298444,86.08943769884101,25.63931322835408,92.24988692460971
212.95145326136404,84.89665803514035,25.767513759792294,92.1230410949218
213.79010106488062,86.72940433257185,25.68603548025854,91.44671189880147
213.32039132297245,84.01805758923047,25.95784145775768,92.10501587056115
211.9724818406392,83.856806430867,25.93350327597032,93.29983842206363
210.95388139006135,83.06554127560307,26.874527314409363,93.37401824106774
209.5945919975181,83.3129021916703,27.92576164854522,93.08200368468152
209.3799071664471,82.996994032113,28.516499263510866,93.6806739204412
211.26470921757578,83.71984779486702,28.183920231443977,94.95103204015103
212.35445949706974,81.75433583375175,28.20544420477416,94.71211119919798
214.88173315140827,80.93294807988555,27.858830322000394,93.91733544693588
216.12408974549268,80.85614930189588,27.439312694286905,93.04821493097765
216.9805737300823,82.31086698663941,26.865781566118677,92.71558253046948
217.284612545852,81.24586420956615,26.516326044469277,92.30085718289787
216.7136541078217,81.35638170225275,26.503962019574693,91.40817697343029
215.8929199813492,81.15302399743152,26.66328913539662,90.97166034743583
214.79843787353545,80.77089385795041,26.157392177394325,91.89911608743282
213.43481029963758,80.92179904574519,26.194273666056183,92.75742178831268
212.72216629483867,81.97514206626917,26.272796753511944,93.23845161144622
212.6351451598204,81.16241710101497,26.30103609355104,93.73144512010253
214.2759370226058,81.90031335835052,26.037282262999785,94.88038796080863
213.8640080139245,80.27311253523288,25.74853864252214,95.138019463535
214.98436055693136,82.31777769329254,26.123063401555385,94.3099181856542
214.82474689465587,81.29650768497174,26.225345167319965,93.97397252266934
214.5643770177578,81.48466481376434,26.303678564781432,93.39061099633587
214.99535359611556,82.00807300158198,26.29018131398022,92.02344024843762
215.26646626895578,83.2183782228541,26.286106934467217,91.45436178831525
214.91508617111216,82.90386139187288,26.37327065693746,90.57045838133848
214.86097274813378,83.19722134750535,26.36575885024767,89.77512355446419
214.71982213403197,82.53019696281766,26.424602995345246,89.00093148102036
215.2064952683353,83.42846070872663,26.570131157395036,88.53554403055372
216.09921995074913,82.81070227314525,26.68672978431997,87.79417451007677
215.86070320169037,82.6697911531759,27.003989440937257,87.18730437101769
216.04352506539587,83.7407552147233,27.36871522179267,87.26727551893424
215.6514481065298,83.17135762277088,27.512788329931603,87.13376962499635
215.1955008846817,82.80123985616426,27.794462002791953,87.08436747338752
216.2162880240224,83.84428979070111,27.69769537276933,86.6710950865373
215.75452385344587,81.57986236457586,27.525413538980338,87.37065787984312
214.97961210931288,84.17476123090329,27.411734691697887,88.01844225854691
215.15170280117724,83.38429866951581,27.57816949125014,88.27636003612227
214.56748808626241,82.15982142264599,28.05179365660685,88.92890718790484
213.91635762760944,82.33726825307609,28.282048586745393,89.07222991765437
213.60030339559933,82.25359819337052,28.395020085490838,89.16718138062811
213.09331093284092,82.58815834402893,28.373591745779372,89.41903372459406
213.6462328004672,82.65893403015761,28.548043740163962,90.07952883013131
213.4397914981279,82.41074460763173,28.86912587121213,90.98439031616478
213.90002228752655,82.5209086917832,29.15801905067748,92.3411959226192
214.38574272369993,80.7234088158184,29.42683818332793,93.49209863246504
213.984455334505,81.98021970553391,29.685590255972183,93.84191283669188
214.79661426939057,82.82632756275106,29.548257950432877,94.50920825926625
213.76573018134226,81.28654982478318,29.901358848239678,94.49683120003048
213.5661978730009,81.64681889644316,30.096838689593785,94.81117154906589
213.7878256278207,83.05596066308965,29.85550620758878,95.03156618502338
214.1679414503021,82.44730917785942,30.206249470501064,94.80021831853927
214.2893380591874,82.94789112027891,29.98418473838919,94.72054355323002
213.27008171696065,81.87882826005102,30.26664337907291,94.9583312199825
213.53006459451163,83.78043845227492,29.908194603307678,95.34852933834229
213.25194386667445,81.20013613419135,30.33819048581899,95.40562788625262
212.33227555226108,79.47261365108899,30.67861096550631,95.8511105985053
212.08403430819354,79.81345202561073,30.88118432116078,95.78753657878234
211.0936715373127,75.94576109410598,30.948827024863995,96.08845923234972
211.02367057372717,79.02001754658669,30.655033589324105,96.11490932482482
211.8943573288223,78.89182584556303,30.153315096986596,96.78493495452183
211.16026877786766,78.58508503715765,30.104957632016625,96.30983953924333
211.092644343001,77.67076890005208,30.18693549868244,95.57482859636771
210.71452531776723,77.87166045355464,30.349231026147404,95.01647407131563
210.65426977286342,74.63039926983046,30.503654204676977,94.9500414750799
210.81197984759186,76.97909267874664,30.80321290510794,94.50793705928612
210.36775298631784,76.54788648944017,30.8477855570421,94.72551760167545
210.2228466191019,76.27171518563142,30.981483206587463,95.17507114256104
210.61354346859125,74.8033001732332,31.155223422556297,95.41163766714385
210.44523188459345,70.9303220076763,30.01023021272138,98.15522221023275
210.1249389180672,70.93501167920004,29.74498635851954,99.03714676408926
210.4778817226567,72.79292550376738,29.875338060703783,100.8225326655222
211.40967679262488,74.19102320844735,29.47808345581681,102.00178133460768
212.06426517115946,77.11498216736405,29.324991832300213,101.99721001253846
212.81854742406355,77.91436285503472,28.909754491142017,100.69692285961875
213.46016093222528,74.6036327758356,28.795243071017573,100.71910218381899
212.75805013923988,77.8294768773157,28.674198009649494,99.66281879653262
212.8397395623855,78.2305596795454,28.538218299111783,98.45676466849461
212.0582251326897,76.39192257048586,28.913566198801874,97.16975875813466
211.74492348724172,77.06464025096089,28.736114931420694,97.7584681325209
211.376659633405,75.9617449374575,28.496237078123794,98.37678751280833
210.73079566179487,76.80554494626207,28.905534169884586,97.38815060087772
211.16915180311568,78.42321857914324,28.639580191838863,98.02098384849737
211.251211013432,78.80267284047528,28.312971865252827,98.13444723783584
211.2506065201234,78.10021901381026,27.99408665388156,98.54907861410062
211.98804576685936,76.90879631150884,27.53106960392923,99.5958835218773
212.2929724361357,78.89818111556733,27.409451262172198,98.85018309520257
212.744597137847,78.46081034744131,27.3152722074892,99.18213946376052
212.0321505139905,80.37219465859717,27.264362437585955,98.94250477737714
212.06446487355961,79.36226195297424,27.09575396697998,99.46480730333857
211.43838840092747,77.74104963247396,27.39821758357381,100.54582590414746
211.69699889504318,80.0271037130488,27.482446621377676,100.778017097551
210.96784837778753,79.23903577488379,27.606616534253554,101.13069897531537
211.33279160066377,78.43557181773281,27.48361152818686,101.9792735966753
211.75096678302904,77.70837289916696,27.357159754497903,103.38193406942543
213.0550665826354,79.59176517477266,26.863893646038374,104.59036829110221
213.03977329194745,78.59653089001557,26.56057193774333,105.35288616843955
213.5589541436018,76.59120797404839,26.00211721065763,106.3850611980668
213.69732969319796,75.59805613465355,25.569755564995624,106.27753333770244
214.80206619410933,76.1612850971886,25.420224570237696,107.11769204318654
213.64530828254,76.29304607819657,25.009743754124678,105.80338561251979
214.30356991454445,77.61847233154796,24.599283391135785,106.22396045109285
214.29649272741034,76.03826565549284,24.32533168153408,106.34503116137269
214.84945266187424,73.06300833836809,24.73223718244118,106.55611059969931
215.14029100119964,71.86292394945224,25.11407185156103,106.18419442613025
215.17495989877105,76.1402663461015,25.414157684271622,105.159889405018
214.1258255857482,75.77552057895,25.191665344970062,104.86037708075474
213.53408853778262,76.99834806016571,25.203657354719542,104.46148792261408
213.27168207978906,77.12779552786124,24.979417626930758,104.31965250114953
213.9562517529473,76.8171677336877,25.023764165280696,103.70518220982743
213.52211682348232,77.89833023404432,25.1546226443965,103.27772764292153
212.81440158404777,78.3516499040719,25.96102430704245,102.32145572377817
213.1360795409349,77.53896538599,25.98362840713464,102.80729922721952
212.6685687984628,80.219699538123,26.707725266682125,102.61725817286197
213.18713198906897,79.25124340095314,26.569305321627,103.06092079243177
213.2232461986253,80.8498867391409,27.13150301945771,102.18977165878087
213.92853423246342,80.19279182476407,27.482652973548134,102.02494661402989
213.91324825800874,77.9238693670006,27.781817220488357,101.89475983705192
213.4516020290244,80.4414029314745,27.807159625241994,101.70330108746818
214.6705120466398,80.33534955153995,27.923401718078217,101.19691700833275
214.2554502794354,79.05713449032693,28.47006847992118,100.90286991213085
215.07829395855856,78.83260116374633,28.19799948600896,100.79011730994003
214.00424444178293,79.60197037001728,28.701147176023817,100.16114503499807
214.55001686546936,80.30323097344473,28.42377400051833,100.5010151760283
214.75506875794213,78.75688641678815,28.493871668543335,100.42461735620549
213.57286076138902,79.65483678071547,28.548032610990347,100.43454460362398
214.15661904872994,80.07335500823365,28.593158825195523,100.44648094598142
213.32585442962431,77.98145592263776,28.843197980665973,100.05165725285434
213.41943045489842,79.76020345032202,28.626754901960936,99.78781711615648
212.60111466227076,79.81863916921196,28.312870620936625,99.45771851065105
212.80024011219928,79.84466890476367,28.217936403656747,98.85070451073904
212.99845077802502,81.45112392268939,28.07658271850867,98.19318674020741
211.9086150542638,80.72874044808773,28.422496646309156,97.50785606177094
211.5684316081029,83.70127388745655,28.415920484431705,97.31222985304676
211.3669737998149,85.20451458555974,28.541389950228016,97.28863167179092
210.97223981199198,87.04087088578277,28.814427011471835,97.62667842498259
210.3308254890738,86.13986021297114,28.895938108556358,98.92407230440404
208.85766042221226,87.34645959059893,29.114527716080076,98.76504468218987
207.64832677050316,87.8748052113147,29.602509022489013,98.68329463481578
207.2726119931337,90.50873427180318,30.2544642738036,97.78579545777802
206.41399066059748,89.703942755872,30.222222757471926,98.3227393819362
203.98406697929173,89.40924905116793,29.984758623348778,99.20538584576671
202.58179977078692,91.72256615109379,29.58653901966749,99.81565722071362
202.81909221872036,88.69493567316663,28.801389456814157,101.3920001010064
202.52963287141006,90.05630492210508,29.11814177055247,101.43706813312828
201.47320564380144,91.72102339331455,29.4762481197669,102.3408999285023
200.1820447883973,92.88599370780668,29.989893835702148,103.71473875851768
199.52134671228717,92.19055341121245,30.20412560498782,104.15524111255132
199.5521555427988,91.71412089740046,30.23332397238076,104.28746068862958
199.45300826374634,91.39313059253858,30.375282664034362,104.96951715927091
199.98311277522612,91.53718787760587,30.37116053892484,105.07577931409476
199.4189148996815,91.124634715154,30.707040773732977,104.00437539558267
198.93647615519114,90.71828069642557,30.607381691211025,104.17485035932813
198.2077540454553,88.85258046398761,30.452773470039403,104.97917901443539
198.0735598550587,89.03922412499199,30.344043531559585,105.6718257544307
198.2978108536008,86.65424156318173,30.316095755151796,107.09919625448555
198.66359471002315,87.698269310197,30.328114820947853,107.39909189609037
198.85231045481646,87.7804524915397,30.392774945369183,107.16176248190702
199.43486285387675,86.97425695556446,30.4594677231992,107.62561055363628
201.2028771004226,87.72577087914735,30.36706611075331,107.69124940301896
202.1500832281622,84.19487402847798,29.974426974246853,108.09829037303444
203.6321322469334,85.87342835184278,30.01457397950536,107.58100068077263
203.47780454943313,85.83783503589602,30.469033720113686,107.8185226271784
203.65595136257141,84.06037340410035,30.632625693450297,108.7639562114332
203.38009367995627,85.79618292506223,31.123422604599746,108.30400299058488
204.12495947283105,83.90711981027502,31.635271257192468,108.14763210216309
203.8161914297728,83.24705888127772,32.92023720771555,107.76215834763171
204.49770492814397,82.3458260939561,33.17841470640322,107.20360717193927
206.29470642859852,84.24643719943165,33.19674786424658,106.35457059178651
212.2995853157365,81.23748093550807,33.06320602472404,105.35345445599842
212.32869620720254,82.90309538633039,32.4373614013874,102.80097811973769
211.1985867548245,80.48205045602174,32.48319241246672,100.35491194779273
211.29251693300415,83.70295838196188,32.15865012687676,97.99626412569762
210.0934356608493,82.39054992384001,31.216248658658955,96.52983252967329
210.4804611683682,82.86225142789104,30.37522947828316,95.99462862325773
209.42402938170554,82.68593123073688,30.88184276550617,94.56642194496472
209.34364385864188,84.87777813092198,30.382496245047935,95.5803225964988
206.38910194723115,81.2852660678321,30.11943517803784,97.05058260448399
203.4381874351944,85.1707212786109,30.958794242852328,97.17072013748573
200.59363633822338,86.08364759641441,31.770610002620806,96.55721739354128
198.75215687721135,86.63986383811927,33.07974647400701,96.30659207766163
196.86288117327217,87.7648377278953,34.52706557254396,97.27196035531479
194.65313461231275,89.5977473400643,34.82711718521598,97.03697733169089
191.49524315140775,85.75083620363554,35.828133223175854,97.776796270503
188.3877934546557,84.55560532680225,37.1137323084524,97.68352007861293
184.79872052363814,85.82162031921088,38.43013805818286,96.78523814830007
181.44251912425946,85.93616801256965,40.03742639694878,96.62795171069543
177.9889225969293,86.98401777931923,41.72987106904073,96.20015047450613
175.41714236552306,83.28590707908904,42.7382563037343,95.43487475887763
171.63266815891308,84.05550679862228,43.85595082596306,95.22273017801888
168.34969283021883,86.95601549818512,44.57005192738231,94.93595209011144
166.47089041278394,88.52490114536846,44.8997447654107,94.77294514282119
163.84188037979217,86.3335664513465,44.55301181396868,95.55661550742761
163.26879443213923,89.0272521468044,44.38426674092894,95.06535035964535
161.3905872136329,92.7797863589565,43.11406889614228,94.96802586615782
162.34361635752202,97.49980211213358,41.53940566818799,94.8693468225722
163.23574109142072,96.3513474132209,40.79082755373079,93.80298355346639
164.57820707945817,99.17546123251572,40.91905099032981,93.51321348018439
161.1342895981822,99.13253462307574,41.84516071789642,92.9087433462506
159.42440281117393,96.20435439282717,42.558442344738864,92.4112329380649
157.25494545219917,96.46804213956898,42.869680480351974,92.3614516413777
156.54490612591437,93.0349929418461,43.07979724174725,91.83101082555028
160.05125133520897,91.67320174959886,42.295427421760365,90.91537487966144
163.68144967469794,91.7092285046655,41.39999332060224,91.31017215692937
167.54625866548056,92.01583306363821,39.95248316908458,93.4988796382576
169.6497948679849,89.83490960303331,38.80866321311157,94.39342685968408
169.92500973726172,88.58166585226668,38.64494358188444,93.84085474131379
170.97979203902318,88.10554636368254,37.83947245847166,93.94796255965335
169.94060604327987,79.41743545155711,38.11284342952679,95.29510494664835
170.2462305738588,74.33114581759298,38.16389000788382,97.62933296488177
169.79015310363093,74.84120431874334,38.44769445204748,99.52734326093615
170.57945704185062,75.17889364945266,37.64819855700002,101.97543585958832
171.59665074823357,62.770415249767794,37.3623732417835,104.80776207424125
172.94630336575221,58.56271460444253,37.066401909105245,109.05913662767864
173.63033092959716,51.17188721141814,37.05188851324978,112.87074155563417
174.57207046923455,54.98850380849484,36.8988837868116,115.41644055142217
175.33300987852553,51.241194141370755,37.22131727844844,117.42283013408343
175.8508212406599,48.39732378766877,37.341109731524995,118.3105801874957
176.65681634593625,56.262175299468964,37.409406166861544,119.94461617756718
177.48573500435526,55.31257144233473,37.63855999325016,120.5907145559363
178.26419823408216,55.163748594840655,37.828193988164976,120.93281748536668
179.0854125223868,57.25429504982401,37.652455594241545,121.23968634450398
180.7213101324184,57.58734447964943,37.2374959778923,121.6269132571386
182.3360825937085,55.62174701680925,37.36673358514301,122.48392734137303
185.04708245773998,60.753180672095354,37.615190743371585,120.6873266628809
186.14165136766354,66.66738186404554,36.97800552400359,120.78220499492292
188.57247986367508,70.85033941620337,36.40933397128105,119.55247267564144
190.32924046005553,74.57395975100313,35.65189507489162,117.21401668164006
191.15426028585156,76.50064991802458,34.59536593183684,116.26411425477794
192.40934744060027,76.80393814991064,33.87068034704798,115.14692196535276
193.68107502095566,77.19675597623899,33.1336904544723,113.79430511629253
195.10089701269118,77.15360233057737,32.69085890996608,112.06636944859325
196.34603706882012,76.89589627618025,32.223538506875705,110.36815469581524
196.97970076950492,76.58759219005438,31.981837049643676,109.29356201567289
197.97168998445446,76.86587985924064,31.809667682702354,108.65862801219168
198.51323715141774,75.04938361952179,32.1013373143825,108.5075077997501
199.44240087522746,74.18070015104924,32.07800752072422,108.21488477888576
199.91412100122915,78.41637037386039,31.9881680091536,107.82289671210867
200.76225128065397,80.28376289269151,31.73673178826325,105.86959377493318
201.35256037872287,83.7239191388447,30.76403867337847,104.438723669254
201.90425013426352,83.22258428328966,29.859982220425543,103.44534326096405
201.85476730020278,82.6666730027932,29.249979606801098,103.43424042122301
202.82499775815228,82.68518489635197,30.080145951110243,102.7153608959425
204.78381954778501,79.49931671707044,30.005543314990504,101.79296454500238
202.70983346018195,77.76852602954317,29.690198095940026,100.18297123209916
202.06579766361554,76.06452334981697,29.34200762986115,101.64057576223638
202.606449514826,75.2212822961609,28.3201364563532,103.04937315117807
202.6263900958248,75.12233913437703,27.39303145459582,104.47827432250124
203.25940240827552,76.70418840314576,27.754400075391388,103.69671308354776
203.17569201932574,77.65835703297466,27.286540661392642,104.46576544562458
204.0367282018352,77.73583816280293,26.668274315203057,103.91930193808521
204.70912728903082,78.45153962370806,26.340565626933916,103.94402058018639
205.24447266511862,79.62611663182645,25.95718932549916,104.87331514564518
205.46022670083107,79.93062224252128,25.838629242584364,106.88257742088331
205.47923522926922,79.00945811033483,26.312788460961368,108.19145734674761
206.5961096414143,81.63680872808692,26.355237785398618,109.01557014093702
206.0482161131165,79.55496751869336,26.57348443242924,110.51700752455262
207.00844367386046,79.78472944591586,26.69658099436723,111.33739900290183
208.80840001204672,82.3099793278372,26.203265503129586,112.47979417466706
210.01562045513512,83.70108557837852,25.761146961732774,112.81406488510174
210.28943353828114,83.37694505003412,25.66092741522797,113.3505079735603
210.2756371105529,85.5818443971894,25.489588114717684,113.67022626228197
210.95645108392742,84.87528723006427,25.117849610889333,114.57162041602075
210.95235965038208,82.90848340480669,25.111868187589103,114.72065808782193
210.305887986478,82.94682172495331,25.1291841407482,115.03136171967873
210.230320558091,84.9020987569799,24.951068691631182,115.02811551886103
210.407097617101,84.37680064600966,24.752327580131464,115.9420213328101
210.20798655610386,83.89325053168379,24.78846960492721,116.0536132339777
209.1790216268392,82.08599745293327,25.003446258347942,116.18984313873217
208.96027878972558,82.49048137639502,25.068309740669157,116.90293830870014
208.4493775533612,80.04795153092056,25.136156682277676,118.12534669921875
207.30847267424173,79.20780586571061,25.423559501963727,118.13180203682556
207.9695803009516,79.47664957132156,25.56219436813472,117.68990382716129
207.84876444042877,79.87173756862182,25.784988747141632,117.14757758009934
207.85128314655898,80.95804185288503,25.847912468897707,116.58180950286777
207.3099267177035,81.27991582049744,26.210897452806556,115.98669934520987
207.6686208898777,82.51125093393523,26.37476753655487,114.66747484854362
206.60795702910943,81.46816261765169,26.384262877796644,115.19759796186176
207.0778801331316,81.63581410781862,26.44696739092081,113.89022994999942
206.18662535081666,82.02892001619458,26.771013286727474,113.8024167233354
