326.5,414.5,15,42
326.0444580472636,416.6786609841532,14.860359127148438,42.16704870201215
326.4003166790438,416.59692358284826,14.636359968904184,42.7270732361151
325.6598818759821,417.07775813063074,14.557418221344186,43.51520231922296
324.90865378496324,414.68092696384514,14.57738064518029,43.88906961647818
323.9747979602595,417.020467762965,14.681716416253764,44.14660586949578
323.7870851153896,418.95068658583494,14.679410842356027,44.17326725138953
321.8383310365493,420.1400192854972,14.647328297979719,43.93522089160058
319.72699022735975,419.6884474080027,14.64627267652115,44.205761060869555
318.50802455688626,418.74910794050754,14.840737640209802,44.39185822305559
318.65760885828695,419.97281501690634,14.757998971314063,44.058565268912204
316.5368131599844,419.23618252074516,14.7192015358269,43.73383207130831
315.24735696213656,419.9303360294968,14.721883167133477,43.67787554628247
314.95317557972334,420.94925253985866,14.655578196860114,43.6154253304294
315.5970245783855,421.6784904876241,14.4568295222363,43.09105721535504
315.7734205291452,420.9612535753137,14.431154169731943,43.0206140144097
316.85295930655957,421.81427716445415,14.289895781086667,42.64306186176366
316.56073130739327,422.67266749445236,14.423135737377539,42.75686703913146
316.19984588122196,422.67606649256464,14.495383093092336,42.86560962186822
317.26636371657185,423.28747404660606,14.448564348967226,42.836155080878285
316.91941157057613,423.10315262200146,14.53691531196774,43.250237113799464
315.11244282276436,423.94159935714384,14.570724853108288,43.514753469793355
317.2232963961984,421.61572792758415,14.588223066652699,43.827337317072
318.0772863848893,422.3469946964506,14.581441309523976,44.06130682251376
318.3267697556369,422.7573583247839,14.512702324528918,44.04424621709614
318.41277190116796,423.9339810506184,14.540048450127198,43.96023375378465
319.22264301344745,424.7579140141364,14.619796295911197,44.09372153883057
322.3589757537033,427.87187293105063,14.87175754727205,44.08395145967134
323.408151473733,430.7118138248791,14.829666931416103,43.702725181963146
322.25357669478495,431.57338414766707,14.865575207802863,43.587305149866836
321.1145521116885,430.30926892815756,14.99277574690532,43.92980370106838
319.8900405419946,429.68910652430185,15.0094852056443,43.827000542852744
320.8084512790429,427.89817169859475,15.038031382533386,44.08081242830621
319.72619589141203,427.27648206815206,15.11859497609348,44.48609232872556
319.36637148931777,425.2445997363999,15.275938568261163,44.66863617466405
317.7169568779505,426.2902864777648,15.33183737870316,44.91487365194084
315.3853091088218,427.49612363014626,15.353900426421044,44.80263400904326
313.4595610657216,429.2175248776393,15.444912770861226,45.114726009067525
313.9493176033865,432.33126205825994,15.363904548780043,44.97018841158968
312.86730636161667,435.75784659984237,15.374981275407443,45.042658004114514
311.84348089968864,438.0467837866985,15.600054365134188,44.932465515167884
310.840819373105,438.8839450319357,15.552148801587034,44.9056338837251
308.74443528799765,439.1580050959718,15.51185279714961,44.61534115681412
308.14416228171774,434.16478113983504,15.492864531793435,45.04597814074293
309.14840693670976,431.1291728086382,15.307895524581934,44.24460330762269
307.97300866471846,427.29085855157626,15.242210812079538,44.23049362060525
304.553659770464,423.01224296975516,15.243016545077056,44.66013651215274
300.7122112581755,419.5596584659964,15.160237548078044,44.654207993119954
300.82755714631696,421.1811160836391,15.012962002771658,44.29511043056401
298.7871979579867,421.98287723139134,15.101093051475122,44.07898780852141
298.47996606431735,422.47950770745086,15.135043540302235,44.290207146815355
300.1156291705812,426.91825037134737,15.253684292496231,43.66074389849011
300.6990596774937,425.5574448401511,15.1689926922378,43.66494678064573
300.69957107483924,425.3662741556004,15.235853277304187,43.77868911639143
299.5773177864551,424.2777541488106,15.35990292009715,43.84578287905565
298.4701402769401,422.6777921966643,15.367472498682238,43.719806228691134
296.5655168712644,423.7606928179041,15.536450745809422,43.974684555455994
294.7362686727241,423.02223072408657,15.476564545920429,43.80275556029837
292.4314418162905,423.77485675813523,15.603587529112371,43.82976796325505
291.60298285883147,422.364358953451,15.534657365302719,43.87678128617032
290.49487317563904,420.87423716058015,15.609353132062925,43.85240741929059
287.33893618884025,417.74801725701474,15.571216710610374,44.075150285045694
286.7210330535595,417.22250870626857,15.456157021050812,44.06913420534748
286.0882572431354,417.3946834372947,15.60990511025225,44.565087568269334
285.64507192808026,417.46086904675656,15.722630220152212,44.9879015481295
284.0795430592342,417.83557602268985,15.70501132400955,45.2769263932599
285.90655440201436,419.1844666299884,15.70850511794145,45.228900656568186
287.6551653261353,421.2434584665358,15.641200843628294,45.1476272457719
288.31444087012915,421.49199415462584,15.563871541186042,45.06125088597598
288.56216311086,421.4322778547179,15.44027653701544,44.73488732390186
288.0540797266929,420.99934801293796,15.339848394727905,44.81545658740633
289.0797164098586,420.659142761,15.362642382598882,44.366239982708294
287.7929380043993,420.49555397160884,15.41655493311099,44.577195001084846
286.9916814836725,418.82416620752525,15.482490511414564,44.58356692092995
286.8315197173638,415.34683301470915,15.454894758734568,44.37768509641807
286.5873571114355,413.64754225888333,15.460026334650646,44.49052623255086
286.019259838012,411.93391025909847,15.426011235272682,44.29379206699005
285.3638524703836,410.76929947131543,15.49638095271473,44.36336698842704
285.3427026851401,407.7574219110469,15.69498033778356,44.65201039555472
284.0030772650832,404.2485374252499,15.69333012732979,45.22286660164585
283.0966582721843,401.50118408220493,15.683644161597163,45.38016665245128
282.6097477131887,396.3946194271328,15.721633434781715,46.02059450843299
282.3513344996399,392.7478561274782,15.882525957231413,46.366887907668925
281.11797865444385,388.5966090969232,15.989541497797559,46.79127203683316
279.77732579943546,384.89603501687674,15.94502595117672,46.52682848015964
278.6864492761139,383.0300638610455,15.794403709810293,46.21337875538414
278.9427275986,382.48154477349595,15.790800099715794,46.01780521230549
278.161754974423,381.5098193225079,15.736648255441349,46.153549877442295
277.12905023682686,378.0131185913952,15.837325441319255,46.32119526666967
277.01345892645503,374.2688164065415,16.05002172805197,46.76365753508921
276.774109380463,375.35199378397436,15.87358345994003,46.39006482131543
277.37157890317565,375.29209020513326,15.71814262446809,46.21121596240938
278.64461412991,374.6118524120783,15.72978424909389,45.8391312715341
278.90007831073314,375.32007884767717,15.788564473186717,46.001214553176084
279.24950011468434,376.37108855086876,15.719330867325251,45.974151563876575
280.0235296660335,377.4754243095521,15.689314448228334,46.01315403485217
279.66832872129066,379.197371705313,15.676581641230296,45.902738170942705
279.01578249399495,380.4793109699138,15.70453276319537,46.23484762925947
279.95106807061325,382.70545437980735,15.521582607387678,45.96267746291467
279.42205676724575,383.5694966192789,15.44316970539461,45.89488036419013
278.412648402926,383.72298226966626,15.64486266332041,45.552115159200326
278.9479931960499,383.84904188942585,15.619858845200046,45.68958144447856
278.62009643691596,383.9195453051501,15.61718554751937,45.80141784399274
277.63274335902247,382.90449308216483,15.497807917295582,45.41106754943901
276.3012158782473,383.30805920572845,15.658117250489019,45.76082259517372
274.09513000299256,383.5044424317518,15.557736262808792,45.84123712261734
273.27570762397943,384.08971894822355,15.633499517920704,45.8360344076289
269.08268842197936,383.3676923339202,15.83538245774841,46.134840772870405
266.4092721071174,383.13782927430515,15.738824241219929,46.53061513902059
265.2481883012169,382.1933812397083,15.923398583672785,46.72046769586998
263.50229341721155,381.6372224719293,15.751727143339991,46.666558963613284
263.8667441777957,383.55420185969376,15.700808906168273,46.686799835987856
262.21818171251954,384.9726664896635,15.776473971150445,46.38921393313459
262.1899402777088,385.416873442251,15.731011529940915,46.38919784080283
261.22322375058036,385.5508134822634,15.909097213096409,46.89464207155766
261.8791088871325,385.2954291107278,15.781615680150274,46.67056648765589
261.82847133431227,384.8282361105543,15.89539635621726,46.6188857889748
260.81464952837723,385.8519788330501,15.982440407349719,46.561554133503506
260.5276905713241,386.0409681837901,15.834855421332371,46.76840070935207
260.7477733664111,385.9545715114619,15.843659999987349,46.517316218734685
259.78277542222224,384.4346839044587,15.789824721143994,46.12131353013785
260.14338761709644,385.3328449824482,15.722826157659043,46.16132381453517
258.7961644129259,385.8162923486256,15.714406488576959,46.52939395358695
259.70424892644195,386.14216222162355,15.814095968701267,46.78201849544428
259.6084260210083,387.3482074220135,15.76497470295708,46.97513291529728
261.3643239633023,389.89395817673,15.932987196588705,46.927088913951465
261.6266903750263,393.4555714376153,15.955712902612927,46.92755681204171
262.7639158683408,395.6136364237262,15.894551653685426,46.3040981388007
262.88549124675933,396.34883254092483,15.865740019024562,46.00796032182285
262.8348692106694,396.57048248855796,15.991075636696792,45.81905358689976
263.52371601840173,396.842898708883,15.965454617782196,45.775245988511855
262.3446719571013,396.29132686828825,15.839566376247243,45.76646359090501
263.4861027679791,396.49226084756424,15.876944298406478,45.63806174258251
263.53252319994925,395.7617242346789,15.903787758134582,45.58681492669668
264.2948262138604,394.7821475295145,15.881961214107495,45.7635436486863
264.2100937814759,392.4076108731358,15.9060791393127,46.21845707222245
263.0485320981143,392.5264881735726,15.829867360085583,46.15954947135174
264.1810591178492,393.05366545350734,15.998059456327507,46.39584992838142
263.1641725239996,393.07674690706756,16.06366390852261,46.66971386600079
262.56796154948086,394.2438763040284,16.082500681092164,46.89615381971402
261.3560109618409,394.78486681894947,16.198306162783776,47.195063278496534
260.74644340015374,395.7297351339773,16.131570257258012,46.92760986873201
260.66213920798236,394.862866702812,16.03318345002659,47.15292316424422
259.89495101237964,395.5405864974854,16.19923591907481,47.111881029159406
259.03728079748134,395.259342470221,16.385127005190007,47.134415136620916
258.9734566130887,393.63982409279396,16.357860145489333,46.84301513724827
258.7641200308783,392.49500911149727,16.236334924194573,46.94746801205776
257.6204406277047,391.918967786667,16.180327346035547,46.92984515157887
256.2992855799005,390.9599311791416,16.054640892037554,47.16689786835388
255.13259432899994,389.07621456451955,16.046511905877917,47.390233435626044
253.70493490860605,386.8635653817796,16.152477576270847,47.20965297114983
250.54599705451693,388.0169184425767,16.38441244658895,47.14533295223198
249.71548969482754,384.71512279299793,16.33075293157747,48.067728038620956
247.96814726419004,382.37364462644683,16.312373169973455,48.72740804268269
243.6827442094933,380.28630615395844,16.58369979480879,49.07351486017225
241.8326895859881,377.41364558756993,16.64826426490273,48.94498898519779
238.68356890782783,376.0150013631798,16.660522535590914,48.35826568852516
236.55672028503338,378.07289491118127,16.681736394186423,48.063841803200376
236.96751989529872,383.5425124819489,16.589365968230492,48.26679282652107
234.97552609028745,388.0284645065278,16.775892306967044,48.42989949666248
234.49141435687966,390.2132195691537,16.596180144891594,47.90558657218599
236.35029517882057,392.7426555441474,16.84518271266446,47.79225123566293
243.78994823665477,398.60968392346604,17.357656496593222,47.608404476110124
249.74596504563735,399.34625148224046,17.763651328640286,46.91792739908472
257.20583285345526,396.86316112120517,17.889710200003904,46.774814183472294
265.4807398892089,395.03997469237464,18.191630289873615,47.26776420864428
273.9780529128766,396.79635636465713,18.636016770004016,47.155487094929555
278.9574662777248,397.50979588048034,18.35929796572274,47.14770143372073
277.12004786711447,394.8350652515539,18.490534227708753,47.78086315772966
275.14037080800006,390.08474561681555,18.65516602728827,48.73012226973565
275.81111916296345,380.9039732904547,18.487210028764324,49.53715108383428
275.2420325043833,379.95714518757563,18.547401039444217,49.294572529308
269.3357363582851,383.0683621887227,18.893336646765235,49.06453774271214
261.35662848426546,389.899137496463,20.02855720895242,48.11938822739017
251.22141520918478,393.2355583728769,20.615803903767066,47.71246759043764
240.39844234308794,392.832523339218,20.83280981662483,47.927932339209036
236.9551796467213,388.224724228022,20.49536336563864,48.2786204358687
232.22338128184447,381.2824260699792,20.486817875848807,49.15222947015507
227.8548045453362,377.3258583418746,20.321200352771587,49.096333115603635
222.23268927018174,377.8727757993715,20.274262690189907,49.37725394077558
217.51611269407783,381.64789736013296,19.874545358999256,50.17633027726049
215.2134503960702,381.85847940645994,19.84073602480826,50.54832811326021
209.66775077226006,384.7398288557138,19.748648333951962,50.28666299771146
205.62942478659616,384.39587919020585,19.55726632395654,51.35395456519859
200.49009663369114,386.38602831250836,19.089761168890117,52.13930516245148
197.0412882420791,392.00537597979957,19.201074908748687,51.50791916929975
193.45000234156163,390.8539335684519,18.930259926183794,51.57079921408672
190.87704818491332,389.64031504429624,18.818428218728464,51.30186211765322
190.00836285783896,392.34991310137025,18.31590567486385,51.08819903115405
186.98795165894015,393.84994613451255,18.14720391799843,51.47092257668587
186.70081734582448,393.03112777917676,18.04095874503925,53.072847529518754
184.6344290174395,395.9504704386171,17.96389891880748,53.08470714014241
185.17829857877072,392.2848904939695,18.08301819267519,53.90075796724283
185.72908389173764,391.6608346848331,17.971613873236997,54.332547556878694
187.73813406111478,392.3901996490193,18.01596775811556,54.70466918337699
188.97088577872097,391.33082794028655,17.91537540230989,55.20813984045118
193.31726883676532,394.2087114261824,18.096954111965857,54.55618270218611
196.79974503411486,391.0539916539067,18.162451107678148,55.0966999177886
199.11227412831823,385.93756577262985,18.103686158864896,55.65900705601355
202.13827856885513,382.86399946059635,18.425987771260363,56.15647050970102
203.92741300354007,381.7829115151066,18.402611918705635,55.866079538574176
206.70413739122904,382.2624012359839,18.805937378099426,55.747995391962725
207.7090988012066,383.23378776980996,19.159512769051283,56.011674217163375
209.55852133516308,388.07946479456086,19.514748664273082,55.11901668560586
213.40751456722253,391.19770135090977,19.863675347126822,54.53309870672762
216.69007027501226,393.7771410138387,20.11673543270704,53.922448121562
216.98332450617764,390.29621637444126,20.01878225273068,53.872073202969105
219.02444033647248,389.4849506788451,20.092344258980546,53.75689566796055
217.40575149454716,389.4876091988845,20.0204301032316,53.386295138654404
213.2964640332561,389.6064022946129,19.892066892573997,53.083629571096154
209.40109233302832,393.32321919395906,19.586046682189732,53.64557739929593
207.90929657165535,395.2046716935696,19.23069329297885,53.52746519525614
206.30394202752143,396.7189213470125,19.067374652212266,53.34616914307006
205.24101980883634,398.5232485612054,18.9437283516674,53.37348268457866
204.00749983278737,400.8189012092527,18.839547905816143,53.42589324694348
203.62351739277176,399.82048435945774,18.60808487122793,53.76380546635462
204.11051784055138,400.5647459821587,18.240278710242027,53.66465588104026
205.56843812624425,403.36739152645043,18.078132434739487,53.16732692395706
204.79783616257453,402.9884841760402,18.11140965957955,52.66907780584603
206.1854936609567,403.03515513639354,18.07446698871238,52.25814576768469
209.42527065626263,403.3730761819525,17.888233653923322,52.462716672382
210.37170109088567,401.37264959718857,17.519211543145865,53.10432549529132
211.36421976124413,401.4131266085013,17.429486630903348,52.963619962045726
211.69727320325262,402.18992847565494,17.417313689204327,53.28427260019015
214.73598498815468,401.0476819825639,17.199640390243722,53.44481176709739
215.58459299298377,401.1550442056002,17.266257307335714,53.1193866243181
216.3517160814197,401.9100144697625,17.25753097833371,53.23178558306931
217.82902553163734,403.07948661397563,17.64644893168872,53.60938926064637
219.1104808227199,404.57482688527824,17.989405210867027,54.639764893273124
218.9343800763207,408.6559105544221,18.368535491716393,55.16157468206052
217.7960853195902,411.9216132190945,18.695185277394213,55.83427520675009
219.81206365949296,415.14385835300385,18.94242342943681,56.16150820934776
218.77271024537276,419.89461578921674,19.53094320876519,56.244382069832156
215.49664923311894,421.88017687828346,20.541248521846995,56.319980396459385
212.87970349431927,423.79387400887157,21.39318866735408,56.74717855395388
210.4740405214127,426.2382241434381,22.18048392774244,56.98359272573876
208.97037662632727,431.01258932936605,22.594075546190904,57.40147516973977
206.50021940900294,429.2311443454303,23.119389542149364,58.369988096748244
204.94904833613418,424.80505364621615,22.97316768298877,59.43486127908153
207.8551090328839,424.45183320007,22.954410814330707,60.67868334355411
208.51660321679054,422.4839397156433,22.707078502921505,61.85500604849147
208.57686158719977,419.8410265559836,22.58009481926369,62.697290841016354
209.59274637046246,420.58073328062176,22.392902565207834,63.01415431873446
208.37978425753278,416.14820618381725,22.595702525396376,64.48802084449673
209.2530024451323,417.05473594518344,22.584669568738313,65.61414908688585
208.75152181055037,414.47868448433206,22.996407121166303,67.2570988809183
208.53510346693156,414.57995171352275,23.400950958744016,67.61913389580351
208.48371164152334,416.9916438727539,23.770806333498456,67.46910992508901
209.62417231772642,419.58397782668635,24.394059308942637,67.94943721070555
210.51169051248593,421.0197900961993,25.4339392917228,67.72071123125002
212.0362398602087,423.08904763993,26.517997372705494,67.67606487624093
213.4453622366137,426.0265584259335,27.201597979697716,68.00078180673647
215.48301241486956,425.2682151305321,27.683540016679693,69.4199502962046
218.9792670765089,427.93311057866873,28.33165950809824,70.98199508947603
219.27742670385123,426.89959554805364,28.461248592437208,72.3402551736135
221.31444269764094,427.0989464636932,28.878952063231814,73.36644958256879
222.4311759684134,432.33630360518697,29.133766771686837,74.15458510732047
222.2034382678599,433.85609631553376,29.107787263946072,74.84665576115086
219.60652007037046,434.903142526619,29.679297284870994,76.47619686673612
218.93802178286532,435.8101444153176,29.75987408201111,78.21466806492478
215.68570477809064,437.6928173600524,30.439139210334872,80.49032397217766
212.3312922460278,439.4391526374369,31.38954094606087,82.90646307927385
207.67930470826664,440.5142919581926,32.42032933792841,85.13435206700444
208.76528029745887,438.48496421555285,33.66714346601674,86.59760101999629
209.99952946180946,438.54507075103436,34.92914774275382,88.64117126087713
206.6734559924263,437.77952374950956,36.302319194764706,90.09744761390661
203.2951381494362,439.77742652463786,37.692703888923646,91.59781830647837
199.36891584830704,440.2145662223177,39.17209637097325,93.16524795271418
198.78630407887428,440.7619175444663,39.93418130209835,94.51946675044884
200.50018794456935,437.47883523699676,40.085035911864225,95.48951911410616
200.64836792175578,430.388919503211,39.84622132139443,97.54966064027147
200.50020302524558,425.41924367877056,38.78371160254349,98.84189848910353
199.34179372818085,419.19866072252114,37.4716985716882,101.81180623815021
197.20048644398645,411.4072789458221,36.81957498089727,103.60787526487591
197.07294533397567,405.7087698566344,36.07571792517729,106.33327402796823
194.153699250845,400.61234423368205,35.95318199237858,108.08359941022535
194.0346801758514,397.50868867466113,35.608391143800105,108.66092853363836
194.17546075937062,398.72983911178824,35.688542462313464,107.05003234535826
196.50253762732842,398.37019567882646,35.71536654774797,106.10977855805295
198.895513438828,401.72900878302437,35.686103996404086,105.39011339396876
201.43763853381992,402.0104490039014,35.63281150524228,105.37073528299469
203.4621608043443,399.7512661470898,35.57387187790505,105.7638234773918
204.58969848084152,399.6893628755666,35.56024826517552,106.04265390819168
203.41959306788365,399.75995373799725,35.484321157360185,106.62005970106868
203.24388172331683,402.84765940174515,35.78995404218421,105.29646598145253
202.83048368850356,399.61525875220866,35.72880112194257,106.1800948142475
199.79314905777056,399.36041165543287,36.329714070084584,105.0090196834964
193.21276802952778,405.62018710220326,36.75825166215369,102.52443811978958
180.41342836012063,405.81893924953886,37.38203170897577,102.40294606695879
176.5010911360414,410.62382957659185,37.684517493651576,102.12181779474976
170.27803849288392,411.06633582085897,38.42129412853828,102.57128106190707
167.07694418911692,412.28951491702173,38.4346420607183,103.8784307221358
160.9826526666312,417.54092434566695,39.376518143104306,102.48623522452559
150.37738601644386,414.72508739451786,39.553602270505344,102.64522092873415
147.3773946493249,418.49278986548836,39.943478536542585,102.62093725983388
146.35623368235576,420.41728869539264,39.7722496644353,102.98079284480681
148.20233736718777,423.16295741523305,39.68220489433493,102.93043059433504
148.99461297808477,425.9442773684369,39.5689902757056,102.70183514440934
148.4277734233683,428.67252442431993,39.24851012534237,101.9663116632889
153.44271862230732,428.1156711760267,38.931265258165,102.0675270528884
158.47455652351243,432.7853728338541,38.368585091741096,100.94740493382783
164.55078345248,434.1078616339724,37.815357231730815,100.49282340407163
167.43563260276596,432.31202138941944,36.55011592807658,100.61302090100529
171.35561535793852,433.14315928056135,36.230840858863054,100.8725389371953
175.17032576476987,437.07451656884234,35.99025976688003,101.25786646726169
175.39754390546028,441.0253315294549,35.64930631840786,102.34278306245501
176.73879871417788,444.2134660161457,35.69950944663918,102.68430516954835
176.03168027031455,443.7494371982496,36.03367571955104,103.84760558936371
175.53307475016246,442.55084134174587,36.2741878534336,104.00674898732304
178.5761300138791,443.7835375625928,36.51905858057796,105.0539517223259
178.00365156029704,439.38215727036993,36.811397925924894,106.46296974543128
175.87036778162093,436.7833681924135,37.04561160525588,107.49045102710716
171.84985020259282,427.3812777843277,37.27869006775544,110.01005351991438
165.76821942017662,417.9698391307105,37.55306136616938,110.28651549816931
162.4516219671882,412.07342212492614,37.80499253923605,110.05135535385429
163.44661739098797,410.2800446360765,37.39351304894396,108.9143869199935
163.52670485889809,405.63161256947063,37.34552523791249,108.46874597965791
169.234621739651,408.7250296335626,38.21775929409467,107.25644540936588
180.28403216185188,412.8758823573295,38.59251976377979,106.44390622159763
186.1499881080674,418.1296798175886,38.97805477076287,105.35995536693638
195.23573522317662,416.71331535539593,38.88166620765869,105.48781788202001
206.07056604090184,421.47870848904535,39.02353563910276,105.95884073489931
214.24780627685828,428.23139876756494,39.595317069045336,105.96138711877813
219.34910566698255,430.26365005994717,39.50681683768593,105.28861174310485
224.7701438987204,433.75179295072536,39.610081484439746,105.45337916131656
230.03458979121424,436.5867761498539,40.07764012364642,104.88637048858439
236.56519528056083,434.4886646124245,40.10441323003626,104.66431200826746
241.7981897385752,432.69405570653396,40.4528936514709,104.54487565478054
246.2197180820852,428.1455562783186,40.48825302585223,104.95235272166043
249.79102810261344,423.79278772228173,39.980029060998156,104.62736176519175
250.9661527327346,421.07098924465447,39.15248440204366,104.4111806023127
255.09307876789256,419.1496454249054,38.47146014773728,103.65963186790954
257.98544504888184,416.84135490900866,38.18825680252503,103.78351423026938
257.2084430997609,415.1991173774325,38.366419798438415,103.70572418340578
257.1580348446655,414.4071328849608,38.23667068618038,104.35614257211209
257.433634138309,416.5752111219831,37.93572371990129,105.20131058003156
259.5926964643943,418.92273028857943,37.92744451527101,105.52342312574511
257.6707396194671,419.84888345852113,38.1828143132186,106.10618157849476
254.99722634979975,418.9842257107511,38.094154741103104,106.93734996786421
254.76073293979547,417.27580243904674,38.14339005788253,106.84724947071507
252.6256274450635,413.8585204678126,38.20624077970733,107.62158792642802
250.4091306987251,413.5650889660093,38.2634975589747,107.86682661048121
251.03764012319516,412.67925652932666,38.171687288144305,108.3034270726831
254.42027853607433,405.9883700327077,38.00624156666453,108.20162710602116
259.0185425121527,407.0856724115994,37.88350511841408,107.43659957964493
255.40030351489264,406.89893452857666,37.446033871295995,107.05909091537725
253.380807021238,408.75726988300033,37.455476783074204,107.06774722145303
254.65799317687265,408.76717248465707,37.47666814100966,106.7971165534141
251.62013416212665,403.53267412442057,37.44312513458249,107.57452868678989
251.9966208755051,402.1693413713637,37.27808727472775,107.8601641674214
252.47137576912837,394.7553566854872,37.13789084435755,110.27661544225069
249.72378630346256,391.0215660348644,37.35956075011544,110.93360933733781
249.4163056453362,392.63430523623424,37.631922555221664,110.87987122810092
249.30782461841955,389.43417420016067,37.68172862799109,110.92429214042745
251.26691497446177,381.760611104069,37.597017783612955,112.02988505319188
253.30523633472453,376.58492433909686,37.52367668357083,112.1478391648012
256.3779855050741,373.2662139911105,37.886296495490164,111.71703256966683
259.5240338046465,372.53243789235876,37.78262496043226,111.32999053651832
260.23789620259146,370.7223653460688,37.32094012015831,110.9179410146879
258.5589104439314,370.60282712930484,36.9257881156737,111.66639677551296
260.28367458325806,368.9700255482404,36.61689580427486,110.40021588002465
263.1464110458726,370.34313396648764,36.498248707598165,110.19968481165763
264.152274722524,374.2130172369306,36.11839436588438,109.60771490163106
264.7195396708921,375.95255790759916,35.94715927324431,109.72877007877244
264.8352259290809,376.56828002471735,36.11002415596802,110.46464557147998
265.78314330521425,378.86963512764703,36.46226894204666,111.16566633028123
261.65352443943397,383.1329786605853,37.11649473360481,112.32290393939248
262.4474652015359,390.2407526437057,36.95932996240687,111.57157220545145
257.3476389615516,395.5960269351639,37.94911973333008,111.16480799295756
256.79636026622427,399.58830375469785,38.196781949481405,111.85444487512986
254.98118952867483,401.65520255904966,38.68486811833641,112.94128220371263
254.144021820789,399.6705590856636,38.93311532018747,115.19790788415777
255.87315640722704,400.6606124663814,39.1965077149994,116.30824926382022
260.2522451906784,402.5576423595423,39.47547099434901,115.85999917560333
260.1906637281775,401.6981481355994,40.05086085616801,117.92443754795804
258.27317317102234,399.10570903178416,40.80993640903128,119.75210750363546
260.42214639689263,400.9698633469927,41.50689495225524,120.99956267097832
260.4310459350286,398.60430605954326,42.36866361833104,123.3578642595033
262.6885156346026,390.87093077040254,43.44925568280611,126.53374989332673
265.47896352366575,390.68000281927857,44.24643455067588,127.4044276597028
261.77600154409635,395.44275735456836,45.57895658186667,128.48179811335422
261.12317345854916,398.52450888747046,46.702159388827184,129.3121357419775
261.6616110853951,397.7862518449769,47.2973828909718,130.54369235011026
260.67417831833046,393.15725895972474,48.06676904163244,133.70773976993715
254.03950879900154,393.2494226412906,49.073245874784966,135.14946121013486
254.58624792400232,390.2912696226531,49.8844146174668,135.57538123819361
256.0659803047576,391.6520349888747,50.6863312436668,135.60550727645665
253.41892566262862,394.1614681968234,51.35117760373043,138.062729861261
252.56903219405444,395.0163710414547,51.26788300935413,141.58888894708394
252.76990910784576,395.6689470718437,52.00357224741483,144.2035133259726
249.05063390662508,395.870827802216,52.432351302810304,145.98342262442912
249.287607124672,392.08423884364623,53.17294308330731,150.0599696345099
248.65006874958067,393.7355707099859,54.35190929584181,153.35550574619097
245.24870823018324,389.44827469831307,55.6603142335624,157.6223718631645
245.18391218745407,393.7177345710848,56.65828120314931,161.5645464779726
249.05433697962337,400.2190456806385,57.18633249008756,164.05635480085743
249.34392285158205,408.195978433735,57.94075804860705,167.0277803560658
248.22242802186884,410.09995911840656,58.812222420405334,168.71861211187525
247.04105601820532,415.24985412293347,60.03639599983775,169.31998425034342
248.3174404412378,421.37054815096747,60.962105347055854,170.3503542738042
248.5067445350218,429.9104532300171,61.217967562682304,169.7491799036689
249.14894467200588,434.9671355624302,61.47728193123884,169.89312419880352
245.29518277527254,431.4990344771179,62.031452510441625,172.221533515119
240.0954468778345,426.90583775002324,62.86578072011267,173.2934107110686
234.68942339343025,418.1438188546348,63.95616135286157,174.40902793910135
230.6158238078103,417.233221008759,64.52209364406605,174.49058363337062
226.31476696978908,403.1885857613443,64.6324918888951,178.31014358742857
220.74633839395517,388.8170718929468,65.25978845554094,180.57005708166992
216.96645005772604,373.99060702249983,65.24382669797602,183.60617125554728
219.307349048257,371.2225866297498,64.6736953962964,183.42447484317128
220.4814580072024,375.7940243287924,63.52154683818497,184.24884359334055
221.99211107395055,374.36777667004776,62.33132233348812,185.7124692676184
227.1831136512158,377.5245512168555,61.99522610687513,185.40603172338032
226.2724580866196,377.25945901874934,61.41629514584228,184.55833101636696
227.27550308675464,380.85096616208995,61.401854058002016,183.4969593192549
229.82929922214913,383.5991423942843,61.39240917948596,181.63697203011344
230.7083386405426,384.0402981507785,61.6262278064976,181.78164628162847
231.63462739391423,381.8215436144267,61.183103930201725,182.81225757105264
231.9796927279293,378.6114016007249,60.906960690121466,185.03741220392493
232.06428306881352,374.3406258749865,61.17207098368526,185.98303117172873
229.8573401855609,377.1802918091007,62.36089318779733,186.21245889746388
227.69657933795207,375.55885392525465,62.976544969913796,186.77765536484776
230.76189433827938,371.7601582503888,64.16381610375012,186.62757919672657
230.91977479730397,374.987195360186,65.03236860218198,187.01272788515234
236.63796863325578,381.7429553409728,65.32542066569094,189.91798458068317
240.77717352559813,394.08752249719953,66.27599476009561,193.50942888151093
238.6087867296556,410.2453530069289,66.97535961861273,193.6273806855386
241.7704961452223,409.91780397390573,67.55810352627944,192.51441329900916
239.0213125137035,407.1474387498965,67.57176867902649,193.3814152809938
244.5255036058513,411.68856925017735,67.60402446470157,192.64033889652094
240.56803690790656,403.8167855760829,67.34900356066427,193.15770327992712
233.88580831801121,402.81670513735867,67.2712753385385,192.9381726424067
224.56225333969067,404.8376880779242,67.2167499344618,193.4117387780298
220.198236448521,394.1585807589131,66.56800034582949,194.37221019095438
217.80171159041424,382.33815593462674,66.78879254327467,196.5540010779304
219.29479421775588,381.2745207482727,66.78415151764106,195.9967550207373
219.4545836450867,379.80554586470237,66.26508265224105,194.60982990994825
216.76454620454317,378.26458518013885,66.19331665579519,192.57513693733952
220.41405297590023,382.2330302194491,65.7393439112683,190.80753024876407
221.92784469970564,387.38459159843956,65.09008330339444,189.61202963738967
221.79389779148,390.70805391592796,64.42477449552473,189.31057876873973
222.37984217405614,398.9561202759844,63.39590241144752,187.244597988019
223.98210195288263,400.8216392842173,62.297606437015965,184.5388126714052
225.62659680773683,405.2600319330373,61.3410413679631,183.75167752787897
230.77002943957532,404.71117783250895,60.47165561936181,182.79811047563976
236.0874752992322,405.96086238458025,59.51892141652749,180.55908945308587
239.9830705950287,408.42770210051833,57.552314355360565,178.2244312175751
239.25929446134347,409.2584649586626,55.63867082004244,175.80844647781092
238.6049565934823,401.71902514572463,53.92486606794125,173.34920964860873
236.49766953820154,395.2733722194609,52.31788313351992,170.34777334415378
236.24399340150762,396.40914162490566,51.27350441649789,170.04034514613355
233.76579190679277,388.7913683798677,50.55288542564194,168.57075247605314
230.97610179559885,388.90467257416367,49.64635284819459,165.17741272988684
226.60172643555745,388.77651295867446,49.34391986771581,161.0128173109018
221.77070518804584,390.0498220034449,48.62275790259504,157.84838801835807
217.24447377844345,389.64842007522975,48.26639866216845,154.21862570886418
215.7663101270357,393.83473794195703,47.47234187265301,151.54655579038157
215.23444568361646,395.0054637277442,46.64064043302974,150.10332249292384
214.1969785980706,393.3138046008456,45.62351308449864,147.98313503993393
214.23761401949315,395.25169627546114,44.95667852238093,146.60404720919644
213.2191913106082,394.30382539780504,44.465966090266775,143.54293080639704
213.20087360363038,393.1102740751679,44.169134974376206,141.4824798170277
213.80296449049186,390.1573596042947,43.59695138199636,138.6533319902806
214.62300438407414,387.3442995485565,42.972013558790565,135.751240508129
214.94928870507687,387.3361604669018,42.4407859515551,133.94145921079848
216.25179628189224,388.90626170238295,41.55730111618453,135.52819164965672
216.47444417755656,390.67162260566727,41.51340776850327,134.4246746904239
216.2641814073802,389.51777044052045,40.923063448206875,133.59918218996805
218.00488645704718,385.8495844302974,40.37890205569053,134.50775260137482
218.61378143832454,390.1382397513221,40.104334019825004,132.588677032415
220.7745620757069,389.15150146878665,39.862846101688675,131.84346963943233
223.82780429621363,390.7729510427654,39.86262196035785,133.0114591633499
224.6889731985569,391.9262638769994,39.44965777284351,134.15650414154922
225.66546134930786,392.36381861922735,39.81461360024785,133.97910135646478
231.4779401941799,388.59486352242163,40.42266334153406,131.68772402108442
231.92425867050238,397.39113224145865,40.144812596565046,132.82058369299585
239.72915887291785,392.99548174492816,40.26503748317697,131.4236856427828
240.99057433245176,402.4622671220439,39.754763355414696,132.6191107839371
242.2963866954681,401.8190198054417,39.350878936236256,132.39099596107914
244.1042337131057,401.7282414292023,39.05981706877719,132.27127659599483
245.1274905871365,407.53253397878075,38.30910865576051,132.80098953150588
246.96549479228037,406.4081878408123,37.93018076228794,131.55099215595357
248.8205867707929,406.8795998214532,37.53687488563096,130.69334484138105
248.0588461611713,412.3541447804729,36.96093889524888,132.50385556268503
247.9157339686965,413.40131934780123,36.469274207303435,134.62456427791233
249.10578161454157,416.722625966811,36.05193197309316,135.4447267471377
250.03815842928324,419.16846792619816,35.65320560343645,136.87570089034452
250.8855496232974,417.55766835054936,35.82593246128062,137.6676108727121
251.47112314812742,422.2573550703633,35.719812052512616,138.4790814730012
252.09939981509694,420.95891932506635,35.37983701142024,140.13922949290722
251.35808176770047,416.55369562908476,35.84301183206617,138.049740208845
250.77055665952895,421.66839674355384,36.098079615090114,136.45069667589078
249.6156646773883,426.9841733578503,36.10101290760322,136.26729503573776
250.30587909153977,425.4381658898144,36.36533383992802,136.424606860161
250.97796812952188,422.82770332909257,35.98177276978886,137.06522545160593
250.84874376383084,416.4043481854717,36.20473594295911,135.43429081849857
251.3315869346504,414.1973380992389,36.2533742663896,133.8510275322544
251.79029656989132,408.00837617887714,35.95463118151567,135.8344916485516
250.71063098338797,406.3338652773349,35.689377012115116,137.66907756429939
252.38348145365873,404.2369194735562,35.662876348902124,136.10739542231448
252.78011629476399,403.4328553866304,36.013327889569084,134.50738989865638
253.32002371525797,404.9063818402084,36.07004320948506,134.64318434829676
254.90353148566942,403.9892162535986,36.161937370963216,135.00877660798017
256.4374296233244,405.65441100027533,36.39765509940684,136.15202946386987
258.13219640275224,404.16141114634837,36.69634037256717,136.03744275738669
259.11867543693575,404.3854711176481,36.721501539238915,136.95177472575983
259.8610594873924,401.00421003404944,36.69834733183453,138.48636443980158
261.3244150800323,400.957371135589,36.83875002289754,138.20371528831805
262.1773877113207,402.8113275968306,36.70978058276944,139.28503700404906
261.8196406002352,400.55939368076395,36.96205975185901,137.68413226843333
261.8036694736893,400.9722613552551,37.18376119980164,135.26349011250522
261.8610428755931,405.13871616156484,37.065816565823624,133.87018859696212
262.2763344658276,405.4634811885709,36.800976593286194,133.30481847598068
261.37188562575597,408.18245121222657,37.11446490396076,130.97937623521844
259.25574179622873,414.4446039499963,36.81135980178471,130.77274062814817
258.38369358926565,417.9107483423915,36.987520629735236,129.62312949380942
255.45382519201982,424.4341819389991,36.97623996817223,128.9604528599815
248.38955738220102,429.9154229789499,37.271845022929504,128.70449276799494
241.20485275323,432.8245034747084,37.46459183580316,128.36756394276813
237.86785925953163,433.26200438022124,37.383267810931855,127.38128698782111
234.45995680295354,438.3817982383615,37.10169876168566,125.94140096221443
231.850330061777,441.8212619855697,36.48418600105784,124.29683893105486
228.41523005788247,443.00623958280823,36.0869542728544,123.1941423806818
229.26329286789172,444.28302186466885,35.852599187351274,122.23173751830785
227.58506225445132,444.84962902735407,35.65574310580618,122.17317419582136
226.25260505581497,445.43304137751466,35.68332983202786,121.78423767432565
225.98652140579503,445.99311467478327,35.62230616403109,121.00938224728598
226.83512093097136,446.79656313214184,35.521814100105736,121.78257294662828
227.89631704978427,446.0570663352826,35.67664568793464,123.02098447655261
228.28123333121474,447.18862780720525,35.66755567020158,123.87196079685225
228.12482473540604,446.29299246926615,35.835954473213846,124.22729692912081
227.07678253054155,447.18153095628696,36.1413512026984,124.5391918083354
227.87977643480886,450.45434212728065,36.27000673427454,123.56031093287027
230.02163903942105,449.4711348300715,36.269785057459856,123.321635242941
231.96976082812168,447.78112387463426,36.35091341113461,123.55665955707477
232.87024752754172,449.00365599519654,36.31347765763452,124.66708080293449
234.980571897467,449.2312912308322,36.157667804044934,125.30273972066315
235.3094414406677,447.2373345842707,36.077983384162664,127.0066249605025
236.3512327134376,447.76489249710903,36.20344148040755,126.88709958082114
235.5662563186562,449.21817947836985,36.72287051203581,126.64829505036732
234.57454354761217,449.4708978997197,37.34928986191656,126.79520285173724
235.72002365246584,449.713361745455,37.598427365679655,127.36697538991146
234.74119489332625,450.6702030475859,37.98197687938879,128.59207790947465
235.64328257394428,448.2428524258171,38.11344781370027,129.31606044497406
236.11105431753415,452.46296010710057,38.26936431606822,129.01014912903793
236.11251918480076,448.55031587860844,38.26300225528337,127.83494739742356
239.5222542050002,451.99261117732055,38.13948606086231,127.3110755271112
241.34192268981855,454.07680415742556,38.16816147182554,128.39533029108327
242.76318597643217,454.7387245760379,38.339380206520694,129.71674311215327
243.35527053900478,453.4775028239196,38.59204708563264,130.6092747168231
237.97361447555923,451.7778518575918,39.5951205650628,129.21537234192266
232.4119760849492,450.61502784556876,39.74622937753289,127.94535109640698
229.49838254510766,449.1051506316732,39.53889821533365,127.39186524404674
234.03706204675112,445.48110109213735,40.7380914123641,127.41786072738476
243.8013716519821,440.90522886063695,40.99550583227323,127.50543435298317
246.4008160132114,435.8275654355523,40.441345293561,125.84895166335767
244.78212517314623,437.78981252405936,40.02320152775319,125.66310208625808
245.22932450347832,442.12945798333465,39.909269185219486,126.13013437174803
246.2546370773787,447.06460428493676,39.84103539484062,126.38312992314579
245.7093197928074,447.9300673911618,39.77051521697395,127.32883134665153
243.83690677077922,448.4206255992425,39.83956382572757,127.4604986009156
243.06709919313542,449.5943113987254,39.79886827869126,129.3948214141812
242.72521445459822,443.7506447691659,39.72089045514082,132.37514535780957
245.93449294180735,439.82664793849494,39.92334140003406,134.0751931382615
248.44129301291773,439.1234282252995,39.848728989746895,133.11457857905668
251.81760089038295,437.44459658334847,39.81071475154009,133.7232427441538
253.33571887129074,431.9829166683889,39.85133373395366,133.32582944937818
255.78784171039712,430.5788478461759,39.714918427597595,132.83419888434668
257.4906373013768,428.29304331997173,39.74950683204868,131.6163010245237
260.93652000051964,426.27319350407447,39.908989507340934,130.2804060403819
262.21665720260626,427.2329063197178,39.99812415887749,129.35328485340824
262.0732612969663,428.16178324606716,40.35141480107202,129.80718962154393
261.9454252707414,427.86885049055263,40.39194423093172,131.31514047736437
260.7419035362329,422.73265547405765,40.511201216184055,133.28663005106483
263.15876388811034,423.89197919906735,40.64059000568478,133.676477741121
265.04278455948275,422.98004900264414,40.887426459113044,131.2368779746657
267.6351084371113,424.4549462474574,41.05597866265725,130.7699957870564
265.8682566313705,425.07114338550184,41.28120153454529,128.1139740152019
264.26792756976937,427.96362823261325,41.09811494110333,132.0234651898145
263.30993972286905,432.20328997981244,41.094425894341505,133.06185810319204
262.7777744695551,434.2369071671877,41.010574962523336,134.07364184443875
259.4868942539386,431.17890575629576,40.896843126147736,133.5057323890009
256.5443465196094,433.3399139427479,41.2043495597719,134.2727934887834
251.1282254995786,429.3285778198939,41.78081805552196,134.31775691796315
246.12634053366878,425.4771056814261,42.101086743750336,133.65175035108768
243.90231713209616,426.3248009449883,42.33927417571029,132.12502702119087
239.75074479875698,425.75992377079257,42.955502014233105,131.63583028735263
237.6422901185852,425.76862198353774,42.82631581259544,133.51698520673378
237.07083023514303,422.53953106389406,42.581465880383135,136.60321999592657
238.5834595525419,425.1964165615069,42.353521412608096,136.28416230712784
237.76187357235457,426.52792273945,42.35458028342127,136.36357348563502
239.51445676212643,425.59594209147997,42.22527173392517,138.9249598489999
240.2254284060764,423.86692117272173,42.21974759447042,139.6420143856435
243.00162080581563,425.59342375246115,42.33263073932785,142.1018000014637
246.0312281309169,421.3686669124321,42.4832096567828,142.89098052493608
247.37049032315682,421.82314354592984,42.605967201319054,142.70340767051925
247.15743637886368,424.7670106507616,43.08403634795913,142.10645495881099
247.50562128041116,425.82227410317,43.196446440169794,141.71922946466927
245.13777436585121,425.73672399069096,43.246030249605866,141.7103466101939
243.92071802007723,426.61534409345785,43.634450258887554,140.42952290308278
242.9256465511926,430.0625463183465,43.906925974633786,139.91391693810775
242.67745593479785,434.0261613527743,44.51150620033134,141.20468442021647
242.8694114080881,437.0914831631136,45.08390266494465,142.11625853101376
241.59227979777,437.07274174061297,45.47002165950663,141.26377095422393
238.52150720196596,442.23376453913585,45.72774679419945,141.676654441956
237.73285148365926,448.02792311243786,45.8408096927956,141.42487084179976
238.14179981666538,450.17782331391714,46.221669602367754,141.01403294608903
240.90608714303121,452.0950517563268,46.04602597228012,141.46468748857677
239.40776126302,454.3565114991163,46.06776485045134,141.92026264716293
239.93646583574838,454.55052607579586,46.215466254921346,142.65252758788947
239.67224041883372,451.7307273795425,46.314448248390036,142.41910719246286
240.41891814889877,454.02666338961126,46.57460481313939,141.04342980199456
241.60122292345164,449.12582904217385,47.28740739248214,140.12118435044601
244.51200345864618,453.56629919805357,47.06411721518999,138.1962677317713
243.79482696669706,455.80144114632253,46.822806489447714,137.1289427051674
243.6648473712888,458.348631726838,46.52875320286631,136.180152326302
243.14457199284507,460.36360142920046,46.13838657751346,136.3762375492626
244.39671267584487,462.31106484191616,45.41760051848258,136.36468136172488
245.35717714008447,465.8868564037114,44.97163465896547,135.13981408896447
246.11986419237888,469.89719450950463,44.33118836361504,135.47632133379898
245.4449773165214,473.82587541678095,44.16213753799851,135.71351442036942
245.11329430754313,475.9070725692529,43.78991684121046,134.97990853896377
246.27018584199712,479.6472901040822,43.726773926187356,134.6012944150449
246.85104955615842,485.4278472676723,43.524072834534685,136.5906876333359
246.45461592179132,486.17030090240644,43.87317669818428,137.80307483751568
247.38839722409125,488.3427377492603,43.97968988780438,136.78531334168377
247.07855697760357,489.5966457468222,44.27844904913567,135.7384166075388
245.6257441823367,492.774802796573,44.4452877038632,134.9787173456836
245.7588110910592,494.2765087629525,44.482192185501916,135.66833743921552
245.13391819377583,493.7552258917949,44.754652361801575,135.73825581262287
241.23656828682797,491.98396358283065,45.9690647191848,135.82534491610122
237.81988856240264,493.88009911048334,47.15836737100788,136.00467916169913
234.14483401620282,493.6617427831939,48.53835603341486,136.61489511086518
233.21334105233757,489.2165061720325,49.68999163937565,137.70360384496786
232.2341111125042,486.67915026514936,50.566882801085825,138.23935520188593
233.63221522473216,485.0085584950698,51.66893183218413,138.74369858930459
236.67098984549165,482.573641640391,52.028993216885866,141.22483467445568
237.73276342819042,482.4331370287026,52.817897080312164,143.198385854734
240.3469181832134,480.50728599644873,53.241824985579925,144.86700557709392
240.48302176114882,481.53607585571376,53.928750918297816,144.7782390394873
241.42097991238256,480.7766439534182,54.70910726559531,142.93597737487067
238.65074101147738,484.0275248239103,55.433373366966215,142.4431882786924
239.71761217674424,485.1755519170182,56.57086030355285,139.5520388752486
238.61241645808767,487.5019506321193,56.81165022891074,138.11495756862735
239.09092569593386,487.6950680690244,57.16037640119811,135.80217421382963
236.27571964535107,491.4150975180406,57.215578884748915,134.4238347333692
238.80990603236185,494.5331001163346,57.10092811084945,134.73173574863426
238.1884486660506,498.3154897998787,55.76254568427704,137.3930410907135
237.4046549375818,497.39124698651966,55.184202612573856,139.91677462507016
240.34096203185828,495.506191978766,54.433167594247934,140.00219750297364
239.6770113291933,497.48894661159954,54.299395143796374,139.79712024223517
239.7478315780979,500.2975461878028,53.478764579935685,139.36703056019604
240.1037835046237,502.41755057805017,53.27426892857858,138.61686085669731
240.83879496661194,503.3588073312455,52.455927427789355,139.07841850013267
238.9416916275396,505.7511472836485,51.55953514124284,137.09416793950388
238.8136412375554,505.84568068611895,50.50404310390474,135.0852305433993
239.95444664109837,507.4807676792725,49.454754512852745,134.38225435677492
241.63085481030262,508.1821656585607,48.82217614479638,133.62653417048395
242.07827966175844,510.09917112672827,48.69179231035781,133.5922783305844
241.2186485544002,510.7987348574697,49.26060906380111,134.1539702326955
241.2498104625176,508.2525071790889,49.815367187740414,135.21155210389188
242.660555437208,507.231103372545,50.19886261853236,136.49686580380597
243.80667080718817,503.54334748961185,50.055386475282226,135.55886095285115
243.13809151292674,505.84318143142093,50.21692355425305,135.00877221275704
244.12273129692406,506.4771016163016,50.081255116972855,134.32594493455994
242.39078617241293,506.7720088083078,50.31511220673911,132.34624584023558
241.03518269689621,508.3225955929497,50.47087587087679,131.6133910671096
243.47068988613415,505.10898549472677,50.739458431487826,132.85510015134244
243.01978236781935,505.43756750762236,50.87420883713217,134.10420078829384
241.8758930237988,501.2727325835042,50.96050522918331,136.35030301720644
237.36876808334006,495.6428648317137,51.640454115227705,138.51143336484256
242.8801004223216,491.198507575636,51.38117520996975,140.19435688044658
238.75087582992506,485.44621835525015,51.82174233375816,142.39935474718257
240.67067198214218,479.31101617145856,51.513596963070235,144.35542233803233
239.93323811486547,473.1793813473607,51.50490997674507,144.35614258589854
240.3628734292109,473.33657396085414,51.278038072610194,144.65760864198495
239.1510636513567,473.38021585117474,51.14477024008921,145.9097926252445
242.09680831226135,472.2865278333029,50.76579932419425,146.7280570038456
245.74060440002006,468.6940132355678,50.60409263527958,146.62766101315862
247.9827046628373,468.45561075449024,50.24395035625764,146.75566987588934
251.82930510456822,470.6989025296741,50.29856651228553,146.30018612181675
254.34174240147277,473.4790770638642,50.34671428404655,148.5384777814333
256.8954880434138,474.51606660128203,50.29025935804405,149.9500958402342
258.4378636883667,473.72721280936355,49.84797342115043,151.64471063322915
261.38148083569735,472.777727279976,49.864797106072864,154.11978812110434
262.2696415145127,474.39196717990296,49.61183886184539,155.1244402067789
261.6747692142733,468.6861564538212,49.62485688265817,154.61691321381304
263.84553013740225,470.5222871848474,50.27634746468391,153.15437665486735
264.9828374417383,467.532447258393,50.07611253855274,152.63317626638207
266.75273691385524,466.8646403038457,50.558299602009235,150.28079164222777
266.3517633854521,470.7908430245646,50.721018851293735,149.08442686927754
267.21265299441484,470.601903283801,51.03358025340907,148.37330839071404
266.74406601671706,471.02572096822814,51.40763008856926,146.57393806178067
266.4915774177744,472.4146863350158,51.92426269627495,143.14374946849838
266.2020088801176,475.4448895779254,52.205973845856875,140.12585945263467
266.42187396418524,479.77429697234385,52.317961257086424,137.1215899709572
265.35566723552984,484.3873524676705,52.24778925564172,134.80158640599356
264.8650922838398,486.4527401774403,52.291620297537285,132.11360280602634
261.25176896427945,485.34211514540436,52.665080329297105,130.0437175589716
263.0165349289246,484.04832121381156,52.82876973064952,127.01888295587915
259.36671777615703,486.80886661146144,53.27886046471246,123.99072471863904
260.14637602559014,485.21397600677733,53.549846800357074,121.38859623333559
257.36230917750663,481.3078675852431,54.380697743533354,118.26400353660911
255.50313465515262,481.1181229711013,55.299095234896654,114.61862570709255
256.78301257843754,477.59714974192457,55.98301318974889,111.9400244893595
258.14156879130957,476.68404876341896,57.01633683158607,108.36682811949693
255.49224244649713,475.06496257973146,57.56960625857665,105.80737637569646
256.61642149947005,473.538898578877,58.64840803422262,102.85775963024338
254.01490964289786,477.54529632770135,58.687523742606245,102.26672659902547
252.71758277110857,479.201760245185,58.82806686377881,101.90506624490835
247.2768405532816,481.0764590613676,58.823673690179845,101.66105830294242
246.58474914948584,482.6863316513667,58.82319983006198,101.64379081650188
243.259755259612,487.6364417587268,58.91067902674079,101.34677246793159
