198.5,249.5,95,325
195.4774201916026,249.19437270451164,96.4587989238169,325.4812024416809
194.71005605930122,249.55434682844594,97.14655126583511,325.46920377257436
194.03889541803397,249.31915165158182,97.86896224859161,326.3216092055625
194.12394802062096,251.39678122592576,98.64837918105957,327.0573512813924
196.09616319632684,251.47754064660418,99.50924238967589,327.96119739689135
195.9080871538332,252.67935343993406,99.81114740500631,330.0657529053549
199.59945140060518,252.93452476653255,100.69562987185054,331.36086152607606
201.09657669262737,254.15667896073074,100.95318960007725,333.4800964573818
202.6582011194281,254.49981788953616,101.5384120446936,336.70067823607775
203.75550686489296,252.81550372608984,102.55029822298383,338.3844358430607
206.49785008816474,249.96423648495988,103.83718007478015,341.0292301138338
209.27763592046048,253.62033604681807,104.32321311599918,340.458885657781
210.29654454322832,255.4618629497728,104.80145526911464,343.38424745550924
211.77685808304977,257.86361136794267,105.70413471184112,344.05736509441977
211.89926353386164,261.2669354710312,106.70378725397347,345.72454711132616
212.14943021178067,258.40629678981156,106.45519119471666,347.14342102375326
218.86314653673475,252.98879538057852,107.03555864704245,348.32270980718516
221.43837466462753,243.6991409859964,107.4625378847261,350.87682633560723
220.73518688744102,240.0289706936419,107.6603170903366,350.0494280058265
216.0876144971779,233.72034360170858,107.94089831037701,351.60164923070874
208.36146570201777,223.1306070101784,108.07793596722556,353.2478925858882
207.428555815909,219.78122945825265,107.78151213478311,353.38707737723973
206.81991092374722,219.28129367333642,107.04719028103747,350.30181491768377
201.3588320866625,221.80367803499533,107.06276416919621,348.88607761412
199.59412014378404,219.1533441933732,108.30017059508371,352.43794907277015
201.03883433282044,212.59757393082086,109.63054078192181,356.50122223337286
202.01696039560557,208.06632605369668,110.71608271801233,358.31603350886144
203.1109161514095,207.51473872357113,112.01812019436528,360.74618649495636
207.15752199148977,213.1335865405593,113.32556998271062,364.6252339487486
208.93764448124196,225.51725425740293,113.56365984016605,368.15232829411406
206.99922150086775,230.46012962676141,113.36627799100847,367.8991249339371
204.3301085444774,233.16290764072318,113.39216888944586,367.99632931632243
206.23492484908294,232.73189585975234,113.88417011507369,368.3060994531428
206.91197135643023,237.0026189367421,114.7884422546455,369.30714902670235
207.7617479594412,237.88544541106478,114.43517522625868,369.5384666123816
206.3663983028234,240.15501703075674,114.59107887375336,369.72897387043423
202.18990918070745,237.3257816131357,115.55007613806583,372.81947872133185
199.39651342299948,228.57587774028346,116.5081044546292,375.0150986923781
199.35365049188778,220.82127760300622,116.66472447622928,376.6343730102065
198.5205223316365,219.29488203773536,117.11820055953393,375.0220092068188
198.428463512154,208.20090775798087,117.16980436247272,377.6626326320504
196.93519462201502,200.56243118924863,118.50306665294356,381.3488770369099
195.85157209211724,191.4917036568648,119.28936507653918,378.62986609825964
199.11147280464624,184.7427676406143,120.32440516988328,375.97052873439833
204.95226595749045,191.34732537154179,120.79119056066702,372.71757381789246
212.34628228672244,190.81828446986322,120.7512505535702,368.95454298849813
213.84365012972503,180.94588388900306,120.70864160897433,366.94085644880244
217.40626974572152,188.1694020265355,121.76109288296281,365.5579910111399
225.7245314993416,195.4250161955988,122.06330724498534,365.41517945920714
228.4115514115127,201.55406144023578,121.90694262968854,361.7940842854849
227.8402396608089,202.9374234838494,122.43315998838456,359.33779966568784
223.0461200148165,201.0410391236448,122.80299832516911,356.3686469803048
224.44302249097532,197.20408144050757,123.95201034558403,357.33595643532436
232.11597750624625,197.89020939160633,124.66216492075506,356.594376981472
235.682840247907,198.24516681802285,123.91682330279005,352.24068404293035
233.0913338274092,201.7875743129796,123.55726746016137,349.239097164284
233.36920231438398,204.4003064795605,123.27451901422504,349.9298658938663
231.19976929035926,208.12958912183748,123.04396186357448,350.3143091275313
215.48913679972588,206.5178264522505,124.57811708837156,350.18320471168516
199.5852060087372,180.70840888937448,126.37488362335182,355.7752492185407
187.45743170745783,162.97998275828408,126.84782228633534,358.30021290039923
179.7793836652075,145.2105843274886,125.12511435472278,360.30597829836717
172.89468443162446,138.93320224442704,124.16932456657881,358.4164666084722
174.21485766362798,138.11525968919398,122.78545498169157,359.89758809486625
175.61187218010775,149.00080572158663,121.10296650468604,363.8345820438749
179.19763281804234,152.51938043326697,119.80232201790992,359.48738713978605
177.83462038738458,158.24574941815126,118.91910467837394,357.20233753976845
184.44120552509568,164.9031595227779,117.7587937092872,354.39326512562013
192.55760661869633,166.0199161758937,117.54952820421482,352.847082601802
197.40309664110737,175.77577475133197,117.70063781240785,350.4105550413796
204.94481356961757,175.5692511217371,117.43991017792169,347.89222179023915
210.96317157852747,172.78334446290728,116.44042274439144,344.4550505421639
213.80409778421676,180.35238087955,114.56171359587594,346.6099254780435
217.44024599355788,201.22411293400714,114.41766539191542,350.0140710798226
217.63967043318897,206.45709434850886,113.21440587622823,346.6072784969434
216.67518834282285,210.8055087411583,112.24217095455873,345.02668019946805
215.40672984657147,209.21172032539073,112.22326175992774,344.54867985777014
214.37413954879375,200.9279163763709,111.41766999372778,346.49367289527515
213.125922965748,190.27063787862556,111.03586162081781,347.55404135316815
213.14661265177085,181.15409846412865,110.32635876511424,346.298236209994
214.72355880488846,177.62125249395413,108.61283272703702,342.09557182710085
216.29661710627147,173.23624006805824,107.09375066921578,338.4121331245103
220.77269735432034,170.3809412008851,105.98276954399812,334.80451358132973
222.68558692937893,173.49747980581733,104.95579563069738,332.0074174066978
230.08217976129635,179.90891663340852,104.41068926678929,328.82294859770684
238.38733930710566,190.91249864779758,104.20960708312965,328.58539211287405
249.84525094361393,201.87912861639927,104.18753876921954,326.10262884925464
264.90733752793847,212.22306856573417,104.47278370664964,324.73799113808485
277.59744834299414,215.2168504459022,104.66131818005381,324.71798909955055
296.2190692028172,217.72040101798228,103.83147520308349,326.14873747702734
314.3178295695882,217.61961460535866,103.51192993340872,327.00156894971644
326.75250854652586,217.76743872447614,103.29579692460177,328.5587520751595
339.69442735496193,217.1504413275626,104.08194793993172,331.6331206234879
351.96861566445403,208.74776166244783,106.46714790480988,337.1625075873844
357.4698051454486,199.4517421731348,106.55191760920252,344.2797321510325
355.94624271827763,180.3523022892567,107.60043971562726,348.4372033799703
353.91396493760135,168.05992324056652,107.85794194941943,350.70035198028035
358.6987330942528,165.01829680096452,107.9004089625326,346.2007620326411
356.78238807314176,160.64916166293358,108.32551457596736,344.26236604893734
362.4065466688403,165.8789934926269,107.86604149315185,345.5759138687377
366.6908663996679,165.51490089369568,109.30316794641362,343.56426499639446
364.1012757673708,160.6151944018519,110.09359818103964,346.45220232166525
362.5391986636665,160.1344595268861,110.64423435065211,344.7657383500545
365.54648210666915,164.24704400350015,111.87682503834687,347.16423520645776
371.62880913463215,167.74855657901878,110.5169719696645,347.18757199771176
374.1426863292793,176.77103575011256,109.40561920504985,348.50797773023123
375.81621630368466,182.30238990856236,107.3457963043882,349.1807468608414
380.35569409597446,189.89210921432036,105.05916764699359,351.8871553410002
383.60873702358475,199.99221837702726,102.15812401093504,355.5184609108501
384.9000001679759,201.9964307098257,100.10674210272218,359.0196216258074
384.7565625784608,195.4249895896669,99.4907860849675,361.1002003230342
381.8427327455981,200.1742301923859,100.296585151175,364.04494783921484
378.15496906678777,196.0147718388682,102.0073471508244,368.49804485363853
374.1361192918843,201.6739061014603,104.88400639454005,372.8903867181638
370.7967936225136,201.41470762478974,107.58241643460603,375.476799723751
364.9914230095096,184.80521400468854,109.87673329080195,382.4413676371712
362.6255413224761,163.77581153519554,111.6474034775367,380.4188966362158
356.063221903092,159.34236852279054,113.9337788046472,375.57659706074503
350.42803959263193,164.8328707547935,115.62424173031596,372.12481365463094
344.27579217481235,173.34630907579157,117.38595378244676,371.9215606698614
337.6327348108278,184.40317623755246,118.86862460172449,371.8588536443132
332.470292250868,196.9382519424039,118.5978361605479,370.5030329078281
323.5904390576776,202.12632802016964,118.48660710686528,370.0509558789446
317.4381923347739,206.23344387979608,118.63325505554134,369.1755903935174
312.47988013502857,212.14581363883474,118.7672981256863,370.1712644649176
309.2718426095191,222.33597457490987,118.55152865613627,365.76987592711794
303.6432102940709,229.95279563530562,118.04591200804104,360.74512662859206
300.27988470619886,238.9083318853864,117.4471223001486,358.95976366212193
298.8418741262283,248.71552088737317,117.22491142922121,356.9402018660341
298.1698443626104,251.551403036981,117.27025011981763,356.34198254591394
293.87863737709245,251.58410556144366,116.20610342190815,355.5001294259856
295.0441581409196,246.18948831058165,115.20261731226842,358.73098475443084
298.21274659524863,238.73220885730967,113.4719133726656,360.41628703103095
297.88417670157327,232.35824450642562,112.85920219070171,366.11364333747434
294.0343414004016,225.61595009255055,113.21207341941829,368.5902680310082
296.9838284063554,218.71752619847325,113.2826729052829,373.04572044105
292.5575476203306,199.15127836284563,113.57421171884872,381.60477746789604
292.2250754914967,193.23175929299782,113.59525731061146,381.71308936552623
287.73148761035065,192.20322134261173,113.50382074532786,377.2287972586385
286.5059262768743,185.78586821843675,112.7095882830387,374.61910367330927
286.2535951474004,187.52693137482902,112.08509967452427,367.22536175040204
291.2457080110783,178.4156861134778,110.4648084640752,366.78299631607325
295.06308826566817,183.4826799244048,108.32868038592574,363.91061300330125
301.48029652713865,190.40567415001686,105.76614878119763,362.5772368949116
302.7296540627679,198.12326628900777,102.84352231725042,363.2988843582628
304.89920410148676,202.96318974628332,100.10720985368141,361.6651847902083
307.7413435512019,208.03263610606456,98.63954806164251,362.9146711676307
312.5074344511026,205.32912213723174,97.59964149987822,363.4061388597824
313.95749687120366,205.14256044818856,97.15487564176225,362.3673009208064
316.9767216536767,211.68407026717836,96.67667492859232,360.5347829155172
320.6829671506293,217.24888638732742,96.31037753438808,357.98204162065366
318.8016883306527,218.4646172603327,96.41775376641269,356.86833783877734
319.82917164448315,216.26499695690288,96.82364405327218,354.66805490132543
314.3972123577935,217.35834988519156,96.45160452728625,350.7134410676439
313.84274678941847,212.44515023088462,95.39212011761899,345.3894974349736
310.9504281098203,208.4894144382339,93.89788784790912,342.6383685030021
311.29721657046025,202.72477893985638,92.45382502956497,338.5238053856824
306.7835129006189,198.76168950954033,90.99552413255337,334.5096890268931
307.35693096048976,195.66791086978233,89.64554915473175,326.3036048345463
308.08531620283566,194.2123860682799,88.37760073086338,320.5396990695092
308.8967544339542,194.88970384303215,87.81341851205737,316.28500191264385
307.5988454320924,195.7093945908227,87.01982029797699,312.5923720116062
305.0699035719722,195.345441608271,85.25163227902067,307.5010898587287
302.94221860717516,195.60439012141757,83.89681801595725,302.5306552958144
304.5032126939433,196.78689590274683,83.54152796444559,302.0247083121659
302.12482822150423,199.37355853826006,82.56461618422594,301.4159506070574
304.59600323804216,204.94338806872312,82.24730763598293,299.4985138743173
305.08154615826044,215.51321612341815,82.86385397480662,300.68432582828177
303.3496544109173,223.06332971190136,83.3675940391645,299.6847389482514
300.49588200729227,228.85123281897157,84.94556740857884,295.68604731617273
300.7438771608722,233.8485217776016,85.1568723999953,291.2475335277884
300.0518431887074,237.2330243915987,85.93180930613606,285.99422816322806
300.0184237705056,240.8984656117559,87.59463701220668,281.5240603969096
302.7180499503153,246.99647205287644,88.28107801196234,278.5364301211749
306.0641092600117,250.28239864068223,88.65294235613149,274.2493712761602
308.8263740472261,250.75878720170016,88.67551857088726,271.26262570548545
312.3577344954185,250.6477827214144,89.66195481714163,267.9964180274919
315.96501759992606,250.9576466528428,89.74949212756619,264.5379414711689
318.86588221953554,250.9071880384837,89.04304067460217,262.6078292370728
320.5557559227752,246.59947835843724,87.64857783500217,262.8623801431862
323.38420027059874,241.38999460623117,86.90278618906812,263.4305309209138
323.3722458558012,231.75949501239143,86.10981836880661,263.0984438659175
326.7513309355734,230.84774603422952,84.32770192401449,262.0212453062043
327.6756549242267,227.99413648324193,82.4689509435859,259.85168723609087
331.2293860219131,228.96970073970138,81.0763506180251,259.1321096551025
335.44228940363,225.95701034847554,79.33834426200097,259.74948281578907
338.22910962754327,224.02332182002272,77.71087390580357,261.83284755503723
340.16374760528606,224.01883796055242,76.78284088359126,262.96904639504106
342.30686372822487,226.25280211463692,76.30290975465695,260.1877573958015
343.2991469751013,234.15335753686463,75.92047891916835,257.5486252729647
344.31014856705093,240.11549536865272,75.30022165068189,255.83527280427379
345.4054077132638,244.6023987820841,74.27402311190303,253.76820664284688
344.0033011119864,248.24190727840124,73.52731344382192,252.58630659738662
342.07904383098526,250.47027105848323,72.67833397582531,253.0479030309055
338.9854046540534,255.37351111485384,72.2494681493912,253.76093890937523
337.6641801782763,256.43572350190425,72.01378857235044,253.4798103055091
334.1217420637819,258.5961130746475,72.09497026703747,251.86431265607047
331.8070959079365,259.31693504896356,71.63068567061663,250.76110191351984
327.0084651344077,262.9282618186638,71.74869249507917,248.75825838312198
322.0451859886827,260.0153797465729,71.52440049050855,246.40106773909585
317.6294111939251,268.9616907092985,70.89096995459664,248.39396674870312
313.6593859887871,266.06932686042126,70.974368581883,252.8661485508813
311.77646547682224,253.20890283083978,70.9548616672752,254.05419212090845
310.943870841864,255.3109754635274,70.74528053428332,256.2027032199741
307.8009723379529,242.93831785689548,70.35567347029767,256.07631433167546
304.30045452679076,238.4473755448977,70.17676314688217,254.12852480711143
302.2023044095209,242.6170494441419,69.75573950599475,252.15946585749995
301.9830524189894,240.15927747179447,70.71334796780106,250.74832151255254
309.60551910416814,241.02462923958635,70.2030995415964,249.3570484283619
309.7020509007025,234.92629877371743,71.04727824188564,244.090032907463
316.21494252163194,240.66695925423096,71.32862009157945,238.40843032641033
323.68131850159455,244.24568087507055,70.47901136590716,233.83975699745088
323.8579197424931,248.3701791790458,70.93791853329144,233.77238957040854
325.24761200477576,246.22269071021688,72.88344951318166,229.76248255115723
329.3595881591581,249.5353048537862,72.79393858014942,227.73229744639167
333.3414256376797,254.3820286060198,72.90353537450997,224.59705888433783
337.7328411054934,261.9623648695458,74.08853032847006,223.7937491044782
335.1079554108608,266.5816117972998,74.33591324040971,227.79080803675095
333.92540940748233,270.0826773938457,76.91116361015139,229.64299832345645
335.8043356181801,272.1816489759447,76.8351864176376,231.3394648157831
336.5342394191121,271.40959871267955,77.52619239533297,232.982673367745
339.9782817565074,271.9175480774646,77.99935239903965,232.75711619424723
340.9890286064603,270.76741755481953,76.8952312238722,235.89381172306543
340.3261705030309,267.81084005063474,75.73865644753099,241.6751730238259
341.2556638348176,253.1155863155247,74.8331606372672,243.5868406197784
343.3117641664239,248.18483805418947,74.27653558326168,241.91677910564465
346.91366849697454,244.2720721139633,74.50057478440408,242.2915587277962
353.6804805222913,245.3962335894958,74.0429080320493,244.8377141931741
357.8684812670077,244.28732481651846,73.71427554591237,248.8250317562949
359.8436349027021,224.447991400604,73.74131278746314,250.03647065233278
361.7554174375364,224.23223974058206,73.664136868414,251.00355991226087
366.25279693447544,222.1023529971114,74.18179662148414,249.21189077606374
370.74423968020585,221.32479699210785,74.05337566096816,247.92659279194552
372.2504178761058,232.00132081549106,74.08527643316977,248.05684821524747
373.4886293402206,230.71947297328217,74.26154081611266,247.3371128465036
374.51316532585867,235.2168012048245,74.23931549209904,246.35513929815286
375.6573280528129,235.80505692531239,74.08183248547147,246.11692232748726
364.4320191676575,236.51273209925597,73.85298782292104,247.19701508529772
368.1146724259546,233.3372082961257,73.91560689302713,251.19376076208437
368.1336478645476,245.18264387935568,74.08448231527021,253.650545082685
367.3412377599353,246.4867952970768,73.92299121754124,252.70866771378016
356.1682447054476,260.3638090604524,73.82486454880676,253.38253287196548
357.34135735847,252.46870409911654,73.97495090734324,257.55360693800884
355.0330539906306,245.11258808142335,74.11276688298179,257.0963252710026
345.07612511257577,252.03813221933245,74.45676799541471,261.9113804125428
343.7943298966218,240.56916619240098,75.84580598667938,262.34711901547803
337.2216924395052,237.1479173933128,77.58956494021913,260.65932982471395
332.870309258508,239.59247750987646,78.77356823687549,265.93971280356175
327.07072868677335,222.0690729746188,81.47935684463913,268.0296088796923
311.5559497386273,223.25741503365026,82.27177408541364,269.364521250582
313.3395187527507,218.19697535659668,81.24233694866166,264.1778473133684
311.9864464696696,220.9093246049157,80.10099859513078,265.50285889973816
309.9649920730742,222.26275334351453,80.13868029939339,261.82720373882466
311.3839013025318,225.40362924265943,79.59393883251312,258.62569028282
309.2386611184368,225.05430286218188,79.50866341380735,259.8340618195243
308.1924710652655,207.32705758034675,80.27138191240756,253.34502134681765
307.5959026418917,207.25678793641492,81.90132582535733,245.64440653617058
315.208025262326,209.54895489337926,83.17306370826817,236.72968550676336
321.95887684518783,214.7560559122494,82.90037970758354,229.58602299119414
327.9939898992834,218.1133706667946,82.09842409194607,227.03350619496385
334.19125549477246,226.00161985304706,80.72267170193228,225.0594580025126
340.2646208683779,232.3205146278986,79.00958048108865,221.69257776219672
345.5160679639619,238.0914926748745,77.56664951623894,218.64384485855254
352.41526947429264,241.68333683554582,75.95985206350967,216.73469600788252
360.84348832420346,248.26726908370512,74.23418218595367,213.2428616705605
364.0444503229239,257.5538800819855,72.14311977603717,212.4614163311043
366.87704144200086,257.4226351858637,71.06829627201411,212.55006940037777
373.70189963462946,264.03079848229584,70.07726366361237,212.06099099934704
378.52532409881917,266.92128189254623,69.20994239941756,213.5087262471751
383.4748956325917,270.9976017579879,67.05635425588369,218.4475066899367
379.4882678152172,265.26422381067505,66.54324075763701,221.30527859103228
378.5148407965786,253.79664240314625,66.71678985564428,222.32952030928806
375.86069703152947,254.7048408058974,69.1248040626834,221.7982159768159
375.775463558648,256.6472613464928,71.37481602950342,222.5444636292981
375.08253806375535,253.00288589021244,73.21314432541634,223.6268060411875
372.27323126390365,254.21019812361544,74.91379394349127,222.13233984140265
370.16108084521574,253.67095174406458,77.28557753366712,221.91545355787895
368.0000872205748,253.3900827147152,78.82620964035566,220.86627619413815
367.454118831489,255.90701444004753,79.7834317256962,222.2579841851239
366.3024650781293,254.73427887178417,80.69786696659995,222.23375298247822
365.420964411087,255.93037158402007,80.76954668927996,223.0787468373338
362.62780349538065,252.68303097225254,81.14144438739193,220.8906649611985
355.41888458937194,252.33852578964218,82.4376162448195,221.96562434203656
350.5922066742383,249.33116775744287,82.18314946613906,220.3424424381429
344.56667239617707,250.0531075431645,82.2853120774373,219.0083495485306
335.9004635427528,248.59655580795234,83.29335844639525,219.32130815582622
330.1054435780869,245.93286007150948,83.17478116533874,219.24153410136816
322.95549695619616,246.06247985465183,82.79350489923269,221.44333622400256
316.8580346987278,245.22304602995038,81.92499576701351,222.3971907961464
308.84540804718245,244.25815516289697,81.39063298123716,223.08014123237874
299.4304490011268,242.28371017822838,81.30371528843621,223.54969827782682
293.29093530572686,242.8611590224821,80.07998942148471,225.55133764528858
286.4366631011372,243.14502124455927,78.50028862955321,227.05403632735494
278.28723718374033,242.9381628942242,77.56655646471319,228.7081680050987
269.83811895962344,243.196724767456,76.9181582388747,229.81750123457203
261.7659950523774,243.00285712625546,75.95510624867926,231.42274018385086
253.49905848456876,243.46472899567718,74.99419407545861,233.9437744105531
246.4116344470891,244.5766721251734,74.16018728439006,236.0327367195233
239.52629370026662,242.85959068956407,73.36883703212442,236.637861447584
232.1498924596985,244.98540768750118,72.60616233277972,238.60514625206378
226.45872937195023,245.12302513994254,72.40692455869127,240.60768496587917
218.58084318372914,250.9782276542655,72.01852235932776,243.0561611246722
212.40678842727226,251.70689983374461,71.84584177214391,245.9379805459264
204.2930326003916,242.08210519833176,72.09475864593699,248.54510422532147
199.3473268477391,238.07226815291114,71.96651778460375,251.58885382428036
193.92679680162624,236.82296847975894,71.6099527166122,250.73730187015445
190.71900727509237,236.98777089525566,71.82913732616801,249.17941971353082
184.68572011796374,234.2146985035032,72.42540524394089,249.8750839405477
180.82115521259365,231.77889219384502,72.91998982381558,252.16114339061357
175.1049214077791,231.0650021983944,74.21813049863023,251.93388872022177
172.68028617631612,225.8158942482657,75.67940261904214,251.89919999554024
171.78909340027712,223.94197095340195,77.50672695148752,253.52519537944195
170.82771030869793,222.69646218179025,81.03280515017931,253.03485201034235
173.50109549973752,219.25120671181847,85.29024466800252,251.62270105453393
175.42317384534059,218.2642306409244,86.87679209361767,250.60942957113895
175.20643774180866,216.35194046554176,87.42999764171977,250.56936205660884
194.52522443999962,228.27242783685824,88.47432045505462,249.33893533338502
209.55240028540888,232.78413117309245,90.83367649739039,250.63495615115102
214.39606324843987,236.45298333891765,90.96900243442654,248.24406206501456
218.5624855428934,240.78632397729075,90.13507876303052,247.9077183126824
236.65918332413025,241.1692642176102,90.46291962023452,252.8641383615235
239.90709332486128,239.61091588820528,90.44202322945974,254.5192770359812
240.27752438891855,244.37043113389632,90.33760888863,253.13811161112747
258.2475359720179,243.84005588532239,88.4221638169138,250.8187530365437
258.47911949482705,248.57661641762002,86.60592996927068,249.4539197832278
262.32039989495297,258.9984743646826,85.49702715852072,250.90950122186632
263.66753793029056,266.5588531476941,84.53587605923535,249.70099417464215
272.25887945239214,264.08932683444516,82.27206394093545,255.80894848304
276.14143398987954,257.08169569173543,80.27001209786374,267.57699692797485
275.9206082839627,250.73786723616053,80.22597524055908,272.5673343315258
279.1067380954048,245.9352357894262,80.82266779662996,275.8510840490301
281.44127723620744,246.6770961651572,81.10269477778102,280.33834871016575
282.450249111952,246.8906029477479,81.36088194098,285.2026464090224
282.28415842007206,247.74647404187266,81.38018331532719,291.0971530763637
282.2343103368164,245.90155896599987,82.56552921061349,296.02280757465167
284.2760425955889,247.6315618954569,82.64957901725674,298.4470318526089
284.82112026308494,242.40034935967452,82.9265987844986,304.0979411160682
268.0613649782987,236.68638715428452,83.40211063580932,303.6784457880787
269.47086000993653,238.76866336928478,85.17025493380072,309.0163023394014
271.49508164507796,225.06629299183362,85.49426678360453,307.22972458234085
269.80126708832057,227.30688238665653,86.24541318151259,306.0881775885782
267.74774763620843,226.37111043324006,85.949032591108,308.82383566071724
266.76579497180745,226.60998310080967,84.8013787673068,317.0026369182904
268.7687807621253,226.6607024250708,84.54344524018364,321.3090699929432
269.23585565884923,242.40691753903917,84.27929963575023,322.53251729796546
270.23399706665333,243.66359815172126,85.51528443832134,319.6604763905849
270.794524043638,242.7450846707135,86.57066929279323,316.45276935144074
271.7422302211754,242.12045040104948,88.24303838608265,311.4780193170078
272.2818618604297,256.2544700621443,89.8294095012661,306.9498290853943
270.1460208021079,261.8183103020721,92.25776540693398,304.5819018327726
270.65906617560717,256.6395290756975,93.77077339955949,304.3586585070184
270.6984437136864,253.58306763555834,95.83316784427512,302.73011820294005
293.2566884449095,243.31161986669778,96.76380896654558,300.1200729905391
295.57913755124616,247.88724648966019,99.77383943810698,292.6960243058478
300.036524124254,246.7131027471605,100.63578347806533,287.9749834827417
326.3025525101351,259.4149441782256,100.85226186255319,284.98288547473743
327.9190625623278,260.88687483164347,100.83672694760573,283.727490120775
332.83744009918337,267.80861605463605,100.60723353160944,283.59127257499733
335.3862816303862,264.0191648653392,100.27878131179405,283.666253444802
335.6467927517167,260.1421844505106,99.27830225698968,282.92277775102156
335.57827542416015,253.42253100704067,97.179134433694,283.7560284245826
355.86859594061644,232.9485592070206,94.88461095449239,282.67810837716183
356.57737772927464,232.83129218306576,91.852394743509,280.5696000514143
355.59957605279914,230.64958206744384,89.40674678038938,278.75576894369937
357.8200592577865,228.03856448247333,86.88986658352655,277.3220881712576
359.8052695971016,226.67864566885356,84.7287218896605,279.0488278375482
360.5340262854712,224.44577795741642,83.26684479960093,282.35249286686013
359.7204959398898,218.7881989710816,83.10717377079305,280.8311239688022
356.99163301018734,215.29814411978847,82.91761798346948,279.8158856947039
354.24599709503804,209.00234355412994,82.73921732460182,275.92474833114795
348.4795520466269,210.95202214538773,82.74573165085523,277.58609585673173
343.9759858105433,209.47360977262417,82.86754441324457,275.8499508032171
329.5953389790059,219.92856351849505,83.11366893264265,278.4090717843757
323.88991141043357,224.83774161851125,83.73045954799778,282.89479845482674
307.53930850463456,232.61057124050805,86.24213975534772,284.94378566469055
303.97266404784204,233.81715171505553,89.85086273379781,280.61348351648365
283.35688681381464,232.533278721655,92.90186376557334,273.39975443614605
276.55907472802653,239.9533542244992,94.80592814558466,269.11266396207384
257.28174694100926,234.0213010699902,95.2184137672266,264.7246492994122
251.017788631206,245.7213844724779,95.02446473284142,262.7605939446321
233.54168895629536,241.8859678715113,94.64426662172518,259.11678137935337
225.1730648869679,237.30745956136158,94.30402872217209,257.70978833320993
215.69699461953434,234.9241748170465,93.08965772139472,259.0813909810961
202.93094422129772,229.80504004451913,88.97632318461598,259.583791118497
195.83550076998813,225.90505838704723,86.29795311396857,261.92951315765345
191.02554237990466,222.32329733485082,83.48398336612038,261.2610245160441
187.52614881032173,225.05851687818543,80.4722810414801,263.7168144294664
184.46588435474274,226.35245861479595,79.62868622674695,264.3758629859695
180.1864603768306,227.3134960175374,79.01840576460243,263.16090472473326
176.13885563083434,226.1797955254671,77.73595736627517,260.64456614207086
172.06683750900086,227.89520283813593,76.84186094240063,256.6937449792958
166.5853712929114,231.60249416326215,75.12957956079781,257.7182597335233
161.86039611979265,231.70227292577243,74.08790698223058,256.56172257612513
157.46688686044718,231.04085184515577,72.95801628308709,254.7590554752735
156.92284653328983,236.25056949208613,73.03821875308327,256.0443864549113
155.06044647016944,238.65553491192924,72.79159000816927,256.1481166183379
153.51084702676823,240.52397036448897,73.66548834451082,255.38741172312137
158.92870113905866,243.8740155638977,74.31643916991777,254.09559740538913
160.61834321131403,251.18528510963716,75.83156849662893,252.9494110055606
166.09699588354948,261.8752358776329,76.24489723113754,254.56153675228393
165.19969275386745,261.95969277576125,76.55892566400166,250.72837258218692
168.08169684191446,265.7238003132759,77.55539169292473,249.95229421446362
169.76596622230005,258.10484924265177,78.0643200876101,251.7863276804799
170.5605554357188,249.19469453538733,78.48070348938589,254.30639085630023
170.746239884486,240.85789497161295,79.74980390451938,253.35768506746717
175.87659603129728,237.53679626153826,80.2779233217122,252.05561283048158
176.6794940290362,237.53141140449017,80.38058873008112,251.35298051172555
178.65177906118504,233.1849992942018,81.6199237904477,249.82394766137946
181.3479995138978,222.76028987894452,82.16686925282005,252.1681289125483
179.76748376299605,212.21305290807646,82.65005575340282,253.3582582955686
181.15931749087076,200.40763451401287,82.2658014064791,251.833679052812
183.8797109265521,196.22407276028497,81.42918151967456,247.70736288589038
187.80753241403775,198.51451929930596,80.10121465020251,247.50417919658125
190.0062057093003,204.28141467738754,79.25859966711454,251.96988680772768
187.25859879669053,207.362064769981,78.98194574025885,255.01506378776293
189.84712199175445,211.4411287520223,78.0769044313078,255.60046037507192
186.27757685100204,212.10525397575236,77.31343447874283,255.37657813745065
186.0463914284444,213.07537700223992,76.18602511240945,254.5308667200194
186.3954986053123,214.27431224525998,75.09602340849584,253.28847149280648
187.70479369606306,217.56896599897888,74.46299865095979,251.75579793464846
184.7646157450145,219.7701230243963,73.76001867659201,252.07688066192034
184.07607521479818,221.57216934293118,73.06501936326066,252.38860504717417
180.76446667087208,222.93430985343426,73.02854130264483,252.1254977989799
177.23081713424938,224.89038685454352,73.15636197852086,252.11164897444996
175.00648470426498,222.78802544635641,73.21148216456999,252.02820765203023
170.49344364351532,223.02033385167272,73.61569519885003,253.3070632983297
166.3604637844679,214.34692867151406,74.21964710825962,254.95378706501907
160.98000429215588,206.64654994813804,74.7026282037845,257.50184046361437
158.9101626057751,198.72090265198437,75.43147940987433,259.11432737769906
158.49195004941626,196.4751292766624,75.56855780141966,257.92592722892897
159.05209555916537,196.65900415790549,75.57940105354318,259.16255688195486
158.05328780893512,191.78832814706553,76.52088888657659,259.8167058778169
156.6991671340098,184.81556335596397,77.64948114566033,259.8610427949199
156.23455178955743,181.79491995782723,78.11557602585876,258.92138924924393
159.09560072860833,181.9755779411698,78.09453033663026,262.5676869414638
159.54870139641534,188.94582884531076,78.68071260029757,265.75129249402175
160.1049783382806,194.4540340596589,79.27320250929165,269.423779198199
160.32113452502486,199.3981469705133,79.49739482645026,272.78784696322117
160.00950505976115,202.30041082349604,79.57293094051039,273.21716401433576
160.1322497954514,205.89993817974542,79.81517274707257,274.44785688331893
161.1601455321429,207.54088972435702,80.29357502788572,274.82613150176786
161.13964885006698,214.6460234166132,80.88684273838919,274.30490620862514
161.39002340927726,215.59087470791638,81.19525176635001,273.19231456027626
160.4168684110385,221.25292777529893,81.49230314924108,272.7752165965927
160.65676979344607,223.71371416443458,81.35747677979451,273.44496004146595
157.7897765841899,227.81321914635487,81.69134913885867,273.72502169475183
158.0378101704776,226.27912693965607,81.46028099830377,274.1123896961774
158.59680524061525,224.27789529300645,81.49413667082605,276.2618907339987
157.9846760443504,221.25477093188087,81.65057499118163,276.17687667701404
158.06987376774796,217.4479932792718,81.13689010947672,275.5735836088191
157.02720676793712,218.4329681817186,81.16503702871515,277.0099422164774
151.19553397525743,210.40989991350867,81.81929791253638,280.77885707320974
152.3803174790234,202.3426704133129,81.87114289612387,284.04198962706806
156.30200345495848,187.11443171616125,81.92585844577958,288.2625642351165
155.62695719990518,179.33033459261978,82.66983507825783,290.6860794126804
154.7983305144074,166.88651131657198,83.21047220016891,291.96509864544004
153.7857028766009,161.04106118301166,84.1081849800544,291.5220439107296
151.019709902856,163.3346392464805,84.54993712474882,291.7419442107939
152.12489772035724,161.4048847867347,84.93075087420672,292.06602269891954
152.95180402150265,168.98544400056528,85.77620346585512,294.57193460573103
152.8988514072551,176.51746325545167,86.52067047957134,294.7915741507678
155.04853004914733,182.41860128723707,87.27292748030224,295.400394660073
154.28201062953113,190.6429519160357,88.27338022181736,294.12256513709485
153.9746891840086,188.21044386086123,89.36296678051264,292.0726690236279
151.48663929942398,194.88877828922105,90.43180398597642,290.8457532797012
149.00354949318432,200.24348954073355,91.29257445310054,288.243351154789
145.71148318262937,207.5018118458619,92.01783132271508,287.37813476718856
142.12037730260636,208.30858272419283,92.99335753970084,286.04867929754835
138.00300833313355,210.06537611529495,92.02049393140524,286.1908852285094
135.81599462083716,209.4791184530043,91.05138695276926,285.02785715900194
135.92237113152783,208.14107533338986,89.899524427165,284.93844237589195
130.83460391837053,202.20306607775163,89.8303488849127,283.1603547470317
129.57265852709588,201.3885452669036,87.90097876887195,283.25043662713534
127.99396492915952,201.5482210609886,85.73158564553079,282.4627501555139
126.50360565743306,204.63209794245563,83.86793525435237,284.5002118466814
124.65113389337924,204.81911700256936,83.12945312709502,283.89698726607816
122.50036566359604,207.06994848948955,82.1128300064307,284.179812016542
121.74876114918331,206.10642723149152,81.59511399024275,284.24759003954944
120.8635183920184,201.31122948282496,81.11408530817667,286.67592861397
120.72683193185308,201.85762183929654,78.96615185681847,286.9304226152068
123.54925265184173,200.55150747347705,76.77042044796912,290.72623091094033
128.13242141412334,198.61817797657847,75.2288192324574,294.1315170226097
131.95479128167653,203.30117660880111,74.79805683423453,294.35334744065955
133.89958741109115,201.58356703287456,74.24180498182321,293.5503988297563
133.36377097473104,205.2950217865583,73.79507676292961,293.3524916112072
134.71151678225885,206.96828175536092,74.0917921981975,291.8558061157406
135.44521879249464,208.07889655568243,74.58958156857219,290.81143267526147
136.64776990842688,210.3399120274064,75.63739786621821,289.1771235087758
135.90650298956962,211.91632913582814,77.15776002270741,287.20163909776426
135.90896036394548,215.568176630783,78.78389490698177,286.91135324558036
136.76524288218198,215.7867495374544,79.6900906947123,285.42875638720125
136.22491128669412,220.40104726362506,80.44658413070599,284.46466536753815
135.55857553577192,221.43191012741062,81.38270879188272,283.9152737483197
136.26632371463106,221.24860258113767,82.30231570755615,283.70659911460825
137.16016890512734,222.83889279557582,83.48777891771961,284.2185207075215
135.2915057167975,222.82876650174836,84.57881380000975,283.6547585218076
134.00198208597894,224.1732194663672,85.58122784669632,283.1052108746592
134.58526904725525,225.29879763077628,86.04539158645906,283.7773860449407
137.79084574683216,223.7720952521735,86.23654932164362,284.02445296874174
140.11006267053602,224.9486260840689,86.15579322005502,282.44966745040915
142.43458962175083,224.73882469457334,85.94648426696622,281.1697350979458
146.2156603671744,226.13183494571064,86.01653157311615,280.81556479060225
144.92746090851443,226.7068310299889,86.2792319602389,279.89140813909455
146.06007380014498,228.092292299005,85.99853352644988,279.73392516099887
150.41492326917944,227.7161331331872,86.52947713598837,280.92861366894977
149.0093216602744,229.35294965105663,86.66467189089258,282.012200806093
152.1326651632762,230.11704723366438,87.17209474435556,282.8726355542076
154.73777466206252,232.71829330186821,86.95221979432924,282.88973837324426
157.272329454675,229.8334614983608,86.83075873434231,282.1452585133096
158.76628109695542,231.59078357346843,86.72746944056516,282.1093748439751
159.48536275524347,230.11757721719783,85.90236689640807,280.3701758316628
160.0916149946932,234.44637001861378,85.48685889177466,280.6498880498758
162.03809205558048,234.17544319200312,84.64130190668835,280.1998821478527
163.65174982746717,237.28890302237232,84.62800136993398,279.6384688500293
165.26197862537316,238.38595872407893,84.74642979668977,278.166107288783
168.02812886575308,238.0515448528932,83.7523001304441,277.80944880030427
170.76559490439632,236.21372653381562,82.89302013750819,276.47674174186517
171.29253300817663,237.5300544262111,82.815270600785,275.6697057738543
173.03347556288043,236.96872903012755,82.45787026882797,275.959685579369
174.0141503647822,237.14102430238668,81.93479552540646,275.7582875645291
176.50019875375804,234.0863955797604,81.25177793675535,273.63938796632465
177.71037562792245,234.0753431987832,80.84312911014892,273.22947778610984
180.64948009914332,234.0714453635901,80.29222310044642,273.0765612143696
184.7335622312957,235.02439770009312,79.53485309425932,271.78122232295686
188.60087070379458,235.86425323450095,79.15415613217174,271.1798063657974
193.11074602050044,235.12267764471335,78.96613157297877,268.6987203322378
196.89183567272002,234.23026157720858,78.82042518037434,266.63840295018804
200.9956923732804,232.24347279742562,78.71169363655335,264.645189833637
204.77940282545435,232.24239189336652,78.5992960209323,262.8680039835979
207.0331534420763,233.70693345108083,78.26844006661909,262.6921111471762
207.95455696904128,232.1415068290949,78.05804043952321,261.8027288526654
210.2422655527717,231.4316860011603,77.51140420925721,260.88088572345464
211.182490975593,231.10538817703485,76.81140702171851,260.7010890367675
211.54599970957085,230.05923917148786,76.34953977296486,259.5252712889656
211.0863768945435,229.34057678378207,76.22560195708908,258.9433304126743
210.4127007509527,227.78396129630244,76.37306339229622,258.79771415100026
209.8680307890335,227.29613521534276,75.94800390684047,258.3747292565689
209.13820637655795,226.87726919287095,75.63479041661367,258.2454279748867
208.38425211534238,224.9678024805744,75.44097679396425,259.0911107719621
206.37790352070544,223.3799869568469,75.25924077095782,259.1054087353107
202.03593737266164,223.00261998393822,75.29884208865192,257.2797693939271
196.5629767351174,224.748820152891,75.13357256784195,258.65600852516826
193.13291743119896,225.27668935504516,75.09244653532843,258.48779305672724
188.99269530152796,224.51173077951637,75.56713994780768,257.82468128093547
183.9920352883732,224.06641145103652,75.7703499658775,256.1372495357498
180.25863020525907,227.0632609024526,75.88483183162961,257.7017953381178
174.87393252438773,229.00303795093248,76.33264439918288,258.3810533825765
170.11114277868182,228.24340342899393,76.94187352590963,256.3713488470469
165.69149839892822,227.4046892461842,77.90100958308528,252.59580241637113
160.59595152196817,227.11757578248952,78.33701262350439,250.64532488743117
155.42657007951613,226.97003060361155,79.0311298174905,248.85760198224767
150.14828577420047,226.97450954728737,80.05551382729178,245.4136017136094
143.67347227417915,229.16633504277064,81.09198813263227,243.55618844885439
138.13494291631872,229.95367995861247,82.52297827535503,241.53808038258404
131.25827668298962,232.50512486977073,83.34345895063146,240.8261674660903
125.27191147216661,231.6145450386383,84.26592310640832,239.71930160612308
117.38360378151518,234.89370951486114,84.09989341477416,239.7002297032379
113.65181681786174,238.57311617405125,82.50461705368991,239.4014387389837
109.30510168479567,238.30590016163762,82.11492220538113,239.07696312383064
105.98274243458218,238.40916723979566,80.78588486932132,239.17834954265646
104.79113949902114,237.78439502131,79.31282686448209,239.83635531194898
101.15563519505224,236.61068848786644,79.08160244400801,239.24934016380922
99.22598662065941,235.27160383324582,78.53811333791086,239.61424295731865
97.9965806681374,235.36486590747086,78.1388779960219,240.38609199784105
97.7932714495912,234.25457451613877,77.87492117199828,240.0506538053923
97.29616737026701,232.2275363171463,77.39394036008085,239.188747003304
96.35340087167242,231.70028181259732,76.60804133898999,238.774121085606
95.35733328781241,230.26184719358395,75.75264995641706,237.88011868438107
94.55277949067515,232.52073095300335,74.89012292430303,239.44277356697046
94.48083959791393,231.82664335854253,73.88357858701511,240.71096269116003
94.0643595935068,231.4667121664582,73.11162333456076,241.77904023808279
93.6811042816795,231.773279135561,72.49318475090945,242.20923029355998
93.03070464736905,231.31762737717546,72.64969333387666,240.4866603476541
95.00043824205505,234.7265012116656,72.23856553049099,240.34400156112008
96.19205209364311,237.1017780056298,71.88027974854899,239.91216402238604
98.26230283742117,236.44075238205215,71.60708139400371,239.17164422080475
99.54787010301999,235.79251682321268,71.47030092965485,237.9171013919505
102.14352762907629,235.75227093836327,71.0402521090791,236.53146171290356
104.23044002074138,234.97041681994835,70.38609709694339,236.06180756112255
106.82250032827366,234.0183780996525,69.68275756021747,234.24632366328962
107.50168905501152,233.92349586955802,69.12447566490822,234.33384911821094
109.13248521303042,231.07649409371135,69.01815678637044,232.82333912009958
109.43163686153522,231.9670288533365,68.44032264079813,233.7629221811105
110.35090488684156,230.36626951344343,68.01776502188709,234.10618857398566
110.51232290729178,231.84407556761158,67.64045548401316,235.43260704807733
109.69574867214189,231.92985266449514,67.35867563724292,234.86062998319738
107.09241804995312,229.22711891424612,67.51641338918883,234.57810538774817
104.13789605524363,229.13963800823083,67.84294595358948,233.07706219394225
100.67775223292053,228.4350343950018,68.05524581289635,230.83648175598688
99.22249698283377,229.9810919511801,68.08121456311561,230.3178410508263
95.58240242581341,228.75361111186214,68.57556888788022,228.59360637173518
93.01380821898701,232.63423091377683,68.61908788701277,228.83290082552298
93.53710114328243,232.77457599105085,69.29126574749024,228.38259215381453
90.63405998391846,227.6204828237972,70.24837526882438,225.38752436081938
85.01024436575408,225.58706042488495,70.143831746242,223.06024846543707
84.20083717079332,224.21300152624772,69.62160581099872,223.50741311291603
85.60917379467523,225.7644498825598,69.06861302130376,224.70312565703622
86.4055253378816,228.12324641920966,68.37775175417735,227.88418990566646
87.85854998312305,227.6932308405535,68.23483813531006,227.46028408559232
88.07826771589464,226.7532081622898,67.95981969819398,224.92218378553397
86.05409032104396,227.84967246317123,67.96047837430892,222.32357908709338
87.59813755708157,230.97676409400714,67.66601187960494,220.360237881696
89.51779971431549,233.99096932917118,67.48644875555154,220.76404024095774
92.51329564055735,237.60843479245963,67.35788318404316,221.64053185313816
95.265817807165,241.62402977104932,67.49283347210466,221.9108689192742
99.29076805312644,247.1743796111216,67.82693375838005,223.8875303460022
102.45711745068235,247.10065297619852,68.27173368534464,225.6310448455542
102.03270011546442,252.20398383425731,67.17084833071793,223.6167239802667
102.45193766534638,249.2866967777695,66.1058430366715,221.76220021192518
104.5112591263802,244.02208290377544,64.73102507340515,218.687890400404
107.6849803321278,251.45006440533592,63.524566243452895,220.98151121381136
108.3492934760794,248.13958478004972,62.667815056877586,221.63938719717186
111.38661646358203,247.53281652275464,61.80344950026833,223.8804467525335
114.91487880269173,253.35925778716282,60.486977522091635,225.8180049738392
115.98275981458798,258.67160544518697,59.53552414640858,229.39384543202192
117.85581398251048,252.44005963859576,59.12237307832483,231.13831865225995
116.24163659026914,245.01920714944592,59.6307676501,226.80099416583795
111.8689050877629,243.2834052991936,59.542022166648096,222.89663942365465
110.18670196599368,238.752595781188,59.416215016021496,223.4562166429544
108.24924969193819,234.82371950117923,59.431933391647135,226.85541112039135
107.27919039591514,229.56632913971418,59.74816003403962,226.5106041739489
108.57268441502879,233.39474242288452,59.86727722805108,228.14374419086016
109.45906923181275,228.38038965785307,60.40461601771619,229.22385562760033
110.19428372563716,221.31606463400914,63.44767675327292,225.89514636132333
105.19296249799841,223.98397214474045,66.33805314486025,222.22409538652974
92.10006641190529,221.99904140464292,66.41805613247618,220.76471854732776
93.7003154579967,225.62980086899225,67.45575012174479,219.2801318581616
93.54730325699326,224.20942252392973,69.19844137002698,225.6487587265093
90.68096404316256,216.85303180295725,70.45769727037516,227.98020204894743
88.18542676345582,212.2102874370616,71.57421171206707,224.73116109476464
86.87181291564524,211.00830150055762,71.45826509318934,222.89888447457798
85.66380835559647,212.32694253312013,71.32897110697888,220.28914846320524
82.063258914535,222.18301087328175,72.1101381005215,218.2585055420373
78.0413092788888,220.44589838688913,71.8880232726928,214.79500354033524
75.16147079853432,222.00945031867343,71.42312757486295,213.29454595705533
72.67005691410124,223.0798172860507,70.6337900452672,209.86662194261174
70.67302485335523,224.626215511363,69.83899193836567,206.09234579952806
67.91417667851411,235.77436503511296,69.41873100121317,206.30048896699392
65.05647211927885,231.46103783335283,68.64074765218494,205.108307158356
60.52465894615939,226.01343915610465,66.98323122956398,202.958792446202
59.399956134523876,237.7169458951637,65.45678274211724,207.68762605975868
59.79770488420358,238.6471792219225,64.44025995465282,209.40098309665555
60.78344370225985,241.22048306669024,64.21046508640832,208.5958227604831
59.9261386148149,237.93390772449226,64.21909543723206,201.6475396146178
58.56595616840513,246.69380591802758,63.752575449985684,200.06194542176107
59.34065675724402,243.504021411365,63.531031766662146,197.33093971279615
58.46482431332505,242.83857661385034,63.41545026511105,195.1528588087868
57.45407434409919,247.50392823931637,63.3637533155928,195.77016600249584
57.15785604018117,242.45473456878906,63.528881006383244,195.09002417637515
57.16869285241954,239.76497264102363,64.46455239075661,192.8871281596221
60.15543999840819,248.0439791515322,65.75405858706056,194.71189330632956
63.08143144096834,249.25830335369295,65.57904046176692,205.13939934384152
65.45339500166901,230.90806479298507,66.10535984610287,206.09222250407566
67.38047261912365,228.3642179345178,66.66378128660864,207.56315596710397
68.40784824513086,227.8280509003987,67.25798490291086,207.89356384210487
70.51545024279062,237.73845481527508,67.8117151574693,211.11403294411477
90.27616813438853,237.67996984564195,67.83119581714456,213.86224992699064
93.56175151029015,240.74075160042142,67.30449985238967,218.6770219810914
96.5144718537048,238.01024107996346,66.91013132437381,218.20524320587572
99.50971195353901,236.00378836480002,66.2040658929244,220.19428293643458
102.72670921011138,232.1821286214409,65.66053997719176,223.16301231237395
104.66794776018196,228.44753967055559,65.70079141556378,222.82002161596955
102.21011687622875,227.31911570100544,66.29067326861426,220.9536886888284
103.13008470915003,229.29608260563,65.53854752308268,220.91936681042642
105.3832288820143,232.05949528224983,65.12735147395449,223.51790671444994
107.00377834013712,234.5735532239807,64.82682386584483,224.7213014701789
109.73926056747179,243.35117200848728,64.52538598817134,229.1183153354919
108.65814934402977,239.00220836812997,64.7192747138945,238.710613708526
107.91486694820085,233.29706195517883,65.27821045195964,248.3114293243834
105.31185837884043,227.25506289137996,66.32007973682917,256.2630951269995
102.31201695571261,222.48900864029181,68.49178564102245,260.88560098711645
101.27975880784494,220.32893369459578,69.45795606101771,266.61614209001823
98.10573158665952,225.77142781460782,71.81728627166859,269.6019500536074
98.7074192853595,221.49554970690915,73.98301716699322,277.25697906468196
96.65434377444683,219.32589660586015,76.4613704660021,286.4694089125624
93.6042522106211,209.64384951166483,79.31288444616212,286.048238132081
89.60381626247974,204.43774445859736,81.50955092481178,289.29571673568296
86.00464997047175,201.2536248881796,83.41355052771814,283.92331714360836
68.92687639614836,210.53588497683228,83.87832466611101,279.07927216314135
68.26300585713756,216.08785104315047,84.43401518461188,275.85974898131064
63.0690844278806,216.67427080212488,85.7119070238387,272.8036958241025
60.48385492062677,219.77947298697202,84.34523997404582,277.61010091790916
45.75890520938617,224.55525122077233,83.25438317094108,285.1300108962314
46.00643400923205,230.12951594017568,82.9016548021539,291.883584881497
45.45760689201738,238.90848626697812,84.7121641968196,291.9699561327993
45.80590699325428,248.64848114854044,88.10520794957651,289.33098886112975
45.41653820296702,245.29455309677098,88.52277595350614,298.82274331824533
47.16804114368366,242.80886546855373,89.06649868306529,307.91358058792446
45.305241432108474,240.7302604855562,91.60349816210098,308.8660257109325
43.57313157338565,234.53327373683481,93.50653931452129,304.76597493164184
42.40219731342273,236.28531032618528,93.59114226666759,305.7515019345205
40.715439488732386,235.62796073011575,94.27913154504608,312.64629641779726
44.07634301118625,232.04610388577223,95.62271222596843,309.97702804319084
47.643641405640246,229.81190614648327,96.28331435444936,304.5749010226843
53.91857319856151,231.29111523591928,95.87513720812099,301.43844695871667
61.81586925497952,235.29531472817894,94.67827000983576,299.7878775449676
66.50138103895326,238.6888728143191,93.72544121270127,295.3195658751745
73.42916498316916,239.4990949431289,94.3650324734394,296.9263175957195
74.58201185776726,231.9384477017122,95.68505064212039,299.2594412640388
75.55019263776039,228.7731310098599,96.18453755663668,298.13037883170335
84.279602223859,226.9330348083942,95.83202255314063,296.3084702901157
89.26648546535553,223.40161432505909,95.90948268605334,296.11236436118656
93.88516152237378,220.12239450438057,95.82206915539086,295.7645768907272
100.7947657020899,219.75260677071373,95.56097961614906,292.083097517973
108.56531472796283,224.65642353393633,94.64463074805799,290.4996957114985
115.20041819706998,223.43645624111025,93.5071037491137,285.3456766876841
121.41418066330655,224.98879468641616,92.86344379161613,281.8752722532414
124.29949586462416,225.32722611549397,91.86095418182761,279.1540530489554
127.63645393532738,229.0234646477054,92.48311576869263,277.9025438304493
129.87455431639165,235.5882750985087,93.17946902267735,279.0941986399023
132.89838911760972,231.49296483595415,93.54033823860058,277.47748045041175
131.65368563577442,231.3644325764131,93.27422318956066,278.56936160414887
132.5508305307044,230.29109169709247,93.9519254155393,279.05604327695943
134.73425176113454,234.2707895365993,94.07546610287241,281.078961707748
137.01176861267624,230.56704261866017,95.24304096607321,278.40726052104327
136.872305899538,234.82048932351952,96.01232796366165,279.849768013119
141.46742058389188,236.80245771383372,96.68206487303003,281.00038182300574
144.71220345094827,234.45618312351854,97.76440522869997,281.5991376114547
147.32709566700862,235.74780903540872,98.07194427146331,282.35856195039406
150.57082692392063,236.23756651395934,98.14661983823618,282.82526059631255
152.917338163463,235.65560714784198,98.97817497679674,283.67707733856275
157.68170251802292,237.75510819542444,97.94935566861685,283.2537617458545
159.30072372177324,235.9244156054599,98.00874973686997,283.2996033218865
162.7456867624189,234.88559448934808,97.4635163626404,283.5346489039865
165.12913155073696,236.75743608885483,97.35786068798183,284.81726756578234
165.08815515156957,236.6298762519196,96.66967540142817,284.15557762117976
165.58886930034316,234.9897622946312,96.22632426042466,284.04950568720005
164.0852467174984,231.9188967415725,96.44031409698214,284.1798952215096
164.90334187239296,230.88723148022248,96.24763396194429,284.567652156792
162.33342261129212,230.0691690473796,96.57966313127119,285.1082415057389
162.5885971099301,226.54706556195802,96.656032931679,286.9139135492139
163.46071378114732,224.2766781071984,96.6970384512822,287.05978289156394
165.03736116974895,222.93156134142356,96.84423858336545,286.48174426162984
167.87848893125033,222.26931614300867,96.9293547148732,286.29088562796494
170.6800969877407,221.94083520302917,96.41741143285556,289.4507242664994
168.24747747924445,221.970273417301,96.98123405275335,290.58501075604653
169.86521812727065,219.98075568023245,97.2063254762749,291.67661794649223
172.4839643265423,221.7981283364582,97.09144650775481,292.8404165640944
169.4690767771589,222.82086816460014,97.77125937202452,293.4290356760448
167.22155688067062,222.25399584014826,97.94948474239366,294.40309077931715
167.47946317737797,221.5457285087577,98.28807773093014,295.99097654707305
166.60534079452646,222.0194885674635,98.18564476798021,296.49025272768847
164.18696837134848,222.4998549290172,98.7933623430654,297.7779290374027
163.90218808956286,220.48865891543932,99.65147393917985,297.88892980631874
161.54852894572394,219.94784868066432,99.45681850249238,299.94396588904317
161.09061860902605,220.88694364788137,99.64085864686596,302.44262894380586
160.05691685200063,220.03873364626446,100.83330889095834,304.5119948219691
159.38233341868317,219.97684654814466,101.52463896274003,305.4151979771015
158.1557059742192,220.0262101916478,102.44699110832846,306.3700428679822
164.685261830437,218.4131053440314,102.58214857619065,307.5259217049844
161.26984849020474,222.43440373787183,101.97834057113886,312.5378016552796
161.1175570396364,221.5324575733332,102.9300750020645,313.4350132215891
161.42877201042685,222.37225771758375,103.53786680883563,313.7161358563668
162.45883109553512,222.9024169126982,104.23965144776221,313.1315175465327
162.56299013554482,223.71043223412698,104.91119561664034,314.4576208071785
162.4538486269669,223.56012624363183,105.82455652991435,315.482043937766
163.28009405836482,222.56750083218654,106.35607855698053,316.8591145357611
163.84972457525285,223.42384998388616,106.74823465462845,319.0243099186564
166.65400294674328,223.87137325259724,106.73474684322717,321.2201208870326
168.13899088277878,227.3914201114045,106.70520375809772,323.7858306591031
172.46153271557196,224.60770274704726,106.46957348454013,326.0241914818728
173.21247981247942,222.8557251587738,106.613961009933,327.1498157124511
176.3141123435812,222.46731517126295,105.8908423558105,330.0321914602541
175.59256452505608,224.0290703949802,106.68782119970507,334.0366121308311
175.2686987324318,220.7083717267411,107.29458073467421,334.21304221648535
175.62885801001306,220.18269371010015,108.13322047151914,335.89920679011146
175.92658923567774,218.65498799254993,109.20691385629517,337.89148701202373
173.36858138590517,219.05925432499356,111.22943490213851,340.2887794375448
173.50536668069384,217.73344466631846,112.5262271188814,342.649387659848
170.2936321098211,220.17433221354355,113.44387121790224,346.78862677895984
167.86683368371618,219.5718537283617,115.09158170612892,348.4866359339053
164.72166915966056,220.66941133783345,116.16931433776676,350.444558263027
161.72255416886912,218.84038012833688,117.232513858992,350.7129221766185
158.56639139246198,217.37866824271418,118.45406106097622,352.48891171324476
163.69569079504797,212.77140156320644,119.74791815790383,350.86287939080273
155.86929637944553,209.90337342185683,119.7986972158543,353.71170265462683
154.08840094744713,206.3500045843614,120.5594662655048,353.5815671797459
160.66306338113665,208.98766412138667,121.23783152263745,353.5810808312202
160.7011738582611,213.3113167413785,120.97723276399003,354.1565043204846
165.71723861910004,218.97315928797806,121.67674405804703,353.5139601269437
171.8814337910249,222.39048497659664,122.1577371065313,352.90795645859936
170.21453757455964,227.65103741280743,121.42472036206308,352.9552119148521
176.0123678300652,231.23566698463713,122.15269209134743,353.3705722932874
179.0409510989253,237.86535503088015,122.03354292194385,354.99293200249815
182.5352626154795,237.7221000848005,121.11470405326418,354.5700927988361
187.31799321978605,231.74949103871415,120.84878336436546,356.1493650749687
191.28952387268805,225.81656890966613,120.74237719848453,356.06913484728597
194.5640936648831,224.63291373163332,120.2522361988417,357.97920533709487
196.10364633519475,222.30041101733087,119.74264227179265,363.6896775463623
199.8669694252382,205.3406490034257,119.56899577890057,365.24189200386013
196.7652677850201,195.8543450054449,120.29377328495326,366.6395125883227
197.62384808332928,189.58136714045781,120.22295317772242,364.7867513917222
195.06795536660286,185.016042179523,119.55287396807827,361.7917776105889
195.8345201223566,178.72753566062647,119.44297331647229,360.00753214160704
193.6813566627083,174.9440416545693,118.2973520698753,355.9184818694196
191.1213031700574,171.84964867426595,117.33408312439101,352.8901724549653
191.88990638352576,174.00817650977658,117.6058681296442,349.35962367519465
191.0323375124286,175.21968002797226,117.38722186381237,346.5081982110975
190.65503483889418,180.7080924701319,116.59867547462176,348.3195136237143
194.84790998563443,186.850889284636,115.71936868166009,351.3406731532754
197.83143426278045,197.58020765185478,115.00358183848864,357.8807146262353
199.69108159583016,205.33632071376047,114.34990449531097,360.4914247512032
195.9820765813991,208.98565186712804,114.4494411850923,355.0712544421869
192.58042600859667,216.4980684661729,114.05795196738535,349.0706674599175
187.375160429933,221.17251410590026,115.1520253762996,344.9552504350709
179.53143877337118,219.58236058342513,116.09581729934754,341.14023859040327
174.5214359667612,220.08741478844493,116.9776688827213,337.1716824855852
168.81692212145583,218.23114379270314,116.89840292556596,334.4578424122495
164.87504916317027,213.24052411787142,116.45561457089687,332.5409637428089
161.22748164562395,210.6416133208268,114.80126001248361,330.687807629989
158.6046390557379,204.31953024579195,112.93856201354481,331.1575391181934
156.65019018297744,196.74532282003082,110.93749805862623,330.2446708581434
152.86411836909494,192.6918633508497,109.08296493620816,328.4230428909881
152.56915666609197,191.90150291038123,108.177168790174,325.57632455912596
153.23800115727292,193.69462499379642,107.32339954753529,323.5351468681638
160.5576860840419,191.40936363317954,106.34305488625806,322.48849257981504
163.9538017300378,186.0345251266096,105.85341014974719,321.6065940085433
163.64284260069002,182.43768460449107,104.63020273324142,321.6272394311373
166.90549243038924,183.42971628066957,103.88654408031269,320.0793766975242
168.75306823923248,187.14302531883374,103.85955671586105,321.1216087569991
169.75534308557786,191.94641276138685,104.00617060120376,320.5769895954646
170.02835011795992,194.47272346700078,102.885602808336,320.2373556071799
170.76766702418004,195.9878747864014,101.96806667741811,319.6135397180277
172.48841855891558,199.1192304667118,102.20665236641564,317.5625655133212
172.38991340972555,202.20314557004752,102.8050327729233,316.68235251322324
174.04400193832768,205.39465106032225,103.51699493309575,314.977215144124
180.3554019956361,205.79591888894436,103.76691839788563,314.58801326049274
180.65898502098867,210.53473113739193,104.24849782199588,314.8375454026967
181.23674547388492,208.65793810643828,104.18205617702947,316.3763258615767
183.489697044593,211.62560379730556,103.72243723437435,315.7705161358785
186.38036022969408,209.6381803619984,103.02314020682351,317.35721994390127
187.88111157282867,209.90932914668554,102.43312223887713,318.47308139208985
186.39120130945662,205.90774215844579,102.92023765888595,320.30502123771
187.06593313439862,206.50447102667295,102.76697831369714,320.58356505383745
189.03563569859682,208.23298371485168,102.51533616099343,317.20860660831045
190.84712714988618,194.0264242574436,102.69444151906538,323.0180115338688
189.36687495245093,186.77630680323531,102.78926664986727,324.4811742605837
192.60395673822305,176.6522458284347,103.34064962907375,326.58724069871033
193.1512218639915,172.01362741447423,105.11958706132893,326.425264727559
194.54574595289762,169.4612828037367,105.73691882164238,326.49048518377526
199.0570401577355,174.94084714752537,107.82756111722782,324.7120348638127
204.97511245342685,179.90647333830822,108.72023541927771,322.08889081201994
210.0932658450236,184.34856305644308,108.68131347037374,319.21349328569283
212.8203751144624,184.26571202703866,107.92707948197226,316.1374546409189
211.90712883257038,185.3311165783366,107.93168824811072,316.15553245734463
213.76156943288603,186.37453085911994,107.59825742017533,318.5844929277604
212.31796032464257,195.79509430264378,107.98826918715363,318.68133334112775
214.2999053516312,196.07464689012843,107.61650049586254,321.0704822745874
211.96832386661384,203.00325440328695,108.03082504121458,320.6437920743202
212.44059600979259,202.25333188403962,107.68170415525918,323.495157293517
205.70661444315866,206.25014067992157,107.45690968202071,321.74655055456685
206.236277033411,207.41349501985167,107.02103716493764,323.6717101226925
200.85576909098137,209.1450290010357,106.84006505846388,321.56492499056276
198.00647920950607,214.29945354413985,107.2352476427646,319.94176201580467
198.1046644724011,215.62213046405725,106.43254040413726,318.2974504227884
199.2281839373791,208.97938732119508,105.54308392409432,319.97617668348835
199.37533371120713,212.261213929483,105.051083786543,319.83892365154384
198.64504697773208,212.1614754413999,105.13284720538978,320.1204099804537
198.91524721062086,211.64660237630818,105.93291979545178,320.1569581926989
206.017465228734,214.5097265948778,106.0389743674408,316.7192081572015
201.41685111018393,212.37390230408124,106.331191717395,316.1767674405463
199.22196663378455,214.0192525922328,106.19689899035366,315.41756076644964
199.29177472931218,220.6875283220191,106.99953060727795,317.6351646566085
201.85627054900618,216.75139226953257,106.17968298797051,317.3494644257661
197.9041211120903,218.9628881524882,106.6757935187542,316.9784884412574
199.2776959549064,213.85820190118346,106.5140715941999,320.60855815608613
196.45257849296428,217.21344821885444,107.12409197950993,321.667195273857
193.17588645032413,218.68396823127912,107.51786531649918,321.53762456549015
198.93211088305216,218.08026906289925,107.58240276390933,321.6941719148155
190.8072019905756,215.64104700075467,107.46494340347672,324.5977402313425
186.3965290500933,215.4160852057696,108.17166239998085,327.98473943624185
184.84463795782,210.37744425291334,108.74499424044174,331.4975715548145
180.89800403140703,205.47254423780797,110.30778914710069,334.4315585776705
174.41121033780726,205.86440742272123,112.12171524127045,336.38652902142735
172.3554699332149,205.6949252852333,113.22318080120287,336.8328489431923
168.50846734230697,203.98210085901408,114.21375389988887,337.4668596597207
166.35338609421655,200.87864641881396,115.30078402416726,339.25462581703744
161.06050633178805,207.03327110898616,115.77761963697587,337.3859711098498
159.21470234474546,208.29921518512634,116.89166146421047,335.5790717161334
157.41540462102128,205.43906463722237,117.5749567808147,334.85107006612225
154.44660122203902,208.21289115285558,117.94770609586908,334.073557682744
152.99794974565413,203.7079001127019,118.2865545350891,334.1437042146505
147.7064618483382,204.64398322986386,119.72584403516527,334.1826294272031
146.80417342839962,202.6194203369542,122.2563596124348,335.3307549517157
150.34629390064708,201.5798939827372,122.38905859408734,338.84838519291793
144.49093448581908,199.32473239080718,125.45718594730292,335.94299506653624
147.8303775328734,203.54487421562453,125.15049700437841,337.33952725094696
152.7584329322184,204.1276389561229,123.57179862023916,339.2755650383218
144.63910462574574,201.12768922169698,123.4771651330868,339.6448049269429
143.04355186288814,203.01894468205325,123.12816317016983,338.69922690379815
147.65464552392123,204.99990941625646,122.13995030489077,341.5573066669591
151.88314912019902,203.8899907532652,120.81259847351072,344.05232317046426
156.4423064447692,206.192888598905,120.02077708761497,345.289368150724
153.53678037434773,203.83766733862313,119.20613876825287,344.7856788391649
150.87574089125542,204.99454708959908,119.36807435904072,344.56861261457203
154.95477009567193,205.9592198334514,119.12750166416646,345.30849329645355
152.8365688705233,203.68862595099196,119.09769737313073,345.5590449987504
151.80892927087396,206.12660675802456,119.18586343518423,344.82539829557385
157.0747508367309,205.67502206994035,119.04360361951032,345.13259853121264
154.75660514720013,203.20023183750422,119.58752019693617,346.69917313861725
149.28133852918134,206.34484817480111,121.30575935033214,345.7097198791541
147.06511495240034,205.15092551122507,122.40282547285778,345.3375513875653
162.4061127391396,205.09871628988256,123.49589055306578,345.4786536914166
157.07776276138424,205.78304874883847,124.71121763717758,345.655982816855
155.63405205387534,204.9445973872599,125.72293965129361,345.83210591125845
154.43828885996714,204.41009018589824,126.15615042822434,347.2839184790647
145.33071247820862,204.16949229706682,128.03227578695623,347.2005700558303
161.18928887368259,202.4360347733664,128.67681351724858,347.0997940155084
155.11507462646077,201.8514997468957,129.01737877621855,348.1960488588226
150.1408434642468,202.08732682489455,128.27351646227976,349.92205276480615
141.9454984574722,206.3531044142883,128.4001989074696,350.09244289088923
154.5494109200971,211.0911202048831,127.86267923429499,347.76138935611687
145.87965509284632,210.5251308559517,126.91296626416276,345.42643504197105
145.42936233207655,206.04802685408345,126.99971032356703,348.72650543431837
144.46849761892727,202.8347443130185,126.40530000415329,351.9005213450005
143.4924144294805,201.97576190949314,125.94554750449154,352.69748203551603
142.78545440918253,201.36269428281653,125.40650562339553,353.697072789472
140.8118534407396,201.76163525588933,125.32857538102115,354.4909566047018
139.824321116477,201.20964871987638,125.39618959200064,355.11975209064906
140.4532320101468,201.53517986546817,124.6269003180411,355.19905877129014
137.74022507647388,198.62528902494915,124.28136114583612,355.33928074468656
141.03933135366123,199.2215104902919,123.75839778656031,355.60028515592
141.37564810584408,200.47294109953376,122.48660319372796,355.3951386476719
138.99414461931804,202.14019678190402,122.33459828399802,354.4616964472075
138.49462338764243,203.9433910905372,122.58549474982496,354.0397930270084
138.67687563095961,200.36231806059325,122.44126278933562,354.316853027326
136.95377338969922,200.85007449631988,122.79821646886262,352.5528529599041
137.13320110560858,198.95236506229958,122.2245977086109,352.6735379507627
138.04579514589363,203.85642113965702,121.56057832253694,350.13870546294845
136.425208666103,205.47649813598468,121.40709152450407,350.33044052745254
143.75672585393923,205.93771368913892,120.65106627358745,348.65227020910794
135.3598564964757,213.14345023383433,121.22590049327528,348.12343032894563
143.51633208577329,212.79357485722932,120.98869775828358,346.5119055999779
138.6863441741126,219.79096182094733,120.42127947760108,344.8643711668656
143.70941726536958,218.01787788360352,119.99056412699628,346.105888496433
144.21317785288184,219.01845154880428,119.77817982092547,348.75293929377807
148.7315904907413,223.22165796125893,119.61662729606104,350.42766698705725
149.29820754359042,228.44022895417538,119.54687297151361,350.69435858124143
148.34104969809283,231.05426920638726,119.16648660943869,348.9755368239185
152.3703734028217,227.2467300676592,118.09965715118335,350.3477409558668
151.71810939445876,230.22936971148056,117.6872886339432,348.2732540380666
151.21988767019585,231.1110630127666,116.89635222159103,347.3387211022769
151.2007875586685,228.82696922237255,116.275510801503,346.94212358403547
150.32978815304145,223.95102506410103,116.61796334715501,348.07223436609365
149.8180088207239,223.89636177210824,117.84839401308044,352.889800028601
151.61347436045008,207.69674515987265,118.53170104321666,353.82860120045984
152.40688339214603,193.06003066816396,117.46843354983596,357.55376281937527
147.27837298745197,188.1197084366354,118.33556654947066,358.952834177574
147.882472557958,188.90543818116493,118.20908060807402,353.78404793299126
150.50578619140833,175.45236977871284,117.68368098704738,356.6568213956103
148.84206843528386,184.63115189008306,118.96989440380688,355.75391186647335
149.48675151074687,174.0398883296992,120.45490011529235,353.41159958599593
153.10789514681554,165.3831475111999,119.638336872696,355.6395366368129
155.0810395867665,162.9764335372484,118.73962275132375,357.26779011953647
152.75005582767886,171.0840693083292,119.4435390648176,351.2717702100653
150.5523169771472,174.2102819094382,119.64522442274128,347.7312290296063
161.22449457007323,176.24497235065022,120.08815790266074,345.28540118482573
158.56165058971493,175.8704604062077,120.58590206149742,343.1521733342088
157.82447828364258,175.10797844665495,120.75015434366324,341.6322094178498
160.381932441813,177.97739589212767,119.57862638315733,336.5172873977883
163.171167872663,194.2485752974652,118.34202010733378,333.0435244733437
164.2971945727561,205.57385886528857,117.48393874637034,331.69918216069505
164.58549877908985,214.97006590891186,117.22510635804443,327.8619949716418
164.55708846537922,222.86346983010344,117.98586272784388,321.09740392613367
164.52848696133879,229.56376299062924,118.15384432845164,312.0720956011453
163.58946565316288,237.1345555874425,118.77660275462559,303.03180873973315
165.91808363406423,249.68301273298448,119.27354970374206,296.2880114377849
166.19274246393303,259.2864926631354,119.52127834775352,288.38277982607934
167.9857660304117,269.3197034472057,118.44276762608163,282.7492653624308
166.40408275151898,267.88095018412844,117.82057119177107,276.63623519882714
165.3963698665399,269.5587628415918,116.95488629354686,273.31036444247854
167.50672194960666,270.68195575029506,115.03895045131168,272.68907589985224
167.4728020125832,269.0888592602545,113.35279586048432,271.8269867334795
169.65866431640822,269.22098152557743,112.53661133767314,268.7792727642808
167.12451537976386,265.8097163502292,111.61060789183952,267.5065939932731
168.92628202133454,263.5559221955614,111.1997292183784,268.55932638372445
170.0964718447342,263.4829216434275,110.61193307530223,272.8918890724649
170.53735892868934,259.3012095763563,110.23531381509532,275.0368149766269
169.66627892890187,259.82859369294675,110.11784895199938,278.3237105808788
171.89535230431034,249.63445047732273,109.71839322596271,280.3334474363212
170.21884458022294,256.7232747634696,109.92642585934868,287.9972924705949
170.27441872118973,247.06193999853016,108.90805983640251,291.6029028650367
170.04340463634787,247.38238679895267,108.01036813361159,294.2338574659434
169.18684900887817,248.14374283028621,107.58904039700435,296.9556055091723
170.38226355931607,249.9287341312706,107.72614227108883,299.8181742911757
170.59544264457386,250.1277527885776,107.59517968348764,302.2786007407524
168.51777678673162,250.62945626870763,107.56949352350073,304.9026502071128
166.67928862607874,248.1248719633954,107.53864585303099,308.1518334900166
164.53504132181936,246.72521676861493,107.54127515469548,313.62782873599235
163.91150512633527,246.8072402681828,107.73641938308887,317.9395011887609
161.07871998923557,247.7704823820137,108.24988003433299,320.88382270145553
156.74980532065092,243.9974508556075,109.35975671952473,325.5659300181077
154.9993114856365,236.1342658752601,109.84398737813999,329.27891229874876
153.0124082308914,232.17624694277725,110.26966456748556,332.30912929808335
150.02148134827948,235.20119291386823,110.92516192172918,332.0303307244317
150.87957567640495,234.7277430633381,111.09749851305205,333.2156196791083
149.69489258657185,238.75659119448295,111.93976699069191,333.9521920249118
149.55424769923295,231.94108348177753,112.96979791527207,337.18522294562297
150.52180212050897,229.22820881528244,115.04551089202545,338.4925874405089
151.21931970545657,229.58433179372693,115.91783354836315,338.819926477936
151.275760076242,230.3439629739169,117.7590257590628,337.473503654819
148.990893289028,228.864645779694,121.39669193923416,334.1044622238678
148.17060905649822,231.4689378919967,124.1609878451278,330.3795270146891
142.81816060478468,233.65607793610778,127.45664116487566,328.99354224316306
135.67238214802748,224.05573339312218,131.67742876839253,329.1663554288657
133.12581164978042,211.520729576511,133.93068071535663,332.75674880427556
133.72825387498898,218.0142925326441,135.72690586500664,332.1192513404957
132.2705880371723,218.99458334951441,138.05773329392827,329.97556805270233
131.87217155538565,229.68646604819875,140.54348913958162,324.7429676638786
133.58844149471906,228.20655230450683,140.61266849728872,321.6704775128652
133.62972229747658,235.0838625677333,141.63695000567296,319.44298329866814
153.36428715562653,243.48639987604327,135.84758789801563,317.03791879099595
152.05690267451763,248.78517604524575,131.90560274798975,314.0587002691193
147.69047962754962,246.85966251352073,128.91339505469432,312.34509968516943
147.42556255325573,249.93918448768804,127.26230240350795,312.5508080294679
150.98928331537095,244.08649743320115,125.23334205756119,312.91897720527516
147.99230472625695,240.943092505,123.4465646967572,313.7197774638991
152.4077316928784,240.07096105067575,121.69780543285636,313.5659774281354
151.46002099523992,245.72837723601765,122.5974800963752,313.7974621579765
154.9850624226553,243.67490264862948,121.92706547732325,313.1801548172499
152.88255786556869,243.63476945717088,121.07278990445423,315.16836623705524
150.43568387744813,239.52218074756775,121.03641455153272,315.902352269085
149.7442993403232,237.53301213117453,120.72992278536663,319.10322904597695
146.0035445666186,242.4585030825138,122.64862143494871,321.34679060032965
142.38678951091245,245.7924704578429,123.84113213382437,323.1838655008555
140.70440426868785,249.27735381695004,124.57575063119775,327.0029095126217
136.67430354283434,247.98875896685053,126.9674149430122,330.0467688617065
133.67461567924772,251.81874063949732,129.06691002252612,331.4061164676458
131.44968684187683,249.35063540241018,128.79574938290637,334.2858832505664
125.9235433745454,248.37030203058433,129.57795098279138,336.59355822252013
119.48701730022115,250.10858654704617,130.6692658038642,337.327961498709
117.72817837526716,249.30090980399746,131.9166978632906,338.48312924838865
114.370106634541,249.24876692482349,132.594535585313,341.7505965500868
111.99828307247675,248.05780820819334,131.67964055322201,344.04246197471826
111.26443066337723,244.11117349333796,133.0123975648243,348.8911793166452
109.13031049854307,239.7890369115465,135.3520150526576,351.72856485358017
105.11946112818411,241.88038676531875,138.1562817712808,352.0726390756316
103.94536759220065,234.9280824719152,140.9145824759267,353.9438213776487
99.06803048318105,232.0073149789153,142.52164793694686,354.0882342666331
100.08241113297564,231.03145537933426,142.23372337689779,354.19916903529133
100.16218861142787,228.33949205257994,141.19514451042454,354.5491610955993
102.87367388440614,229.1235847210282,139.17137631126974,356.96688975063086
113.88494863742417,226.2993963519726,139.33731481182548,356.3796440827362
110.85028844016234,231.0804557562652,140.39877263844753,356.6319583719904
110.47765093512957,229.80399008352254,141.89923617323612,353.7742704585951
112.62104077836747,229.21834974964705,143.40715758615607,354.30658838067956
116.0768459169754,233.26634222530362,144.67434884550028,350.51660270838863
129.69132011267337,233.28298190791287,146.79963324219028,351.4944695309524
124.45134354747563,235.9241399718701,148.54016357442902,349.3644361178817
125.16045198082799,242.00380029610977,148.1794451627719,347.28839507908253
130.2965250668757,249.58206468350232,148.50285143513452,342.30083545865534
129.84447232171485,249.75858000934437,146.76755405909267,339.97281420066327
133.44016024091945,247.29026220522115,146.4380513705553,335.337299578502
131.5547876274465,248.75875245523565,145.28716764547482,333.50826964667215
128.6016260448987,244.9215948662394,144.17652732866736,331.0968466425968
126.83531353000902,246.27708784913435,143.28065075245917,331.16494702820154
124.89563876235184,242.3158527668076,141.03348394561044,331.15588242570414
128.30257819888158,237.4184192726574,139.25555621009366,331.9709606337922
126.05455636496504,239.63035006764548,139.6734572349519,329.95934217163887
122.50598411765773,236.81654092182714,136.1939577857799,330.3417765185734
122.3532564128441,232.5789982265203,134.37854618147588,331.087203782356
119.8702885681999,234.04719414536848,132.7950672360597,330.29436544006677
116.43022337822154,228.96528879436934,132.49225617924884,330.1319432319088
113.58154628299789,230.32625129414396,131.2253741102357,329.7207982807299
110.61436914324315,226.58386808754514,131.10847840881866,328.98866196107844
109.31464619676653,230.39212536018874,130.44365709557988,328.39285788408347
109.12622378105064,231.0789483522415,130.70994583117312,328.9452028391183
125.37623077763864,240.02809779713988,137.13128040977446,327.2867415958059
116.45008916007323,238.17661742195838,143.5510237050249,325.8058058045734
110.90257463052853,243.95966820973226,149.91074364012138,322.0938735977696
107.53332774733192,244.92754560911257,154.51726819302888,320.2976254072567
103.56982929545656,243.58797549521245,155.32339307605818,320.9511818910079
100.48580368026485,251.28473943744234,155.8480069208825,319.4770885539724
97.31707878539673,254.15782008755582,157.7173609311998,316.48531272508944
92.59128159332136,257.1498571593145,158.44610833048728,312.7088978261095
88.69478900669029,260.52912524472134,158.4289815042377,309.2692074041971
88.11549322007295,259.09896118654063,159.24779250839583,307.5406449680378
84.5328083531206,256.8753299158757,161.25432349336864,306.65432463125484
78.74028899521026,263.9902149172152,162.0471134832982,303.6907804433952
74.98573340115583,264.7897930440089,160.68933567146811,302.6794847740668
74.41141740814936,267.6231417134027,162.01513709965786,302.30407390378514
72.89399480926272,268.1172790540959,164.55242215396038,301.7669017175922
70.42282279198648,268.0966642577006,166.82136173332793,299.164407107273
66.82373960462067,273.3614568954331,169.4882180265776,297.63634389601697
52.371305979210945,274.94667727942283,166.31533030303183,297.2688198932506
56.3254497826982,276.4084015102417,166.5067207356081,299.54921168735024
55.37399495391645,274.2606517102636,167.97255501666098,300.8600866630541
49.28836897142928,270.0858823380497,169.09176783521198,299.3239919388539
43.56716944634056,267.4059113451205,168.9687886963025,296.0316197386161
38.08501084645992,265.78170685178145,168.48506970221612,293.8799361235181
23.59495399202052,264.03879280788965,171.21266761824825,287.5306640373515
19.572746412936795,263.1872336099789,174.01250775276458,284.92145218720134
15.82224984850744,263.4618890863909,175.36762924237158,282.9356526059899
16.78412989443899,258.0562251747025,171.39949706875188,285.30076861448623
16.927511116401703,251.4826203609741,166.34983617969706,287.02675269415255
19.789291509594932,248.80046923245726,161.04533806735617,289.397936903472
21.86259168321206,243.3244115046772,155.29345183717209,293.74278640978287
25.675978207852978,238.99528926445998,148.14128053349572,296.95359455751463
24.391668728281346,234.74087367175025,141.3633189872679,302.6209891184071
33.173626437074006,235.63372086585457,133.63898601291987,306.50858927441845
35.599286166529104,226.57783273584985,127.52890717462277,311.2594436746867
38.828485749882596,225.60378983606168,121.88967746964293,315.9479913005875
43.395303436207044,221.3667344493021,116.86966857709658,318.89643774457784
47.54366223734334,219.5006723535766,112.73893322122291,321.3612756353697
55.965722227753844,229.38335056358358,109.62265080296294,327.7282186385735
61.187403886095055,217.8931259029601,107.80120902558716,327.95817967857045
66.7215942538821,229.13794455804347,107.01840892508386,331.6311190438187
72.1541715693464,228.3085582264657,108.15132024264157,334.71391521599986
77.4773643298449,231.23444217592836,110.12900870388337,333.11661671175835
80.89141734376174,232.0293487679338,110.59982378429552,332.24887869206555
87.22010266293427,225.44596322124892,111.05416178700274,329.61791457120194
91.9333161468897,224.08357432997087,111.74278894964607,327.96349952462595
95.76113247144943,225.25273136861688,111.07503986833667,328.4587847763287
98.52840088278317,239.21680566317008,112.79370357667503,328.68782460274963
100.0543381301523,246.36867792081506,116.52917592184156,327.01177040270625
104.44015559168233,249.31277883593765,120.66553050073463,326.58217529243177
109.55577628967013,255.01299578260608,122.83829701644115,328.668419522569
137.36573907174036,262.4007457796146,122.40201479336514,330.0234794498166
146.91084625821827,262.77319470422015,122.51559489977947,326.06601832431465
154.76998545919895,264.54023516799185,119.47825140382392,324.01992312694244
157.40781602103283,260.8088187498007,116.40189199982174,323.7433145685189
163.11919244277703,252.41976525766685,113.20206624983916,324.709269643912
170.7663448230794,254.03808399304253,109.54431620725198,327.20618272171413
176.4864501889047,255.8677478070457,106.27590799635337,330.2956568019292
176.9319271773196,251.32337216644186,102.83710555646508,332.27087410944307
179.89051798886007,251.77707494450078,100.37057009541725,334.6847497480121
184.8723214506238,251.79115333750613,97.82211572163347,337.11078560039863
