340.5,358.5,18,55
337.1473799912088,357.2207420333987,18.496036297489628,55.291306045698
336.0737810463229,357.68274099008835,19.561723762647482,55.44292222705293
333.1319263529615,359.8441532363527,20.73025418284809,55.06031451423303
331.2986016322178,360.0966231737559,22.125046362677736,54.91478522339961
329.2224115643845,359.88240414809223,23.498588102271952,54.41564112998974
327.9678480407761,359.67886499033165,24.40107087668442,54.11265402106855
325.43953494411016,359.18993155624673,25.1785327557464,53.96863260932357
322.6644109156203,357.44361316750815,25.749805516705553,53.631293543371164
319.81001472490755,357.6445688294482,25.830953359251723,53.84797346848017
318.1815957772638,357.33474540630084,25.464059402961446,53.800239624200266
317.59338264625165,358.1335782696694,24.828268071792632,53.85685157976755
315.9256561872699,358.10552946168065,24.1867259984537,53.65603863322976
313.79847349650254,358.7919084175415,23.44552787290837,53.709640971027355
311.8694796657129,360.9208281177641,22.295952420321306,53.98895910613522
314.46242542259813,361.7505007020913,21.850923752925354,54.04732669745235
309.4792330532375,364.2406723439708,20.37066752332388,54.944694232937785
306.889198993673,364.447310139024,19.643263031979288,54.87906517727429
304.2104820135562,366.0857480480684,19.669496869379593,55.392236766335735
301.61734133436295,365.9773818439277,20.13992692085084,55.355395190709544
301.46068631224114,366.94186945534364,21.029434768114907,55.226404184567656
301.6728567336928,367.7567426911108,21.70042011043799,55.52484710989154
300.1613307164649,368.82222295197556,22.843199041179886,55.453279517239096
299.01095711182256,369.3542152347151,23.803448637511313,54.79624876340547
299.446449188112,371.64012506618394,24.199768905403634,54.68142840237829
297.3652279156429,371.3258268321216,24.41026137709969,54.427773607838105
294.96902566809604,371.09051983531316,24.050286836243654,54.094637205680264
295.357164210243,373.20697011087736,23.278121103395055,54.22369229725199
295.08236318171134,374.228940921588,22.461656346989496,54.08424722639077
295.3399390435457,376.1173185491293,21.618621975806363,54.20954342013014
295.4717145165779,376.33015865052454,20.465862951357654,54.3952904052593
295.00003777116103,376.33235010966797,19.57634464749075,54.331111820486385
295.0743593295711,378.3095046361368,18.56287193081324,55.20085796240349
295.85631151588234,378.64053126822347,17.868629604623234,55.85148875737316
296.1105230504274,378.2902810471176,17.757402113154654,55.52154994196316
296.14064684273797,378.34523136184407,18.245279735957652,55.125628407730844
294.4643147579755,378.96074031505543,19.205599192271485,55.03923103906591
294.54759207097896,379.7643376762529,20.348627514949236,54.90933421877823
294.4532930591864,379.16434749034363,21.397293382925177,54.39901950945815
293.9039990370736,380.59087550414955,22.453782398325053,54.07079811471983
292.10977336284594,378.62214137000814,22.96229748083503,54.145298653434175
290.4417082138145,377.82596779578444,23.436214405713688,53.504829582551814
290.7719096259183,377.9234356556986,23.124737529649153,53.16971928012289
291.21161861434626,377.4179367273193,22.40381435312232,52.74288358928935
291.61719387335853,377.57917827685446,21.67700364749583,52.39188416784462
289.3783443137087,377.45705567522106,20.550490959544554,52.412933341448344
290.25082819258904,377.6078584430972,19.585731252988456,52.43499011653478
290.82697899545263,378.1204839146037,18.801356632286705,52.34620008574939
290.53246201489054,376.2649414075171,18.084178287388244,52.38473823636675
290.87621240570513,377.0721240969489,17.729501706150813,53.27877615874208
290.71085795493184,376.39386535244296,17.45421262805649,53.196699068057356
290.084133136835,376.9054082632455,17.86896059884861,53.53509991980742
288.3020170819465,377.4586148069604,18.9293777729415,53.763967012355046
286.9197632746513,378.36457816920563,20.133168281666332,53.783450457465975
285.76367618537296,378.47606387525923,21.351289787836944,53.376884207573994
284.8143256315889,378.94798807138596,22.840324744596675,52.90326860006861
283.3433207585877,380.27135458756334,24.031216426672387,52.33385137505633
282.7919527664368,381.0578754769412,24.94049045638048,52.04899507355746
282.37917055039543,382.10597306638357,25.016708811021108,52.139558412891674
281.4725407909545,382.1864159096908,24.786008712288165,51.969360260490205
279.2961528157656,384.49102588785,23.99017120975465,52.23574159582835
279.79562032065,385.25173075334146,23.19167373086096,52.77427983237479
277.7647508260432,385.6065375295567,22.09860467564101,53.302428611906855
277.4376689267456,386.79048851198513,20.978545265808837,53.3748700270244
277.07771991519417,387.95785715068024,20.12110876571069,53.39926837738075
274.09753468390613,387.896338144046,19.13120189979554,54.34625012481815
274.4834057375965,386.32396290962697,18.409544401953063,54.47272914742827
273.5130362364417,385.2821983283942,18.12528111544439,54.79886196952364
272.2883123527643,384.15173483117485,18.260006344804765,55.02873589770871
270.1306797271431,383.59104328514917,19.018757094475504,55.19926450949346
267.8347294242608,381.3428374633255,19.93268419140528,54.90241510196282
267.5094670420975,380.4879991451722,21.25068972250503,54.29460712103619
267.99773197292166,378.82186116258845,22.037211966760424,53.988123950003725
267.6058374826038,376.83918563319884,22.496203585306972,53.977423439797896
266.94534847517815,374.5625414292488,22.92593939406158,53.8485886634938
265.56150882378284,373.052721212838,23.332153242750636,53.43737596788232
264.7910206265455,371.88162744762235,23.152654440386968,53.76228315811888
263.83721259886926,370.8617019427651,22.489912219372265,53.86782265870102
263.8076199575194,369.2227829789572,21.75046887381801,54.070568509061516
263.7871335727087,369.597160923908,20.891637289725505,54.5124651088221
264.20242673423326,369.7588896179856,20.091250909786716,54.59456857176404
264.7051702058809,370.02896552972334,19.31361340527796,54.7518724525007
264.9763215444762,371.73011506161254,18.80526275937194,55.25023485722821
264.5794536819522,372.52016901425054,18.21064513664152,56.029473818559836
263.476149683943,372.9557884441627,17.928846712905965,55.934537654009915
261.6454704239071,370.96386145643,18.185493986487224,56.40202657820572
258.18919987965955,370.97463596432505,19.026553370270452,55.79710938023336
256.91244471380895,369.3794486461858,19.970062376364336,55.65377525338934
254.66223661362739,367.516460271972,21.30974153906882,54.8838899946758
253.101146874965,368.548973834306,22.14752317589372,54.39595539835093
252.13885192808752,368.55095020926484,23.02935782348621,53.93432883056028
249.81544261920732,369.5144142568986,24.171262395912766,53.47861538735429
249.82998577078493,369.04435592985243,24.178544649078226,53.62536239060584
249.42084117182338,367.5827927355929,23.999696240857354,53.53561775213216
249.14542847224516,365.8541718938391,23.512324003409518,53.54216582830929
247.6880881266067,364.694366637302,22.798678278670806,53.461696137373615
247.33449840295032,366.9210773616908,21.729732414132066,53.58358587252536
247.7013445302465,364.8911849578626,20.918039263860695,53.473246626226704
247.7717543209521,363.76129135351397,20.229650467151785,53.40814298294942
247.7402705870928,363.7444199168076,19.482501047777824,53.50265328344904
247.93315418047274,364.15106967186654,18.932392709303592,54.52715892527051
247.84515285828078,364.3609883299573,18.389225915802236,54.995898355075965
247.35356231114795,363.46268929663506,18.187794259060787,54.945735075857115
244.778666525476,361.9644141633787,18.3632344243073,55.14534906879501
243.11075573094993,360.02748120694844,18.92057643724862,55.468646639446604
242.0862436895671,362.09047419167695,19.588669500231212,55.4090573832465
241.07844980812828,363.2524062205273,19.890573300286924,55.439017702605724
239.96566921455508,362.8358535204384,20.135539137167846,55.09699070894662
239.4130046427632,362.87805205830267,20.196011017186464,55.30382711319464
238.6833727951652,363.52866152062916,19.690867149172945,55.75662887945958
238.02445596642363,362.446552276904,19.355635721245044,56.030093620877196
238.23402109228851,361.48105336571507,18.90520795343755,55.58213274116771
239.26864416027973,361.0726176343161,18.375206826877402,54.709246856858755
241.21015825142678,359.8879728153616,18.25439807359944,53.96474765161278
246.32440936208243,358.69448593188156,17.748141068657727,53.27463544674066
248.44284790980572,353.5832356808974,17.49523294637092,52.90233976798376
250.16479928877638,348.31751689720596,17.353754857695375,52.98881769486375
250.782083112385,348.77110689770717,16.91486868707111,53.24747653148495
249.91435902410083,350.02962384338286,16.57859912453427,54.008736011334165
249.50005190110986,349.2959110306922,16.51621858330003,53.84185699403811
249.8904421520493,348.2196924984915,16.673786553539514,54.03159559881429
251.3722168763519,347.74193063670674,17.213243324798217,54.53126746949002
251.90492758912623,350.20271022356076,17.843907352282983,54.81279181094925
252.84756068640957,350.22254778682054,18.610901938050823,54.478304094545855
255.49374366437786,351.3200262348155,19.3750578746618,53.95079691130926
255.77128948014368,351.6344538634245,20.076014564854127,53.45378654718913
257.5396063209953,351.304701037417,20.882617329531485,52.90923641307129
258.068087226141,351.0037979147205,21.424899160139766,52.40493399299794
259.22416960601134,351.05450497208824,21.768312775261776,52.33417833569068
258.91486237399545,350.9276718464108,21.75538962304057,52.38006871111957
258.5338535226805,351.55178667738716,21.47880425827247,52.41032685071867
259.52323960595,352.2321905435617,21.10941400587228,52.621696051658084
260.08067762183856,351.5542411289924,20.49960204431988,52.24302032444614
261.1110432630502,353.2371905294881,19.848160479570907,52.27713592393678
262.3698513855845,353.431086746719,19.2397314321874,52.285857517785765
262.65887499661414,351.47038197971955,18.507160211629344,51.99853540047851
262.1240253231474,350.6106209702322,17.911891783217975,52.22295394102152
261.60183721036645,350.2627117199016,17.422583397459334,52.26417736464494
261.7864690799944,348.10326189834757,17.004526420547073,52.29427629135289
263.29005838808405,348.30483634646725,16.900861235916913,52.77847694106914
263.0666148635441,346.7618796631679,16.92497343367461,52.40837662816343
262.09180551375584,346.42438439709747,17.217669196811546,52.6149423036416
259.6659840664473,346.8552501102233,17.584181781370077,52.73609498641007
258.5711431560419,347.00167227755236,18.014070797462843,52.95798849621913
257.565882884948,348.2816614479107,18.48565996986912,53.28396191293344
258.2461064943241,348.0396413310145,18.73013027736205,52.95068245554481
259.0648027802753,347.6945063256706,18.99843779300701,52.8885554654429
259.73022401725143,348.74514284552714,18.906519583962613,53.262677151529395
258.0090862127378,353.5315387999246,18.697670715603262,54.06079111889417
257.0975894111348,354.9624967955905,18.44714890361779,53.982320962675914
255.40947081887265,356.0449833817622,18.214047566184618,53.37886097583345
251.99427858443954,356.38348138042954,18.105097165666052,52.96195375008048
248.81377146754699,357.51273751521535,17.85792849234667,53.07136259447674
245.42511312835816,358.867827859309,17.676970806252907,52.399768045968436
243.86248515023772,358.2678205889564,17.15290639849534,52.166984201053566
242.86175183587176,357.4209615019566,16.461674786947103,52.15931675779704
242.62763055059196,358.1074071911554,16.27883770281312,52.326282409314224
242.9592410403978,357.6750130207059,16.049980356595675,52.67982782409247
242.3947520451539,356.5940720793692,16.146404316665112,52.77569756267707
240.39700312818837,357.78235894194336,16.458482207740296,53.769747187672294
238.03320274081793,358.16581174330383,16.96344628280466,54.78975533750713
237.37936556044951,359.92031400394023,17.925057387277786,55.291812484630356
234.47558248421703,360.4383848796661,19.135053120431213,55.70534319373459
233.2120322466154,361.00493108242375,20.377387040802038,56.131018822200666
232.63345225352808,358.17391541080156,21.215904589518644,57.321369047433606
231.2476008872963,359.41719562164457,22.259867153410738,57.908581294586014
229.6141496337583,361.0369175124041,23.344004653467678,59.00975183191467
228.04831649260726,359.5901088672952,23.925187470575068,59.49290626583968
226.61283213828546,357.63151921306826,24.37776518991507,59.9928556834702
225.12678354979965,355.73348634263385,24.599059373112247,60.63089544434334
223.8210175483353,354.3437423340627,24.468366444324026,61.59625971175263
222.02441617315313,351.773303643826,23.917672138108824,62.503623736970916
222.26703061219087,348.6560021019179,23.109432874996866,63.844446589311296
220.22425738859963,345.179507204778,22.444530618413474,64.30529609046972
219.0750901744483,343.16780126340075,21.651034077859304,65.26486186192659
218.17181487470577,343.93957924805727,21.175221739417122,66.58426980748479
216.52727228789416,344.5832909217313,20.84417255940266,67.5338516939014
214.05139380680455,345.2042163758283,20.980749696752753,68.08361496055016
214.3970844306256,343.41765627073625,21.510558901686373,69.0947980769996
212.4135149495138,342.5473318295535,22.477426066729755,70.55482867919274
210.53051299319338,342.8953456544596,23.690776905106105,72.36441078012817
207.7686325344086,344.81453302170223,25.28484722323411,73.45115163097006
207.1398190545664,345.87590304350414,26.478145825341166,74.86754299033568
205.69345251387625,345.85847379662374,27.728155346388206,76.79277149542614
204.79301242085813,345.21189075304545,29.00719954962493,77.07127710494444
202.77928406857626,344.79107020234,29.789917913810882,78.190124090812
200.73250207792128,347.1940423102912,29.948236381204822,78.8348591771252
199.19562805531217,348.0568397339107,29.243083564682934,79.7335428752658
197.0360126028542,348.24235763135107,28.634251553796854,81.09358868534258
195.7772112517865,345.9891728165251,27.807314136761157,81.91304267893194
193.18038120623038,346.3125566910825,26.87664084622054,83.24802243786623
190.85217195637327,347.69073066260216,26.270979153368817,84.62092883595237
188.51155493778927,348.2386137722108,25.926248453598355,86.3255952987724
185.91780320571212,347.6888566698265,25.592084437283923,88.57448398855688
184.12571977935423,346.71407121173047,26.201051829016414,90.61070902394252
181.40331667328212,348.7739088459517,26.9637510694199,93.46058245774003
179.33382269445775,351.67294226746145,29.041899612472093,96.01399228403207
176.19081511016407,351.32177718946514,31.59845025011464,97.43024368893747
173.07053003358104,350.17570273680946,33.98452988471077,98.03701010885918
169.0202152432427,351.55397065193864,36.674201652124495,98.96556935039337
166.48187078620052,350.0821949519466,39.073321892121314,99.5578655719259
164.1409389589778,351.8294684469549,41.09715861289666,101.3446200803224
162.63193331617512,353.68025414192334,42.742378369800306,103.62544338566755
158.33911881783712,353.1221712337259,43.78093209486985,105.32213293138665
159.00774613465308,352.8366441365799,43.46259442576886,107.39125283574656
159.7309946268945,351.09321316360086,42.411025747627185,110.17164369615611
159.93043638528934,354.42062558786205,42.04026669737595,112.07165702817576
158.19141798487965,354.97698761962715,41.33752070324294,114.28559526666274
151.28375880810876,356.67863476604316,41.64877449684818,116.04008781999168
150.52052870794958,356.1824679197343,41.14635290891278,118.73580138207042
147.0888114058405,360.5123059134252,40.97409720551376,121.49620653329939
144.3124071752179,360.62182788991277,41.63711608546012,122.0194983170759
142.55010823603325,358.6163461465898,43.381923085533494,122.29942037229478
137.38961820998014,360.59928825947486,46.23200784726495,124.34958839261849
133.9120817073321,359.6252635731013,47.6306438370276,126.08508237178899
131.66088065052537,350.63812046758795,48.3418724925417,128.24079749211737
129.75561609024635,345.65088840777537,48.78107564340374,128.75433650950873
125.21064831304201,350.7729590103689,51.86739295745595,127.72228579657015
119.2627395846515,343.5047948476597,56.23773300487417,128.0344815841467
117.91786608459657,338.40309517824056,59.1157337504207,127.8810140864372
122.61693809977952,337.976031006321,57.837340696617304,129.4165616836256
130.61349992780538,338.6374306791844,56.108098723915205,131.5124644634481
140.54277415696532,340.15846570225864,53.95316926889117,133.1149762120384
154.28681866967918,336.3284233625691,52.719572049493756,135.3514516346732
163.62410810985202,330.61617927936453,50.58452106221448,137.9786222961994
172.710811891836,325.3869674138757,49.36243796113719,140.69999883174253
185.48941151916674,324.6430297204723,47.62259481609481,145.8843709436316
190.72470297176596,330.4524572324248,47.164670030098016,150.34788858513198
197.43740561622602,334.19674371147596,49.386089577908855,153.91318392079182
197.6318090040734,335.6135753188122,53.01963788186498,155.68843365091305
196.69976507779398,338.2582960540318,57.377636523913594,156.96319973433748
204.74831293298212,339.4945349019406,60.55111729058807,157.0856946489934
201.94531996947757,343.5368961213319,63.39833322858349,158.30077022199066
202.16084025637588,345.289706727015,64.54668794897631,159.52085749527404
203.6205034293784,351.11011070758553,67.35337430972788,160.50838834791477
206.89594367598193,354.94067708367754,68.6072323380968,161.61853969912426
207.66687571544733,356.37195172700035,69.23125990650482,164.01003256106878
213.76135024648903,362.14167879505266,68.69297231292727,165.42286895993735
217.2391037979423,365.43204130988227,67.93465072637815,167.98496524222872
225.95437685604443,366.79909798114886,65.88567256519097,171.1870916190864
233.1295579695641,366.1180653593999,63.733591626298605,175.55525847086074
240.2381757906118,365.00585643001887,61.710253231517676,179.46982551766456
242.3427616425936,352.98693546343895,59.13213867076549,183.558990387836
241.8793047276809,351.0182440925437,57.87030890928227,188.65509708001264
232.26928215375753,336.05651582546494,58.299037071045014,191.10650962308125
228.26169562220122,327.09586581233435,59.38640041888664,193.9572682675065
221.63004299350717,317.5003401320819,62.665069369512,196.1653045675866
216.92128036697477,301.1533741948649,66.61242364784538,197.6274172891886
214.71320819300317,291.6713796090014,72.53835495925141,198.63791715732674
210.35988181178544,284.02363416017516,76.92520114591173,198.19775799241816
214.6626725044906,287.1175185290163,78.39786206244234,198.54680012967484
217.8347104818372,283.35535644504444,80.03491909191055,197.82715724134408
221.7123407566639,274.4168033225586,80.33507464943483,198.0308244604368
227.20272514655653,282.56847278457764,78.66734374196405,198.5075186479711
234.63160944228278,292.0007576839258,75.63853652288704,198.6645457578441
240.99418829717092,287.9281060013437,71.76913175805704,197.69028792763478
248.78524550451468,282.53332128719217,69.1191987017069,197.2377680843924
257.8459723935865,283.489523992424,65.62430036637325,197.83193587415468
260.36917627133926,289.3395546955451,62.79027206643417,200.31053009230203
265.5371136465858,290.66591030196946,61.15940010067011,203.52002009329
268.86071942480623,292.01574539346007,60.660122027353076,204.68921420817557
267.5227749811078,293.73110899479383,62.683969717926885,205.1549940302731
262.2811634263096,299.389755925162,66.92139376288695,204.24552563950752
257.97170066750937,299.91996789959364,71.20942814813274,203.3533863601627
252.1988830338864,295.5465116971935,76.11163842758566,201.8036345269868
244.4886164539734,293.3914352055631,80.94222102588819,199.73334107622668
240.25983432009738,292.9208144744609,84.21618439108289,197.72936540586272
235.98260955048224,288.8813734378417,86.99027752314767,196.54761210312444
235.67541860061095,284.55785503146956,87.71390400792744,196.3416396919308
225.75648975676785,283.3979765432873,85.37729842351892,196.39799086842964
232.55305747916123,285.4127119002611,82.55227230032645,196.211662902361
236.7307522703954,280.11665634382774,79.28258179927894,196.41793836764472
248.74630853394933,286.4608650770078,75.65926803926094,198.04351721628714
257.7929040827964,275.82727426355086,71.38892240055127,200.07613120098898
264.435408912074,267.3472091599305,67.6021122048866,201.59150871505346
268.0698093046258,263.20286247229967,64.54418788462678,204.68293694215228
273.6279738726076,259.29382309790776,63.526770987737876,202.07596590913684
283.94272922492075,252.68659766362936,63.4570919023743,202.17613130863847
283.14064731265483,245.69024713769755,64.43270030984527,202.63483196377354
280.13381478669396,245.46553332562226,67.37795901830688,202.07498725096428
280.1008343724094,254.1270484319312,69.12610084758555,203.03102503151044
279.0021680490026,258.2543783654593,71.81023401601136,202.7116059099988
290.1780649684427,257.9254376738165,73.71402870862525,201.88463569454473
288.4996168093878,262.86822372878333,73.90744331439373,202.4169093106242
290.5588414968631,264.9854357834465,73.32019387154145,203.5125003837929
290.39423294294687,262.06460305754626,72.97220333061988,201.84825353166895
293.23026418876566,261.8559152471177,71.5091104320304,200.58954415725623
295.35653938784634,258.98975608273963,69.63695783049994,199.80669811070726
287.1854021843719,262.18748530364354,68.41865865956794,199.73244003968796
280.4790642460938,264.1230180225376,66.42925686125844,200.4188473077408
280.8874059094197,264.43160044132577,63.18902173673973,199.0918786505082
272.7188596471406,268.3098123417457,61.87576750531655,200.83757200665067
274.2304660581124,262.4897301308783,60.54710281340827,201.35758872330743
266.03857256600384,258.88590237584083,61.700494480547846,201.67659524656602
265.8244042190831,255.5793087259495,63.020747330204486,201.53605415660866
249.68218614792147,258.8831312719937,67.89233023156089,198.70612093280636
247.42165656454577,266.7801366523848,69.7760545747039,197.80850394796414
246.95475728593152,263.3173166938072,71.14670731560622,196.36081184149876
242.1620829847454,266.96402582382984,74.40170265793819,193.8090913696919
240.97329735970837,271.83188220675555,76.19829330908574,193.2486544064528
241.32094852830448,263.11130217144694,76.39073235878388,193.43234720717257
242.26649607917756,266.20337325238665,76.43122376102033,194.53706059796653
239.60964048299593,269.2570661706849,76.43222371452245,194.62113155610876
239.38991980488578,267.8078878642899,75.58770842382356,195.9675784837639
230.365401257156,263.6915309005392,75.69664771044518,194.25909120124334
231.71728681458836,259.89765154812005,74.39220053585758,193.8169073935694
219.864432351927,256.5263227899005,73.88086463085799,192.64615663058947
235.6703324989255,257.45649045119785,71.5360473690876,194.408344138958
236.09164476540266,261.92224343515034,70.21768088347558,196.80774694638257
250.58497004284118,268.34975545217503,68.8611744478612,197.95089662601725
252.34625947935277,274.6410203002397,67.69384497974528,198.77307674586706
254.03060013014948,275.3571516825162,69.40512068651367,198.25750182749778
254.77173058816416,284.9093892112381,73.04203520459687,196.56731433719264
268.34185514609203,296.76292043281006,75.06711316088463,196.90183590894128
270.70182632457636,315.7165841942298,76.06538817681034,198.40511095568186
272.6506460987816,319.88266874791196,77.27334612443255,197.04901845125335
277.0171447383281,323.7997100880013,77.65910704693863,196.04613780125658
282.06911219917987,328.64047486966933,77.25035111083086,195.38692326325008
282.9522012184595,338.14450991908535,78.24601770728134,194.75812562535555
283.1997716870721,341.3075383947215,77.88922080460871,194.0332606716113
288.1009454346889,344.2947448973344,77.3100788757813,193.37868046820438
287.61776326909506,345.0630763691969,76.2605683442981,192.57620518708086
288.5680501521913,349.3186033992338,74.62795822594802,190.59484997573145
291.0568962009612,352.538179265414,72.67515512071783,191.74903101085766
294.1074801708448,358.9596052518869,71.3102523634458,193.1513896854948
292.8105119329352,364.9199565209744,72.12783881790263,194.65976620310596
287.7896670246842,365.97403974827756,73.82406678900665,194.622471101649
276.55717491737875,369.23833995858547,76.88853830830512,195.6497445518828
273.3072091252755,373.47715230257154,79.80219646073358,193.82999587862014
269.93445392068315,378.01362512388096,82.79901984103343,191.3270685274747
269.0160815403285,385.87506944519293,84.8736206173057,190.65667107290002
263.4192978013406,393.70704398301956,88.11782295627401,188.6112589464045
258.3355347638608,394.96314173039656,90.36384548737986,186.82240795648374
260.0715715934994,392.1622540276936,90.2795291294332,186.56734179771115
258.7969788417288,388.6087871337537,90.61968853472312,187.2671825374953
247.55513899375705,383.38394238287395,88.17189735969487,187.68568688910833
252.61549309205094,376.6233409336209,84.71859953679487,188.76365439027552
254.78633502545995,370.5257452459265,81.25204018407973,190.16800180204126
255.94251500804157,364.5882358673602,77.07545876524982,189.08049900613432
256.66988724590817,354.3870055957719,74.15318213161872,189.53035907018503
261.5213563220176,347.43633488970306,72.1516971883232,191.88982941146082
266.3441013952648,342.67551426999523,69.82409863957665,192.48415684625
269.4332715370168,339.691010288566,68.26691838643754,194.1438400677449
270.2992180508232,341.6119695046093,68.5572972303916,194.02522638419356
268.7237247568304,347.9207871378893,70.23639050783028,194.04347063423506
268.1185809407897,348.3470276229582,71.34975460980993,193.63764562298817
265.7011386527801,352.5148700867677,73.91236802951803,195.718021143062
265.530156647566,352.2565610549991,76.18225810348383,200.68557075567156
259.4318045509834,356.91784116798556,79.37326790730582,202.41115582388804
257.5690430179327,353.345565648261,83.056355532241,203.65791357033785
250.2837604417222,358.4341668889132,85.5073079908754,205.90318881120157
246.55194697576974,357.97544151684326,86.06705766447956,206.94433811027446
241.8153213261595,351.89838333278794,85.68426419441292,208.65251446068487
241.5864229830883,347.2489329848693,83.39504659642138,210.5759926787999
243.64158869398597,343.83311468710696,79.76644006271239,213.16547562976294
244.34890099937957,348.4926030786864,76.55364750797071,213.6109918351905
246.86055036156625,353.701217586888,75.57504511462149,211.93745044848703
248.1537372361204,352.749301627369,74.64565688682973,209.2563710210894
253.14338753344936,351.5702691948182,73.92812844793353,205.12596628551353
258.74144058003105,343.8170814684548,73.85109812991661,201.7972873406574
262.78362364896043,339.790434022936,74.55865837603,201.10677348535702
273.381594847749,336.2825124962844,76.27895667059155,202.07343698467457
282.6060104617233,340.8228391288162,79.12780534376598,199.96127288968543
283.0229449223765,324.56394672355935,82.35141294299798,199.11643639282613
295.45389593013607,322.82658065313865,87.21343937901688,197.11803258548645
310.03727829137347,325.39552389534515,91.01711456743084,196.92203252609164
322.4351383005299,328.0978741845,93.53188038896162,195.28101788947822
324.97184801253707,335.2879175796128,91.2578367374235,194.78489468415248
344.6874061147594,338.30079928304866,89.72760325392606,194.08496793575856
373.8243641808967,338.1584165508864,88.85340254523553,194.1298742959266
385.035944492248,346.7766426546509,85.37042365471063,193.3710546109805
395.3779067854882,347.5536413453775,81.87355274865013,192.3735070004547
396.5970408106255,345.3457915211957,77.02005347050077,190.90960087870735
404.38610040075554,345.05540425601816,72.8266627219424,190.8966878151254
423.1454361456245,340.7492548352976,66.85058041982656,192.7305399822196
428.1495447972849,330.0713231254224,62.25447773671458,193.92403844225325
431.34782731768297,335.3813167819466,61.05977550796063,193.50629684148512
420.9676363208549,342.91453133790463,60.84062144509811,193.0531861728674
424.28814552256466,349.8203953482631,60.78207822707292,192.95944235167434
426.67312453094235,354.20126551867764,60.76444240727805,192.9483276211969
427.27977920260463,354.72952161585727,60.75163438669967,192.94388950158282
427.6859125061213,354.5871923991158,60.74220848935262,192.9420234604449
427.2763287600073,352.022974404777,60.54098570944021,192.91523560268698
428.74719294839355,349.8082947403424,57.68711250035455,193.7335369348064
427.8190870748817,348.1539926072754,56.568786874789254,193.59158253852567
415.7433313425855,347.2762285508114,59.29220919753578,191.36123003812673
404.7804269555164,349.92961967232543,61.32440034166914,192.58676066512433
387.7609749132241,351.9983518324406,60.67777662474013,192.92456518568372
378.80506085449747,353.4347376108176,60.124055273199275,189.76592671275006
361.1366162705858,354.2960007957239,59.0800431043526,189.656027610775
346.5638753969429,357.1908821418678,59.48126597102322,187.8956881553341
335.02995393330804,357.6292679696932,61.09318200315133,188.21906424767676
326.36986989521534,358.3520516122743,63.03935715941483,187.83587799164366
312.66990205476515,365.53471837140023,66.99557869846953,187.6042677323639
306.7908631756713,363.91992616050845,72.14127118367756,187.18409095419628
298.36489078281926,362.0067610258347,77.6206211360076,185.38899130334735
292.46012124438147,366.256556313131,82.28711907900251,183.29421115737404
285.9903924262286,366.7896295342813,85.82459536154855,181.33658391158386
285.35996703083265,365.1669885756836,87.83279756034521,180.27250580146594
279.9222344620729,364.1263400176748,89.18226267497653,179.19631242561644
275.5918509214682,369.05289287296836,88.91184308016051,178.54609997217054
270.19595222938045,368.64661399813383,87.02963877061043,178.818526808582
268.6843583406615,374.02768466129163,81.67009129566794,179.44927641244217
259.0393852753259,376.7109793406339,76.53745861469366,179.50865474708647
264.8998995476692,374.05981671396586,72.24571750363137,181.10515014164267
267.27264147562926,374.2349281410703,68.21145599830854,182.97834838423546
268.63267129289113,377.71740650228367,64.47514527659612,185.4610664130905
272.1258021963462,379.90786953667686,62.10871217070519,186.29405664603146
274.33107938267,378.91578099200035,60.42436147809605,187.45325347644277
273.0673645913572,377.1296115098505,62.43071199730617,186.9084883872452
271.11900347498033,379.9974733871214,65.10362832567152,185.87586292982255
269.90966062243746,381.85343832077456,67.83711456142927,186.25505092140295
271.00717658432154,377.3061229243807,70.80345386874028,185.70058236421508
272.3937999576384,370.9052511779885,71.41563555075638,185.1380232218067
272.1962322558624,368.31713247608405,71.74108884793273,185.3432251451162
272.30531684740805,364.4945478125091,71.2617997031028,185.56051799979298
274.09912903123393,361.30865214171376,69.01515896467774,186.06874055857728
274.4210197601895,360.5777857083635,68.57442357531576,186.0290896438447
276.2197222265029,356.85929781991587,67.47988109614965,184.60353757344993
275.8027519057333,352.3299814723516,66.79205006830105,184.20981869844906
272.2652645193034,349.97594878056293,66.33217233643069,184.8565389816235
268.4933726912426,352.9344730176737,65.3418001469102,188.00140876606892
264.25915712317305,343.54038943588733,65.63616283212156,190.0192416858673
261.1512414328922,339.28300851758405,66.05592602115479,192.8574135566536
264.11016187467726,340.38884220061453,65.08117700693907,196.74468894724544
261.30706847893066,349.13560608842937,66.54609173040849,198.58398587864704
258.80351297106523,356.9308102182904,68.69784080766279,197.66952862295335
254.16106964222507,365.8462657982707,70.47997897596325,197.46100821006297
249.98848357159048,367.9359815539306,72.03767457762063,196.4021759686101
248.58581404887138,363.329768627516,73.49745879441504,193.7808415599037
250.1122285044545,365.95994640521815,75.23697016187428,191.34485281243695
251.4734662452442,364.24296238085105,75.35469319714059,192.65493999798156
253.8403833700753,351.0087931424678,74.71851901217565,195.77864155763368
254.0694831703226,345.9329149575798,73.13532549135485,195.14637368882342
253.95654597377722,348.8172032222342,72.5963210153889,193.36677530702133
250.266330835804,345.13396450698474,71.39644046980206,193.84152481317318
247.76599461645134,343.2325260525295,71.20321470751865,193.36443489087642
242.77367187368657,347.4682141017414,70.30062836626598,190.47920371661644
236.81350074797575,348.85625852813774,69.10637711182822,189.28223371167076
230.17006164044972,347.49999355525284,67.63855085147745,189.47656659780924
230.59055881857068,349.41921619777725,66.64177969651043,189.4430214821329
226.2763421313449,348.04119048702097,66.94666666135504,188.8839207353716
221.66383248541518,344.08942434713214,68.17254998214517,185.60689099580108
215.68343513057113,330.8668088461563,70.42774681433082,185.61505496589245
214.29947612818097,320.76063376047034,73.36145224772858,183.71464840813837
221.58846635580989,310.4598011141011,75.59359142137701,182.43652625580847
231.42730192382362,298.61175468765,77.51292612946575,181.9150306840281
246.25554972363062,288.0518907884747,77.47546052863109,180.175833616656
252.895062514443,271.3964513618797,77.22001454447945,179.47363950231673
265.5941345193698,259.4218530658575,76.3136079003485,178.37021616027917
282.9245015838385,247.02523005756817,74.73084999821774,178.7086072116478
292.77154757175083,250.55460386406793,72.13351209648974,178.60916297770711
294.8819613112372,252.0450091728169,69.44246882009276,178.58226247259014
297.89601426197765,255.08895653820977,66.67315484213474,179.7072950832656
292.81787976824836,261.94991644673905,65.96685020593613,179.27769647134616
299.0988497375257,265.55460406165,65.8826000104234,179.3069300786519
297.5140096472901,265.5328173594937,65.54476666779279,179.6960770274668
295.4101101303567,274.14162218985473,67.7492028076014,180.7911848044889
290.9892394252465,286.06795277492495,71.14394276060737,179.9408544143778
284.24776154349075,289.05066411246224,75.2212655514016,179.30300265452536
281.8619914320786,287.2276109288667,77.72597914458731,177.02822822719133
282.9845671552117,291.06790030682276,79.64619720897161,174.7857593460045
287.3210019767164,293.6848117400153,80.61337750034949,173.17364081960056
292.70214395732785,285.615451194833,80.44165063751524,172.93397636614196
296.7998620736224,281.8687457378972,80.28289367280942,172.69844536259401
297.5666346730846,282.61522827795187,78.74645653894267,173.03936714428585
300.1791124392669,285.5435512853792,76.94220608661044,173.42843054868166
301.5562494567592,284.5443364051057,74.1766204497784,173.7601635223482
306.19110832953726,287.2121240387602,71.67018261907823,174.4179211178933
312.7083788480291,292.28030222658487,69.49663782843238,174.71520712963402
317.47059493826356,287.0488960967837,68.3461766333761,175.59958921345506
326.11073239696555,287.1597572525001,68.65799613735885,177.09206572976578
335.9051533412149,285.12449736988594,68.80458401265415,176.2014367561331
346.70657901623343,283.8938723957956,68.69987490504863,175.12947952619783
355.5043280479482,285.7074747948152,68.90916924579398,175.4746684793031
359.32773215061206,286.7877493328816,70.61706398999007,173.49677524428233
364.8051364135534,285.61888274451667,72.13110083153917,171.97550630767
371.59153299576343,288.8161149962877,73.0933284953661,171.41590022163894
378.83447737023306,297.5023217096635,73.04122518496442,172.07553597396452
379.4218446043327,297.5514544866331,74.06520378095892,173.62662785811278
371.18774031345606,298.83296327698014,73.49951114811253,174.1198680021806
368.88111728349526,310.11427943001615,70.89304685799755,173.50409696319844
371.6241313664035,305.0124898718632,68.99042132584806,173.20391669534908
378.30898652454994,308.63386531486435,66.40554110293903,175.30540504427105
385.0073163568693,318.0444364985418,64.47516905121523,176.49578878470425
394.30106947736886,319.05629917718113,62.84298889053842,175.766841774441
403.14784468679517,319.5777917235542,61.78481826294555,175.30180566917883
401.41015539642535,320.0224478359207,59.960587182582856,176.37407312488872
403.78594201074935,327.21509410884914,59.48715831352352,176.37003858989604
407.4679868904045,328.1072754473218,59.67829201917897,176.7630865155203
406.0949171879614,323.31364653600366,61.96390153042858,176.65086046669657
403.0333702609885,319.44406526631474,64.74797727791385,176.67399336206205
394.36156504067844,320.0722168710656,67.52496212344114,175.46566587526056
369.2183236398281,319.44208766354683,69.87062232382347,174.89066497194642
351.6329752350215,312.57523973432046,69.88885712782145,176.17556741914422
336.03179466753454,315.30793078933425,70.21850898850337,177.51874043530694
315.57798519812116,308.9323200126886,71.09242889168564,181.2702099439204
308.87615864878177,306.21368936565796,70.84556834137757,182.62287221988478
291.52483787715806,297.22016279628633,70.76611302183201,187.65395650181657
279.0087661645427,295.33138030600423,68.45478110526588,191.02925834766285
272.24830089288366,304.4017580748132,67.78009206545397,196.1707370019394
266.998685479226,310.87034846116984,66.860545426949,201.77110429441163
254.39333614744857,321.6091649161343,65.29931911796974,203.81935410543
258.4278614912849,323.75012838799046,64.81176037747115,203.2804994330648
247.02985413634457,339.3225772839439,63.578615541453374,201.47139036796452
252.3969621170266,350.02246482819135,62.57547963532611,197.26021391228204
256.0971846640553,354.8400390346651,62.51365568079508,192.8998925028136
255.08473723807015,353.7298612693877,63.18881157726766,187.53617973502858
264.75327711926786,351.0763656983178,65.51112703276766,183.94887423105027
266.24308897014464,327.856552409978,67.13592971498628,179.64214384361844
260.0854441339742,322.9958245286324,69.2458170130597,176.8294122894151
248.1136978955263,318.1628600273123,69.70425928853942,175.45748995843715
227.62292735926542,310.30767112224146,70.23981265964514,174.70326815920387
208.89800185078997,306.7684102373712,69.28271177229918,174.54005160954742
207.1945235451751,303.0160557774684,67.96713372700428,175.44494754488647
208.49122337894673,292.7102524771635,66.49592715752925,176.61356861082828
211.3424758256254,288.50623155127676,65.45927385718946,175.8660194515544
222.59724726445472,286.62897938657994,64.90195189627892,175.0999206010164
222.26343432008474,279.8506965776297,63.08780417013545,174.18460053776454
231.3303384840121,276.4155552206246,62.43484415465865,171.9975311857347
247.49343447675747,269.8613763942279,63.2186718530058,170.42511414980746
260.2163403560713,263.86461665161414,64.67628721840151,169.24262922524488
269.52746191715363,255.11730253746023,65.82966551042148,167.85981604730267
279.9355462537754,252.91534598465188,66.94687505678246,167.2081714251057
289.5272427855114,258.5298400121073,68.57122315847155,166.24216955336135
292.82799545488086,262.6803733502378,70.32068713430785,165.72115506215897
303.1630483551638,264.0274927117746,72.58631131421072,166.02617557256008
309.33414090067345,271.86527484084206,74.07797708378709,165.41763649905647
306.45389389235066,278.6539738200536,75.0534435964654,165.57697483824091
306.81067038860476,288.08745964275295,75.07428914779186,164.64336233896026
309.11885654756765,293.01611834691084,74.70462331561438,164.04116520804928
309.4159090087181,289.90910100950555,74.35204638282026,163.91163441884012
306.4906787218182,292.069689235693,73.1307720513771,164.39326815857336
308.2604212132613,298.9927814943733,71.98401301300996,163.56080129257992
312.7287921410733,292.28701039839325,69.61628427612987,164.56875995792865
328.0582412805094,276.47350925289743,67.31245420404476,167.0595737418402
340.48607260361405,274.2982200504889,65.51595941977394,168.50849146588646
347.18276519995055,283.33544960766335,65.05759085918103,168.24537268356883
363.9466746365677,278.64356921128785,64.22571009629829,168.57772852331692
371.5045587117914,276.94242282421163,63.930920110523715,168.22818070603861
387.2442772704619,284.425887628415,65.25239775758698,166.72110713095708
391.46251559005344,281.3154012140399,66.54033594384342,166.7749962194729
407.02304477860685,274.32524828678737,67.10519637471992,165.70943033935885
419.57742554862654,271.9352758001262,65.91727414437294,166.8386089400005
421.9217312019041,267.27913141698474,63.62558876402631,167.09763881040945
419.2990220714346,262.3028598923108,63.26759248944292,166.92565583589263
418.83374883744375,271.7101154200285,62.05916810552635,166.25391364032038
421.1412062671989,274.44097282768536,61.59922484559487,166.11479966652897
422.7300017000173,276.8853533191915,61.11190273491727,166.1063711534568
424.4722327146338,282.8613947963623,59.667003884700385,165.2174958254581
427.1099032340133,285.68364944385536,57.495431909890954,164.2315282098542
429.32852348023863,293.65575211678885,55.88582455991157,163.40234456961468
428.570349427079,294.7642110449118,53.76536808554236,162.68068587913262
426.5909755596537,299.6031397814255,54.41445562408862,161.88293723941814
421.5839624156008,303.28074314475424,56.36691555935026,161.70826010718216
412.6723851504152,302.3776926508096,59.36034100952121,159.06162567102967
398.30637742744756,306.20585632529946,60.5757091165893,158.57025393804727
377.9903689194427,320.2622995231042,61.849960934845214,157.66200506990359
363.67570153730907,321.1944352036512,62.59328266810658,156.96870689053412
352.2624563768995,322.85189327651665,62.72388256228999,156.1180804100254
340.3268550940716,324.64393695262663,63.32233999549943,155.6345670743765
328.326000921443,323.3555283626547,63.652190506894385,154.4602520044882
325.1670607485675,322.70508197731215,63.92323924482678,153.46088613869873
314.38972564703386,326.07154111131865,63.57625615809907,152.25413526341634
312.1672359609503,329.5978495596436,62.75699669588514,151.83319170279555
310.17038073292906,333.1376072697147,61.437706472911444,152.02827297378496
305.9978090120996,338.08421769963525,60.37560332490973,153.0801586202915
306.59276420822187,342.72416526738544,58.894430723249755,155.86066635496937
307.4067360101723,342.1232380061564,58.00413346067269,158.07999099881113
305.2116819278996,332.7304830771579,58.246074015049786,155.76436178820458
302.54756754458936,330.7080520359873,57.677049745171225,154.6898348133863
306.61914404611844,329.80176164091097,56.63377076173589,156.6889268220869
306.1551831519947,324.8182690189245,56.69556601266027,159.63883366640158
309.05453751867117,316.7546303603503,57.55093767023759,160.20538481777848
305.4115927149209,313.7170063271212,58.47728300054694,160.88649502489218
299.1697700665043,312.99543524527763,59.73086771998752,158.75393571343594
293.7006935348001,317.7881005658537,60.05936063477532,158.08219359614844
285.8870564684599,318.6141704008516,60.799100625915216,159.44636271063757
280.8861462275189,315.1549391838397,60.79387822297056,158.4797409924397
270.7489556561836,315.2772579253274,60.57086289652494,158.09390284780517
256.6784359059432,318.3814286282763,58.77657868179574,158.9008517022222
248.58260613776287,318.99348628252784,57.78911910804905,159.3413514287762
238.83436039821754,319.57347760134917,56.501577765484384,159.18866296914263
225.0953568734928,314.5973420195198,55.56564629259505,158.05494894908554
214.6530404541943,312.7652699308278,54.62331761385804,156.484367174321
203.6785968498325,316.8390676176461,53.934982532542556,158.15875990645839
189.6151866938859,309.59530310799164,53.056261996657426,157.28953557646315
180.61369350228168,305.6263044032729,53.42616122166279,159.17494643041962
171.719180479184,306.05965397056696,54.847385601598404,158.74444821259863
157.34813029950834,307.48596408580227,56.31198199366452,159.84019724673067
149.97689038867776,308.39583106741054,58.091400482623015,159.3878068284741
139.85418528106982,308.9394229586029,60.57810174398153,157.92152591221455
130.62583273697254,313.1495034940323,63.454184159141406,156.66124595631544
124.9378014006796,308.15700920914446,66.54345598394896,155.17038632815405
117.03099831529232,306.50802248733754,68.48124390216003,153.33925086597574
104.77488028326023,304.1865610574185,70.35165142923691,152.88756255790608
104.38844026074503,303.30019339854573,71.93061646476873,154.10514790321284
94.56029674198399,298.2982483770996,72.27192967111402,156.64557511651526
95.2939966647747,296.23048929568887,73.51392928727884,158.24146858832714
95.5182318698435,294.2315667981234,73.72798715358469,160.06235073098
84.51154723052925,293.8127104573332,73.74361473299447,163.00876917160892
87.64036019325351,297.2470470471567,72.72442502962235,165.9101908634829
91.2545195729684,305.24786349439097,70.139318588613,165.90522583095287
96.06970996071354,300.1679554623323,67.52673909791277,168.3670657827044
91.4203894571742,303.4970493810422,66.50199772736694,168.97456445727806
99.94954801423305,300.9414833244307,66.3676994731125,170.5810748263453
108.27621959624773,305.41187940160876,66.71989715686145,172.14336017900808
115.7253403092796,298.8608550472303,65.68337676961607,173.37085806836808
123.24647200512727,297.2503280794068,64.83401975762044,174.80058202411848
130.11459145273682,300.8224527625319,63.484121957372025,176.06296984964084
136.50090714477133,297.78688175911566,62.95063775958231,176.0651178112157
142.30417340431217,302.6098168364634,61.947959419882956,174.06564047878592
148.68784079839293,306.8014559449194,60.82240643866727,171.58420771704354
154.06847862226923,306.6128127453588,60.41331413289463,169.02861919818073
158.49337159734685,301.68023483954994,59.01773607992567,167.0789470907921
159.90098011277112,301.4902241089205,57.12813650551327,166.69878605216545
162.20912556056945,300.5235127995786,56.31439282633204,164.24107440876426
163.27159541154546,297.2320322098208,55.150832294797816,162.1697434816515
164.98360085142895,297.1436368230165,54.25968527039275,162.29795467417816
166.4832787333956,293.7151252754511,54.90214040047191,163.9805984205541
168.57023809509,295.03646578582965,55.9823439343158,163.9655762437911
169.73640445549964,293.5927257052208,58.33480897732096,162.65674874585966
169.55939301259136,294.69289432261536,60.288822707864085,163.7329324785541
167.95900896050952,299.9347234531393,61.16796295672684,164.43857570828982
166.2772713461663,299.93645331693835,63.78646190329357,161.67855923134792
172.44680347144993,302.3975655729384,66.3234390650798,159.49461239306913
171.9754260609261,308.20772787477483,67.83108480724329,157.28924197488212
174.41086925823242,308.74446473819467,67.80664254257456,155.46475651880206
183.647106779205,306.72001923037766,68.57865717042922,154.6459879656494
186.39238961231518,308.61044482082616,67.57714809142803,154.0826157753072
191.60196443725258,309.7757083160228,66.3089832056524,154.54911684964173
194.41095153607168,311.81977148340667,63.91240879210234,155.7717653180356
200.53639894225165,310.99343855059635,61.7958723858093,155.7737276342711
204.77943984502014,311.1207384624209,59.06878945112193,157.57240983309825
207.50605322512462,317.4545095417366,57.28551269930527,159.3854718462197
207.08388970471003,320.79536679898854,55.82556327376482,161.0205288389791
209.43547745450564,322.67273102101507,55.02386129635987,159.35074202052112
210.9754788664109,318.66697964900027,55.75830158396906,159.01368729232172
211.22608371836017,321.3997206054206,57.39981043361361,158.05854750060524
210.98542085616714,333.3070780839208,58.70701394368234,155.36339850735004
209.55711656895812,329.34536954217003,59.74118344358406,154.62778276919624
208.1471084051007,329.65474293455065,60.857846843137274,153.9630780987525
210.08632503428922,338.4312062612447,60.87232263474806,152.29417606542057
211.80929894491527,334.93881873246517,60.85541810649525,152.62260575554794
215.04088030791948,333.31063228559884,59.964554860925055,151.3324827348214
217.54202924731777,327.2156446947614,58.50453908662063,151.26964743828586
223.06392553444164,330.1470352175853,56.81457589622299,150.81778224423095
226.19034425276126,324.31687932988484,54.43687483501102,152.27675429795227
229.58798257328476,316.91050320496737,52.642604320367816,152.99003259454014
232.6036905078469,309.9285489452401,51.55130962510217,154.34671855692682
236.36399315926428,305.29419888845297,51.33407908957088,156.86374640258722
240.19986009013007,306.52559838128275,51.67323237383539,158.48424037804836
238.27593727441263,305.9038790352507,52.947210922674486,161.29071586954313
238.15767407167783,307.4713669015481,55.35234480151747,160.91629850372402
236.0365940092463,301.8903081187464,59.77416557448802,160.89941521483513
236.1493703641291,310.14321153830525,61.96679809879227,161.02573232286105
232.36110981139555,309.2710669112487,66.07908509056612,160.76101173886988
230.3940416153874,302.90183575815547,68.71474264080081,162.6980843508424
230.69883336517205,293.42474246065035,71.01984892051317,167.36073366100158
231.04939912334547,292.4715341500506,72.8832105834876,170.04792690211235
229.356412442174,292.46256697377646,74.17738850134202,171.59452226731014
227.21251566863066,285.01701369664823,75.02007196580233,173.35539314956952
226.63512123230294,277.21598213164435,74.60560977797198,173.99865119534877
219.47522638136826,273.32038060281286,72.37798470017822,177.87857862778282
218.65871387191763,277.36311084028284,70.25775959700916,180.48083368323847
219.14109923298898,272.76402716973394,68.50811360116194,182.71414773759312
224.69439669411045,267.0351080141379,66.01080689455618,186.2134007864866
231.01562756561276,272.415093334614,64.39360893786753,187.97923180416464
242.92237773185113,270.0805417918165,62.56965824223158,191.77250394140702
246.96618787514333,268.36089434627075,62.07175772798602,194.87794180282194
250.57838585612,269.4204534255475,62.77455779188106,198.6275026908993
262.4321215975924,283.3129050431561,63.497506230811226,195.2198634785093
270.68350365623485,279.08696332917947,64.18115111010844,191.34261101168715
283.31017337226774,282.5347612403945,64.81984430133362,186.98805274876634
289.11863053777967,285.0762094485991,67.36696958212622,180.10389931808248
296.9741176581971,277.1811283650671,67.54689499949451,180.52572957596692
302.5678080086367,274.1831106749563,66.82131010550003,178.94512530393632
309.77153273505616,266.2228211516409,66.42289480946044,178.52763824949278
314.0060602553258,269.7561614256076,64.6111297507632,178.73851459776915
317.9011743265056,264.01226729759094,62.96893045895896,180.40591024515987
319.21075050350225,265.55779959166205,61.51243727320911,180.22583589520738
320.6789924947966,256.563058029737,60.72992019430695,181.83315501759262
320.0490771368362,252.77131703047672,60.69427721542639,181.81140620785513
318.91324583534424,257.90180727061727,60.46954613783782,182.65653343936603
306.22745383066365,264.20846522700907,62.54785431406917,179.44634805789352
306.25980851971474,267.00090716058173,62.562335197629,177.17176573303024
300.2252043201095,267.4231345043446,63.72001405582373,173.78030944523908
289.17750408276,275.2342370468725,66.67850313831093,168.6855425239405
279.98409828062495,268.5929782090572,69.08291575576453,164.4981448095565
272.54299411435795,265.5941777930228,71.56869979478049,161.13435075942306
265.0184460732241,269.22807645435194,73.6018876357763,159.43254197741436
259.637487797202,273.0630457419062,74.8244908714752,158.445402264763
258.27143225931775,265.5627279140833,75.6768125948268,156.62311998217632
257.80871536359075,263.5882645426711,75.5402345483214,156.5412478129525
256.1282204304877,271.1361130639574,75.27593473595395,156.0384710737246
253.4839860477847,270.08317720616583,74.8023929270191,155.66309917892562
252.6806026922684,276.0683854997992,72.88689325011228,156.82790216563353
252.96609573056165,283.41517259126323,70.65816598452278,156.3521405208525
260.58919908161204,280.9742126483242,69.51625024464121,155.0884391069868
260.0906384984895,280.9807108399199,68.29622143797063,155.14100950942904
260.7591126241204,283.38627040519924,66.5588099930538,156.42474473372872
260.19562139812206,288.5887455998273,65.94252765070091,156.26175582365966
259.49063531029054,297.42839834551756,65.41533993046698,156.12721198999398
258.36517044123417,299.0482442555218,65.30764187240666,156.20273647285723
256.96716199825477,296.28137379337153,65.27573855992487,156.3452010375996
252.0409265134953,304.81862679880453,65.25026267580614,156.52880698046897
250.6678736524549,301.6868685044206,65.1239187614276,157.36774919408424
240.96619264200734,305.7387602400056,66.21339032516934,155.2760583132463
247.0738956920104,301.41464014119776,66.69758825958709,154.57767890484388
246.89655871621042,300.1999338481495,66.88196080361142,156.17657223196437
246.25629475288605,294.3945623721505,66.48981085569508,155.94404392846917
248.9660078690879,288.3442146823825,65.8410245196842,156.26551014388167
249.91134085041782,286.6957397248405,64.79322760037458,156.81920682791713
252.8143610460382,280.01461433547166,63.206564726833996,157.02034482131543
253.51440672978666,262.0902484109103,62.97394476818108,157.9096345317663
255.32159569689622,256.09290064325984,62.02515235184524,160.62695293846616
257.4076593291055,255.33424505117537,61.60427463919977,162.01403704860803
259.1318996159038,253.16717728819822,60.90302602589971,165.3270914845889
261.13147520359695,254.2290062574522,60.277809119464905,166.53576115037475
265.5961733885182,250.1113122979085,60.10603070006189,167.18629065195114
263.8127801733513,253.97094182675835,60.247532744714434,169.4908124170054
260.5796245218821,254.1188136574121,61.05254148112451,172.5737079768893
262.69496303832335,249.2953731198702,62.15099605148309,175.6693271501176
265.25595208930787,242.3664337661852,63.65480854552235,176.6015762417039
270.1867275442603,234.78111571371556,64.88742439129369,177.5916074119508
271.8596685474411,236.53251146092475,65.79736075193652,177.7393584151673
278.62209180914004,237.7063523244077,66.0478447720567,177.56237032414194
272.2581522106353,240.49087216675872,65.817899262035,177.20893351419582
277.1382732449588,244.179012656978,65.92431540414232,176.36030575107293
278.6364234364937,243.76186565135148,65.81559470056162,174.92628563917225
279.23556223832514,237.89594669158708,65.7736282512643,174.68143422001697
279.3923145242351,249.18104919332862,65.27375040094586,173.24239185996652
291.24878588637563,246.6059226096337,65.1265768722213,173.20134368153114
291.90157843944934,247.5393510449135,65.04298497400546,173.1903885291112
292.1984729101111,253.30766368117253,65.03523486057809,173.17840429358043
292.4867333444039,245.40362983510306,64.96437893664122,173.270035599611
288.4732151580357,233.88180219424703,64.98796968407237,173.27047226865218
245.10159898916928,256.32228064095045,64.95727624055523,173.26160857592888
236.81743468512178,268.0803737167411,64.94171584108187,173.24315077212592
233.45552705517173,258.7574605612579,64.90304130529717,173.2735252703482
228.76287962583626,250.7396766622987,64.89565218111899,173.29160077395505
224.64803950722137,244.29583792968822,64.89689022627113,173.29209314243528
220.88102609210912,231.18776454500346,64.89702251761621,173.29203431488096
222.56755499903886,232.26613118968294,64.89713865585942,173.29191819013386
225.2194600931305,223.44305282627244,64.89694785244177,173.2922905389031
227.19348935457606,218.3969240965799,64.89686329614918,173.292572786191
229.20101772519013,216.15199858241334,64.89595860493932,173.29553254484028
229.35543472885163,220.39064706363106,64.89543003994955,173.29738158612798
226.30041135265196,218.7224183955458,64.89269479085348,173.30553558520134
224.04975549051676,211.61768400271788,64.89241817054994,173.30687353437037
226.53822232780306,204.42781395862772,64.89100176892654,173.313230100517
230.32561968351555,202.2562869758049,64.8905669513004,173.31553670974785
230.85728941816402,199.80138280073066,64.8899235812848,173.31798927452644
232.767588800239,198.05677383833063,64.8875599760551,173.3240526640329
234.6954633626089,193.8927204806434,64.88546785853272,173.33230368940497
236.42084733713725,190.1956196186201,64.88348378398773,173.33943428079164
239.25996505931502,185.5843823924039,64.88287494943444,173.34183980164443
243.51118078434462,185.4114567222079,64.8818282344827,173.3444417018433
245.04756819165345,179.77993454835837,64.88137173537098,173.34615544498908
246.95945285998232,176.86395094699816,64.88070201190295,173.34836400360555
250.83229119447782,174.30017567362205,64.87966187855645,173.3535614734229
254.114584505388,183.56169549229662,64.87873063317046,173.3573773048238
254.85919092257296,184.96008842428807,64.87728084601882,173.36298153941263
258.8775464926638,195.20302862071742,64.87700006472392,173.36373826203246
261.0899639253505,199.93993229941913,64.87577207190904,173.3663579828761
263.5319760112392,195.89004078016288,64.87436728108261,173.37143639339791
266.294251367641,197.231971246916,64.86829305448515,173.39298260253082
266.4644831695811,199.39798694519268,64.86637605452286,173.4003472058859
265.6043650979489,201.66094864377328,64.85650155249313,173.43213588681917
266.62197082121537,210.45173499045126,64.85574516691904,173.43387236704726
267.03538248155274,210.5986478668075,64.85267079243418,173.44496773473992
268.09322845167986,216.16167105477035,64.8515008324656,173.44938114427563
269.39969237852614,225.41302239928356,64.85053863505361,173.45252829350608
268.068179009183,224.4079020547079,64.84748895200218,173.4668927896108
269.0717073116266,232.50934932618384,64.84622782593583,173.46945784138555
270.8287291081337,235.47515004756266,64.84475103780748,173.47295170883905
273.88331083724404,237.19887371969835,64.84129093346854,173.48477269609538
276.2877914824775,235.60831089864502,64.83991678976071,173.48880864703992
278.0045084958564,231.11076476407158,64.83901221246583,173.49175537785678
279.32768248756133,234.1872646286692,64.83605202355056,173.49939064316837
279.3525285314604,231.1843078861635,64.83510372018006,173.50198724890726
282.52064011708705,227.2263179623188,64.83453528449195,173.50358654621215
286.08161176807033,220.84995371926692,64.83441386286597,173.50393561489645
290.8277672634647,213.0606209036673,64.83380685919877,173.50599163458446
295.0339556147477,210.63715291544003,64.83193354408402,173.51277391688623
298.2832783360434,208.73409244117173,64.83125439101289,173.51493358841475
301.96846900269935,205.89506950954154,64.83094923720536,173.5164614882657
305.1697168352624,207.85371632077653,64.83060992507602,173.51783279804667
307.1451880294936,205.58385368823315,64.8284642857286,173.5283393894274
309.3149480672831,203.57582345457007,64.82673946771791,173.5346723787262
311.008284748226,203.81938238051285,64.82598353098786,173.53623909166953
311.19584981889625,194.96855282944426,64.8256137193707,173.53729852339652
