110.5,101.5,30,91
109.81503219322764,100.04697860360352,30.450940121384406,91.74938330888335
111.44858796154452,100.0253823063945,30.4419073983035,91.76160695037738
112.39038662539913,98.10320975469253,30.242772021850072,91.87570765566427
112.50544922628104,98.92220759665545,30.48608758642077,92.49820811126479
113.18295817894051,104.50595250627775,30.384921333247235,90.97638727547965
115.15217076733286,107.7524596979354,30.39006033302197,88.76524754884163
114.85060852771393,107.39186256659968,30.363499708366568,87.84693153757962
116.58424145423399,109.64907064723755,30.3141732798412,85.75979008028338
118.02375904994719,106.01929872684212,30.05623112315908,84.62286003649173
120.45487172477769,106.5692263280851,29.688291356994164,83.64336584920639
123.572262500043,103.98844806706771,29.709894656011883,83.74017408404025
126.15555388895801,106.162847058657,29.65573482129709,83.67470463403427
126.79982021293279,104.3803244520209,29.767993460769716,83.9648527487652
128.00471677133848,103.25588289140683,29.38358906160972,84.47017412530342
127.1204100105498,102.11962078021732,29.519657350414235,85.06183806669182
126.91584361496918,101.42197628392972,29.680434320800448,85.32926424817846
127.8805182859531,99.74367873913408,29.4299387290615,85.16597284408688
128.24636979147436,98.98543552456923,28.64992404863947,84.67409316527592
129.2140502762795,99.31966443019684,28.49184615150086,84.35700938413389
131.19106514182315,101.97751983739639,28.502205029346044,82.61487764268709
131.63049565499674,101.45771495584589,28.790637074745664,80.69476274109998
132.15099896020484,103.97866101973777,29.12950135590051,79.47808714506974
136.876542128124,103.1639271491064,29.31590338523556,78.67095181702707
138.48841217459707,103.61581165716609,29.128504482627555,78.29022792353113
138.9357429421596,103.82102373838819,28.80400619747192,77.28523366077945
140.44505691066902,101.51482019435366,28.68535356028833,77.79075674616296
141.20221326752622,100.60670837950994,28.32196421788894,78.00941746672412
142.5613156278908,100.98877982200432,27.666378229612175,77.49610067230964
145.83163740153313,98.0809371836514,27.377508993393178,77.373503936076
145.2706505701839,101.15738435326705,27.003428125947913,77.21706335889918
146.06667710304578,97.0953408036488,27.07410062804186,77.52178638724334
146.8993076784478,99.2164911852717,27.087674988445364,75.59004227415925
148.74104557046437,100.59720135631093,26.93079026695803,74.59721250157696
149.35914331924886,100.24554823462717,26.84154263010683,73.55429207658663
150.49194928472613,95.86570840661476,26.40350149516514,73.56661722516517
151.22786867377548,92.60367843211415,25.97377113362375,72.8812579236781
152.1383640487518,96.265803404543,25.51243910178022,71.3298875793453
147.46286845252146,100.34133507239093,25.71269253178975,70.82921677599809
148.54047941481704,101.2278339920282,25.464689659513322,70.24120695857415
149.38982474613888,97.93608016404372,25.214227952138536,69.5773839489547
154.45522224862722,100.22659452281968,24.481347833636423,70.16876238167134
154.13846960078035,98.71159391438952,24.253905579987077,70.13749145421403
154.06168304011925,99.82199653603722,23.842969726757126,69.3270722964289
154.91587894678077,102.0695163868617,23.510067148358445,69.06483927736663
155.74821044643676,102.09325246538663,23.321968794813632,69.26114533417535
157.17109269723485,101.86949690531448,22.96882333084564,68.96695425533741
159.10524760844132,104.3113331509004,23.350192120188076,68.99553752817314
161.35422373264987,102.50991106923587,23.152967239172067,69.31695883803233
163.80258022110414,99.79919419890125,23.27193219118813,70.4015548101469
165.55973577706322,101.47170718787285,23.118181258026674,71.22764327693636
169.68488332903704,101.97214038751208,23.066461173915464,71.34791747690869
171.13573751466234,105.40709791668655,22.888113817984696,70.58927046207782
172.62078099394225,103.21694771186213,23.03549211706953,70.78221487654844
173.26636974861944,99.44214052384996,23.091877636050718,71.37582415613724
173.8337639845396,97.63697759802916,23.136661150408813,70.20548985534353
174.751038420486,96.35830776173898,22.846422133023463,70.28643702037077
175.653812140877,95.69139549737879,22.414385649005695,70.65761279973967
177.0007999750598,94.68488425144555,22.256828657016385,70.99323410657044
177.26770784147777,92.46505098622973,22.212100207791742,71.26911899408827
177.9379581453858,93.74898953928212,21.98419837679303,70.82211319344917
178.98543772935463,93.06736541841276,21.97013344065163,71.03059308744773
179.5636373005681,95.19014069598592,21.982177381987803,70.58588624796913
182.44590147638786,98.08455671739897,22.260971593519677,70.19004479428489
183.4865978785105,96.98556214864499,22.275653132002045,70.28691036039697
184.65369893488008,96.34476568634342,22.231707996344216,70.6305989866946
184.3357750162017,94.61463863686639,22.207152880076272,70.6663764621135
184.21292444564824,93.20624058807458,22.207185654631754,70.56612792010972
183.66864821111966,91.24270062613287,22.119158529076802,71.17700305769247
182.79138088240452,93.74967820560231,22.00408287690623,71.12638436649652
183.07938358615954,91.54108758137417,21.88612465076409,71.19672427965617
183.37013203899187,90.07988653499406,21.872540264077557,71.68637614734925
184.37699768070246,92.53903088272415,21.96338628358908,71.63379341883854
185.1622264424243,94.48559994136971,22.115318696592546,71.60900699946914
185.39297859747177,94.71729136002334,22.236648272644146,71.26406515529212
190.3947647096845,91.2646821689568,21.959438276612282,71.45353713468472
190.29237473102302,89.26168865025498,21.725418942086097,72.19699575259372
190.8298960312635,90.12902145078212,21.465527973437254,72.79724960420667
191.45653046781248,88.95341995917406,21.30758051719413,73.59145254641481
192.18505200264778,90.52963524937468,21.129660038542248,73.701020857844
192.54229893747424,87.47055265799466,21.07107093878674,74.34821350260965
193.44134045111707,89.2998313390528,21.03781182507535,74.10857522694968
194.44502050311664,90.4003836608157,20.99368137729566,73.99709546516826
195.18330138696155,91.37420408665946,20.95569738079267,73.91876189306754
199.84090245492123,88.13324585474932,20.98422903240993,74.04866572261048
199.16261198246877,89.07238950455654,20.957511580250642,74.14176950480604
199.79045692458732,92.81643794982324,21.01769043132698,73.85723678129536
200.06134186456885,93.56358176422623,20.877397053782456,73.56174029876775
199.39963209799768,94.57292764225818,20.75220663876652,73.15725259181426
199.4633719513645,92.47492506450722,20.5423805597265,72.6812158543108
198.41687798156252,94.0668240951656,20.52186051326174,71.43540619345332
199.06052562728212,93.89444946153279,20.365587079084207,70.73708609807856
199.8085572264731,95.13963559555063,20.242659089785754,70.29876203637222
200.8646760973806,93.39319016288582,20.181523032541136,69.58532641702169
201.70038730461982,96.70610124518198,20.016709342656807,68.48447621440445
202.49535097245663,97.35579528012576,19.918066258196248,66.86418308494085
203.0790966869739,99.15422635522327,19.916025402129186,64.41718739649968
201.96887100180203,101.04280743218607,19.874935405895823,62.756737097508804
202.16203061903596,103.29674702392909,19.796357753821592,61.215937315038985
202.15783694749916,102.23620029061544,19.589697469207756,60.24185217754028
201.64270453959722,101.89906339137623,19.216876337974913,59.07395073073368
201.83254515834642,102.05892445519737,19.152352066924294,57.79700703546065
203.31990214133572,102.87332352745668,18.948776769006017,57.04553323366969
204.4021772636935,101.70111778204873,18.72811566537324,57.28178279821607
205.2935037004974,103.08958095324684,18.464415995920362,56.372538197534325
206.69233488225396,104.35157518098396,18.392214638571836,55.83337177689589
207.4778271460177,105.39839034146146,18.2052572344956,55.370994817642824
208.2376544271199,106.14228731022202,18.12120962877311,54.912527319025536
208.91875891198418,106.77630248161665,18.02579617505863,54.41778510699646
211.01077955937524,106.78630952389267,18.023598161068804,54.69101469886846
209.76285882048782,103.66842527504639,18.26821559785851,54.78012620650975
209.2844265474546,103.37710461416003,18.32304729175212,54.54240716575272
208.02780509802932,104.24273178550725,18.29610187807215,54.20179868468396
207.03991892160747,104.73672141787259,18.189059775883486,53.69177982768717
206.43186622141047,103.03488592518346,18.163374047165245,53.499541932831676
205.26326689742922,102.43349208963015,18.06210471569659,53.00104972532196
205.06585447553292,101.84980078063779,17.93848728634924,52.56911872655406
205.12521416276408,98.68229824061204,17.946507056212145,52.41415836776279
205.56967436106555,100.3381610472047,17.798777271925385,52.81116702848801
206.26415919022782,97.82494737314836,17.824082186926915,52.85716329673616
206.11811841370033,99.58909651887369,17.762301215949314,52.3372046487639
206.53741904600324,99.93389626603268,17.558468794994326,51.64396644804307
206.62837025110426,101.16024118862134,17.278582122981522,50.96297114384323
208.96626781594028,100.83727563434543,17.22026488713881,50.80276844568956
209.2918854830936,101.32188359720168,17.13927577246716,50.61387525051831
211.6110998696354,100.4859515772167,17.324989932275393,51.09321712232879
212.6163200282154,100.41418919974012,17.26049714300087,51.318877189541126
214.03621018663003,102.44970063084045,17.181016508788773,50.92252526201757
