40.5,199.5,61,103
41.183405478009576,198.41434623994007,61.52587541101576,104.65565399929733
41.95282146268332,198.65871013239126,62.04953557385517,105.86467785566848
42.4725132746853,197.81646085374322,62.40509661766736,107.19642682685917
41.93197226740111,196.34283490887043,62.32011305854343,107.77434449571857
41.20093344053334,195.49836937128663,62.49729016620505,108.39923049928424
41.12153102199986,194.03705280074337,62.53247479119392,109.32304333550017
40.34179134076997,192.90276366649613,62.37562100279004,109.90735503676441
39.53316404169905,191.67541370544262,62.519830847857236,110.45671643309939
39.22432729770839,190.11629078388972,62.522103544670344,110.93935646413237
38.586572395436534,188.15804223713073,62.58378693129109,111.42444133764917
38.168769130511684,185.6797013204008,62.632101457509194,112.13403950716864
38.261746682353504,181.53107289355313,62.50685197462104,112.36336327828334
37.10920152250507,176.9937913791482,62.341441109854415,111.92317391909273
37.01369893423299,172.68386399875547,62.22154413791338,111.75004753211209
37.82184587596995,166.13741026845963,62.20766152458107,111.91103780215198
37.931202746601215,160.37688734855263,62.24690044364073,112.09261087127511
37.57094912752122,153.48593202675724,62.62075577006519,113.3050940246315
38.364777167970466,145.25568368776032,63.54353956190839,114.87146762523278
39.59810260919753,136.21996863081236,64.59290969271414,116.47433465929468
40.448302075530655,129.94506237189563,64.18647228501128,119.13864817657887
43.52851966301329,120.17192795397582,63.80983818884239,122.19783739205712
46.30852174227397,112.85882010627134,63.861253708055415,124.94672230743679
48.789865938235785,106.38392297118892,64.17772772305317,127.04907490432282
51.636563160097595,102.10524042265513,64.75645900030733,129.11946147050662
54.91864264700178,95.96380222737845,65.33241242655389,131.4667165994633
60.226778069482194,91.0104263225636,65.76731765276006,133.00766564420042
64.69358135925783,84.4866032800411,66.64093153219315,134.9930482404759
71.60261216351596,78.65139391238932,67.98205056485122,137.6642442203473
77.5372049196431,73.12508158553442,68.68605097331225,138.148967262729
83.68462046955791,70.54317533494154,68.8085410786218,137.5727947747485
88.16151736332839,64.69046138394202,69.23167180585136,138.96848642491648
101.42249445983795,60.40193363676501,68.0714329296047,141.67934671739673
112.72437784115915,56.80757009586003,67.49270965451112,143.57233462531752
123.77663690511213,51.79545020980656,66.49270088024286,145.39340934310317
130.9316144921293,45.24693546269839,67.37734199679686,146.75809993198504
140.83448926028143,41.80025758792843,67.27835095963813,146.76183966895172
149.269740469026,44.267448305547546,67.24003810208553,146.12642559516368
160.70634491657333,42.5111519882781,67.07602911238637,145.8423129837309
168.64975039547687,41.95038715183091,67.32410966458907,144.81443717719412
180.09560323593695,37.29680780115612,67.25538104970892,145.73697235101685
189.37379922307238,36.57991807207394,66.98407475353865,145.4268168202057
195.7212802788085,36.243513103809406,66.9149022844004,145.1918005715083
208.91214139785347,34.364371585051046,67.21445064567568,145.46294486085608
215.1344983434591,36.450485836808724,66.84574364380774,143.98712391387454
220.66429466855817,36.49534188069879,67.13313681056513,144.75066036268117
226.0058117422017,36.73627309935921,67.79317460083912,145.37869732702507
233.14287576815366,36.97851396524598,68.22280478868127,145.6715529079499
241.36851232412317,38.34377368822226,67.406836127731,146.3215681108926
248.12751746100258,37.69712618188019,65.68274827828864,147.15303632227668
254.12991372329583,38.351087717640524,64.68598664512055,147.16243848516916
258.84968110427525,41.428431690521506,64.02599671348398,146.20297768555588
263.5122067216761,42.992845318431534,63.686383825545136,145.64985858059947
266.7546337177046,45.1304399754481,63.36849913280451,145.16127009473712
271.331977420347,46.02998067417403,63.00232586478771,145.28109419388255
274.26807382938733,47.21405817463007,62.91972483595271,145.23408448906727
277.9549173330752,49.945421858670414,62.8813907262211,144.94019895982325
283.0924654974776,53.00856950554528,62.58573985487476,144.40457091384573
287.5456221618751,59.64978554777204,62.102556561480085,143.85162052647473
290.5883411365518,64.93104759473569,61.86740986426297,142.88384874425398
294.4202972209234,72.02708631199694,61.982741164758096,141.04160575187015
297.2293945536505,76.69363149590079,62.327843866399775,138.9881608270251
301.0170807003034,82.77531682463086,62.91061270926342,137.73665921863721
306.56407356654466,86.34399371835569,63.410307358555755,137.6680281561021
312.1035312084549,91.4600448093144,63.33481862655418,137.28649951391859
317.13296218472107,95.1851142890412,63.510091348094065,137.11983929134243
321.5194172435968,101.4785048199122,63.811840577876765,137.88736540428303
325.7234735513512,106.05463210112943,64.27440114199442,138.05938776598188
329.6866248123539,110.86193662161413,64.79121480803835,137.32135991702907
334.40188208268466,116.91183290404315,64.64167942387104,136.9187442854596
339.89924849207455,122.69320020134681,64.73484962785727,136.67368051299584
343.85269316195263,126.91677517127657,64.59743384080508,136.2141995642252
348.2075969458692,134.09725234765403,64.06616268807197,134.9026894100787
351.8693964400029,142.04008806347338,63.811574434362655,133.27336944938727
355.6956786358237,149.70885025182469,63.3525119920314,131.86582630437408
358.1227459254179,156.62967453900174,62.90877494244502,130.4519073366484
360.9383210718841,163.18193938988784,62.46175436447847,129.62026486479562
363.04262678122967,169.18885134630597,62.10765802147094,128.70411150707415
364.887649055707,175.58862974828773,61.692224230343946,127.29331526982202
366.10062216328987,182.592872725122,61.32637189487801,125.52379435063833
367.4899478639222,187.0049063282796,61.000980200110476,123.95133742340641
368.2529305131282,192.6805192623971,60.420210934222645,121.71761186034719
368.3575694151973,196.4775255884931,59.782834391890916,119.5781699784188
367.83284519256244,199.85809095506013,59.16664009881834,117.39094089857456
367.78730621503485,202.49514678790462,58.500001576956315,115.26832778902269
367.3779589776702,204.37493798768298,57.97898879632217,113.37918134260622
366.7948794734279,204.87574797686153,57.523624901364364,111.85677174098865
366.6923043863902,206.21411041030996,57.0850912246745,110.35453529934657
366.3378207929477,205.3850424017507,56.68754932208954,109.33291753610013
366.5472826535314,203.47755119649275,56.45591339348556,109.10227712099342
366.2897151723834,201.95640684229124,56.34331566163257,109.0616223899128
367.0513365171669,200.1788655114955,56.16576894450829,109.01844202622048
367.54040907980635,196.73449786535713,56.567113717910914,109.41419969932612
368.45752784917363,193.65912516025307,56.91414820905309,109.84612787549491
369.00420425065295,189.76447083822197,57.43166219114393,110.41652296441187
369.2557209038469,185.72737848242164,57.587545119726094,111.29903773506402
370.267839786026,182.09328742513122,57.73907310816025,112.37713253122443
371.5104028798433,177.354959719808,57.92720260251728,114.21896509641195
372.3533146721453,172.43477478955882,58.27311729916326,115.8602048986217
372.77079653849506,166.70888795197303,58.50720304404088,117.67118191241634
372.44552582279573,160.03574707475303,58.955711179212116,119.57660196489101
372.95396221898136,153.82003282120516,59.35114076168061,121.63924652118106
372.2270174871046,145.97222076115673,60.14508700243458,124.31168491129748
370.69082030510293,142.07245055199752,60.91308306817436,125.9331814873002
369.2817252704958,134.1985707051735,61.92403455859218,128.16482217765238
366.7244963658751,131.2189835322775,62.69410674390173,129.5022337709114
363.5284703880824,126.3461856531826,63.28548330733629,130.96771630888634
359.872053352919,121.29315060496194,63.98709463367499,132.32069459319388
355.9581941160151,118.87294719299831,64.52403113269045,133.6338961883156
351.28978086306205,114.97455003266782,65.13229528355494,134.61853669275342
345.16907260083644,113.46827945577513,65.78698657302087,135.65885301495769
338.9383751973711,112.17528006309456,66.44107413660436,136.5797947372161
332.58394032007345,111.18142358821758,67.03862530294279,137.1269086030696
325.20626066106695,110.69694805845053,68.13885709562624,137.85981397421298
318.13587430475366,110.26033443016937,69.12960062581875,138.49762161467214
309.69067613161434,109.35289863349377,69.67277750493425,139.6758286982501
301.19431835802004,109.03432432623055,70.52708248388558,140.67059934017368
294.11267705661896,109.42149990105668,70.79027010072579,141.4219118047945
288.3665903249584,109.36670649598096,70.7555108476773,142.13029450575402
282.2981281365295,109.79756650690683,71.0305930690786,143.05017829707367
274.4287540839514,110.92946193987639,71.56084317313613,145.51932762812552
267.9773049197506,110.24918732785531,71.9163162314571,147.69529974473818
261.86407953290296,109.6535421241334,72.39538579482526,149.2901567212719
255.63632594385268,110.89722483381044,73.03716559408068,150.67711538524605
249.87658259689556,111.79462030350437,73.56812785104421,153.64365552724857
245.31747892945683,111.58660401997248,74.0898309744959,155.44946885412375
241.9949284073981,116.4928459410744,74.7209354175086,155.9757072409238
237.54075494605434,115.70435301424905,75.33052478709553,157.99912812884958
233.27419983649918,117.60374384495434,76.02849620844584,159.84873008484013
230.2953903313272,117.77747345982719,76.2241704479768,162.54672631087445
227.83988210079775,121.36060117846138,76.42154764969737,164.28780138660656
225.3520937219799,121.39550184356338,76.98616277937282,166.19303858484494
223.6933528970081,125.15884964163612,77.2406768904828,168.21737410137035
222.8920570558875,127.07159129527417,77.37033599559086,170.7960775197107
222.1135617307708,131.56485095517684,77.25398465630701,173.44069604780577
221.31363850912305,130.56111006061263,77.65597264680561,174.74202283481702
221.99292767691188,136.62250746341596,77.78146842698114,175.01366581912737
224.54543447510991,141.3678481566437,76.88389043849523,172.73990719268164
228.28383694145145,145.13707623037686,75.90502318510289,170.5320489227178
231.81731814784186,147.58096631436953,75.2219933628067,167.5810958182929
236.2573725544167,150.24613022422147,74.53579038004037,165.379469208611
239.92182606073536,151.5247684645411,74.0579017962055,163.4252662057168
245.10120525831385,151.60552874135033,73.52544783677848,161.52720330800506
250.45220586525005,150.2169669189741,72.75279366117515,158.91635269051994
257.4763651518713,149.28841264940291,72.27138201694878,155.48031271205363
262.71923049905945,150.15481383069513,72.48792564508226,151.39744297237877
270.2381116364063,150.09546251441532,72.36076307894562,147.8708557070197
272.8684999440766,150.2589729649102,73.46578922849767,146.7395301466633
278.4054166761564,147.86505181773342,73.43171921496054,144.8050037238233
285.06615870299026,150.4049981487085,72.35443586777477,142.5446601455828
289.8639479604094,153.34842755005099,71.56431732913282,139.28672690480278
293.5499354920683,156.0850491301443,70.4599280202095,137.27368953799686
297.7989040883081,156.7814952429681,69.85905789773719,135.1454550481739
303.45593940555966,159.64755743312492,68.81672150090502,131.7578216728041
308.84131859751886,162.59112679516062,67.42284757743587,128.5840682922843
311.8086326891284,165.2350940909865,66.27995313597701,126.2336160576577
315.32510355934863,166.00560834907316,65.28793022259347,123.81351410045578
317.87421489950736,170.36704219169275,63.79830076775508,121.75713267849173
320.13312518280816,172.6302744873372,63.23807101955866,119.81697442074471
321.67007524757514,174.36763796372855,62.701549439600555,117.47992370697571
322.9314888932196,176.16983018455008,62.374050860774986,115.52891059940856
324.85501581291106,178.3411080312894,61.71530359144517,113.76010683235205
326.32301841185506,178.54194897509498,61.76672395927673,112.3736001680914
327.9667671087171,177.85121867468112,61.64998290557956,111.25943408091557
329.3236221656647,178.5504773931849,61.767177275479526,110.2935023899579
331.12569254547657,177.7904814370906,61.87906115307802,110.03525493275413
334.12826450315464,175.44476075987916,61.73674024721283,110.01216438867843
337.48923422069254,175.2743447212478,61.69875409735435,109.89434852935864
340.4586838574138,175.19583418117864,61.281042129362234,110.10856136884485
344.19557403789827,173.541094990491,61.07173663716773,111.1731721869725
347.89852272182804,171.83435104390878,60.81686885610026,112.05580585497819
351.7111899795362,170.9895689666864,60.58083325654696,112.64841220665043
356.03628675310824,169.85743940031165,60.26630541222271,113.66397584665546
359.8489928072683,168.23033443243457,60.1916406984643,114.2999544858703
364.1923538507669,167.28488500585553,60.11869291108867,115.0257282074214
368.01744820258074,166.67155025283853,60.07127167495977,115.95034512618464
372.3120074216745,165.9366790674456,60.25468093147441,117.23798609826405
375.9894485165678,166.29533711082746,60.85225616966639,117.9719262866773
379.88823431726667,166.96159271380458,61.28419773660353,118.31417947548326
383.85245947775843,165.01839519987624,61.5481826802075,118.82783852616708
388.5058587426727,162.2475410440732,61.62800657927302,119.2529143762253
391.87606673481275,161.33372871509516,61.90633601735614,119.22618405657363
395.2661988242286,159.051242641115,62.04698076644193,119.79961720306909
399.026271047208,156.21046937855596,61.58660547407801,120.06977628464475
403.1150622786697,153.73746484638767,61.464062416977455,119.51750911530819
406.9221331174952,152.33487498554229,61.3842229739761,118.96941854471683
410.4299732272908,150.7549818213546,61.71185406419929,118.5790220537258
413.25907752966145,148.7081743512163,62.16163334016487,118.81356120931918
415.9803398782203,146.38660296854698,62.4514442105215,119.51917369549821
418.8381614985186,143.3226777759194,62.49194501670826,120.74122993707664
423.0752226607071,142.76229295490106,62.25822586768535,120.61930281702837
425.8651138188841,141.5317725669342,62.332944989472225,121.20961843808541
429.5737167642759,139.93036402780606,61.624549428125924,120.89217780493112
433.10187303497236,140.4778791715853,61.20245653318681,121.12832975881247
435.5379878995781,138.52614459470044,60.7954772960712,120.94689042716962
438.4734001188346,139.77717624820022,60.37093572117519,121.01268915401401
440.94028777574516,139.8264745955579,59.6345609772699,121.33817932806164
443.68049366922116,140.40996080584154,58.85131467951459,122.49933882163319
446.10139993845456,139.15467514789438,57.860237090159785,123.22026196228792
447.23808847502,141.0034215595751,57.368460969177335,123.03027169477363
449.4687045762673,141.98973386355527,56.634503422978426,121.97970185442193
451.4293893558979,143.9928011350033,56.0987597029507,120.63835388875061
453.7804110548319,144.10211738012003,55.799577423399384,119.78204229848055
455.0470356327848,143.62205339605006,55.63111417714632,120.1029775662344
456.08315225984535,141.91119366596786,55.38291764044004,121.04060192981069
457.57411432758045,136.7087589764032,55.43214313074801,122.8857922775679
458.12781826563446,132.43693948716674,55.52705749928413,124.9315941893905
459.21678009795124,127.439308571771,55.87032257061257,125.9465980322059
459.4860801473162,119.84797433834083,56.13576695697476,126.1687772259949
458.4397334366864,114.18761904059564,56.698715991561386,124.85401933851412
455.4370783774621,109.25021558968292,57.72441995842921,123.64342947367695
453.7629211359453,105.36712618695228,58.43875678986668,122.95570698824467
449.6010861650963,95.84219897141836,58.68505704162324,123.29018742639259
446.0022205437594,90.22704981825636,59.072101696009824,123.90926632658866
443.30422345189055,81.12709103088133,58.86538706321916,125.52454339840904
438.70769651141813,74.47770890333001,58.96786381861461,127.98775257691256
429.56210384819104,71.44501081915078,60.53813048967336,130.0306000697339
420.67131055047724,65.20194762270154,61.480317747332414,132.7348441765606
411.15618225967984,58.82203718236873,62.57884978058733,134.4429749556027
400.45363151859914,53.89672772457705,64.05916374138643,134.87173603732376
383.4937358085974,48.445008573206735,65.00916374903642,135.6982824409555
374.0014757568008,45.098532770628196,65.69572929330343,136.5123649894109
355.08555692321175,38.74260384720381,65.72607999148738,136.36096161342033
340.0379647993903,34.341416048024115,65.95535275536567,135.7613472749511
323.1467441168331,33.380904887948134,66.62456627624177,134.2368913941906
304.92559552398546,35.05099771337207,68.92591802736669,130.93255067658433
286.96920906365074,34.8429268554348,69.00545043900297,130.16393849765296
271.3391923143425,34.08594904355358,68.3047867635472,132.2462467014859
254.9538691345052,33.70996872280499,67.83628975163975,134.20009244716246
238.59270922861788,31.342383354996272,67.6921277824085,135.3881223460642
218.6026711829956,23.562534718363636,66.83733448888742,137.57497683063318
204.8067979403903,17.403429418586626,66.55222321652965,142.25761261252973
187.02156992676476,15.130769089929814,66.81236125061676,146.1721639574616
173.7947376282528,14.725802565225209,67.28857452317776,148.86056039436014
159.0133664698431,9.859897380945753,67.64254418069538,151.1568277026163
145.62517943604666,9.096053624026212,68.21823465453826,150.83130905877107
138.59300313767227,9.917950838538715,69.48443242035442,149.0633850810772
124.07872252671663,9.194033123408516,68.75870782988778,147.846144970795
111.93416680897565,8.750192509478012,68.23417867088733,146.81513730533783
105.08642514280639,11.785035426489145,67.85136248082594,146.30867960165614
96.61224311218069,13.684800536840811,67.793453272424,146.3697803700275
86.30651150753793,15.307269560601853,68.30834932777887,146.9916571742663
76.47338320537582,18.018767508151484,69.15412367807478,148.27081734606156
67.3427110163361,22.40882045085742,69.75422271008487,148.02630735450956
59.09354198962169,27.55487278000355,69.13339915767874,146.267196966542
52.418449173558884,31.18406112194306,69.85570850806607,145.52421783133852
46.22500594697718,36.48870636511208,70.2712471523916,145.7436407620537
41.657154706534364,44.055291614870114,70.42984353891687,145.45494791604105
36.675066840815106,49.48279780119623,70.46474280398576,146.44643594011734
31.621363195974517,54.02772886989018,70.51698766385736,146.66222260644037
28.997933920327938,65.13815696634715,70.26858597650306,146.04706213801373
27.050020265305648,72.74068449370202,69.96961052546976,146.10869447649247
23.893627693181656,80.09052358146533,70.06624347855563,144.57572906189114
21.39661799678764,85.18973397107399,69.54773445184904,143.1905855272417
19.90004775155488,90.09250177116976,68.56032632209056,142.8700028536859
17.908995804405116,98.05084003888517,67.69973354967256,141.158991906634
15.83344338067537,100.54056187605192,66.52488205252756,139.9808666393592
14.125131596706098,105.81705412247915,65.80531186817728,138.79492373433433
12.948249839557548,115.88182080020118,64.99967110467287,135.89371336167835
11.414191609890707,122.83030840744385,64.64625946303914,134.0942542070685
11.342059534312973,126.11170959530236,63.85029431751035,131.66289151717302
10.736765569031675,128.59600079211577,63.236947216182074,129.28813470223577
10.959156338673608,132.89090539607463,62.35272795969888,128.30988488533978
10.38937236416188,136.48563313334398,61.67689244726604,128.4883970163919
10.80263754978278,139.27095817024082,60.91226644308371,126.45568863685784
11.795620986532658,144.74817450326566,60.340083358264984,124.90401170811286
13.84036262232754,148.4145472178306,59.627304779515796,123.36196909880718
15.105359590515015,153.0394968618174,59.02102905717588,121.73380013843979
18.462987787470592,156.9284639778112,58.10054290404842,120.00267844078454
20.609169651693737,163.28043130491125,57.25797799800508,117.3977199218383
22.483564157647415,167.1750423216025,56.839288807188424,115.61185196102662
24.13667833506745,171.7820661491553,56.59348597229159,113.55585198200743
26.302171926353424,175.92428162117824,56.35607665150553,111.90430410986093
28.091814490118868,183.15008660820862,55.977339934390294,111.75304241766055
29.813526585044755,187.66773414523962,55.671606288666936,113.27851070266836
33.21916988517611,191.3434025709896,55.62794788130584,113.68208002868911
35.22402841712274,195.4333630611706,55.37948560485764,113.57698338151809
37.41067628880358,199.05514213273725,55.00406459828186,112.79816837574441
39.825945280042134,202.12004817557636,55.00548967809112,111.0776609089016
39.9844383439469,205.3407935903797,55.03502638815887,109.31481569010433
42.090268181336,206.90137836621605,55.292172980165326,108.42377776456074
43.346648705767784,209.242322547732,55.56331719901722,108.03834716901545
44.864290135045124,212.3726856520012,55.927594076714364,106.88394849419893
45.964179367127684,215.01008129154616,55.88503049253887,105.78770316695224
46.99463335174365,216.8977453363337,55.53469595813665,104.94136210359174
49.01548943122375,219.9648129325342,55.55389020939374,103.94334675372012
50.49414646650156,225.07770929216184,54.93494860778648,103.50950712131785
51.71415878047278,228.13813856058326,54.56741586407561,103.76996143161244
53.67277451171605,230.2059080121923,55.26401353748385,103.82338927949296
55.115229051686654,232.3415617063249,55.22288282935355,102.24533898465737
55.707610063776926,233.22805444192963,56.4043672670413,102.59152417918887
56.772956332589004,235.51558547715004,56.540900233338654,101.38229706014882
57.550766115187926,238.22813025276116,56.21877411544458,101.01834947669997
57.32375664311095,235.40279512848235,57.00674161220702,101.36152556174443
58.23903082948823,235.1898039341089,57.505454780819036,101.46376460713807
58.982324178632325,238.97319868153895,56.81369226551805,100.85682017834851
60.01782442615608,236.45493352971607,57.34767963019649,100.51602351666227
59.37890672447551,237.0506716129626,57.398262669399,99.73474118089776
60.4080621602452,240.2575577985302,57.12394396914716,99.3155910402923
62.475617265534076,238.1323844951691,57.021142337060624,99.88861549773776
62.00532528026085,240.98391244224777,56.9209454056982,100.05311569870372
63.69366964629144,241.14784361666673,56.57460831243097,100.89568341406715
64.11128060448496,242.00205475045877,56.16622041308226,101.24808697122063
63.83904202237586,243.04736480768136,55.45829753667395,101.81970855408683
65.79289189573873,243.4281194566174,54.8276721269538,102.69618985012498
66.45084743426781,244.58145292761554,54.34434721913853,102.82803737918276
67.22466287503042,246.63090615508145,54.29502320807383,102.87833136370412
68.33855305859396,247.29937062190095,54.212838629902414,103.49206683111949
68.80579486081938,249.06326100894697,54.09147860924523,103.40570708897933
69.38584498417214,251.80922972794437,53.807941136721084,102.90417807154726
69.75705379181208,252.74927400686994,53.15470401330586,102.8751047238478
69.34241129083118,254.92365175634723,52.24466182296115,102.31119719967047
71.28815868748944,257.3233572983091,51.814812394405976,101.60653222857029
71.15418246376248,259.2012782264282,51.186455048864445,100.59572554384076
72.1002763807607,262.6157511075678,50.544524706933444,99.1974042665775
73.14184011878099,264.0301821640421,50.30129331377098,98.11234088638643
74.37500232987102,265.9252949498817,50.51455554053194,97.29245199035115
75.79919522300327,267.4820335224829,50.92096864342763,98.04324958536789
74.89409142816007,268.9982694108778,51.65412435513854,98.05141840115317
75.24432383472914,269.63050475546424,52.25817609587918,98.18336401847588
75.23283771077577,270.4430942706657,52.06010316263073,96.22793001609193
76.99904993389123,270.38306253794565,52.8221056344296,97.46010588444801
76.15014322298643,271.1752193108116,52.40035976821429,95.95362380819229
76.88370601641786,273.20344937661764,52.633521523422964,97.49460201199892
80.22486721741294,276.38612018789786,53.407611913638625,99.38518747531495
77.25336070014819,278.8674558266878,53.08160343709022,100.31232914405479
81.95811334406818,278.12487664222516,53.537684430072986,100.62172843590778
76.16735216726609,268.04348594596644,52.52097832908734,100.80570810113036
80.81175696660083,276.7402284506627,52.37411743036903,100.84531139435018
84.69717424656169,276.2369682641538,52.47248262325493,100.82645771245922
88.29323208621074,279.00780743108646,52.48029951918265,100.83704025429574
80.93932244480071,265.1416474911721,52.20314584820634,101.18291413497901
83.46941242672793,255.94051246109652,52.15553626551645,101.46203432330395
86.6904106110407,257.79561586772826,52.16087466327884,101.48398116413898
90.14675485561267,259.65879237305467,52.180853906373656,101.43867463938703
84.19807836802893,263.7829868339775,52.183238848704235,101.36203673988028
88.38185476748411,270.8131632012326,52.18228322539201,101.30073033105364
91.01754246888368,265.1016351384652,52.18412836168591,101.2162209582363
93.34673546117993,269.6421935935371,52.17738756065662,101.20629488213793
95.11985667479189,273.97285501187673,52.17651165908275,101.20489464525119
95.38218442755064,279.12829309718364,52.171081929760746,101.2074340019811
95.05091532310854,280.71988364408855,52.16798991727808,101.21179606193417
94.43574190532834,280.9719793988768,52.165438279098865,101.21941992148685
95.29341794299006,281.64905631511897,52.16351374741556,101.22511744932358
95.54170032046777,282.27485649306703,52.1605142240218,101.23328414893884
96.32255193488433,282.95035108553725,52.15852507409187,101.2391806356141
96.59809625650671,283.36040746715065,52.15037353078075,101.26060206971776
96.63879530833341,283.05565185118655,52.14127007213877,101.2840884212367
96.70587834612246,283.01936418994933,52.132926928088736,101.30650196105896
96.6248492741407,282.8174663153541,52.122797281777636,101.33114162738084
96.63678057568632,282.56823928384387,52.113565926765645,101.35609236899207
96.75947915775002,282.7094903266148,52.104827395393535,101.3794674325553
97.17552569155502,283.39831653517876,52.095683975686974,101.40300481950459
96.29778196815377,283.574104501037,52.092345643528304,101.41377809995767
95.38419198790105,283.7704678800769,52.08473418214348,101.43651288210005
94.46630977156873,283.90036328255735,52.079683070679685,101.45255434275462
93.87359451211657,284.1434230363468,52.0765721772305,101.468568800668
93.27136297789824,284.3873379427289,52.07554942489692,101.48356794355414
92.19842523703625,283.5911118391158,52.07664522446146,101.50471439897983
91.48202433672267,282.5254983417303,52.08347253683024,101.53315842904428
85.90265428940502,282.1571079592957,52.09885916924632,101.59558094520294
85.21691906805789,267.7350987966063,52.890131264372066,100.71424984431226
85.2373278484155,260.5443687395875,54.58968111622397,99.25760952500013
83.51196631097196,266.4340508799009,57.32775126943442,96.70351074730308
81.53660748710863,273.469267960544,59.3943635924159,95.00816909242559
73.6219268131814,271.7245106836696,58.848557093590685,95.05159270951357
67.18634077392745,271.03612406488406,57.17051099430316,94.9683512461951
68.78905683368825,269.18148876307896,55.74319021339699,94.35628176572939
66.2513686856204,264.90656482412896,54.4024936640737,93.78145389289688
64.70637138869014,260.90548756234733,53.395139567901246,93.2676248349172
63.64687987259414,255.1822596967563,52.86965667678393,93.35184263580145
63.718662777525,249.25221943583483,53.33247287928947,93.8170981759549
64.37370963338572,243.17631122657167,53.98191810418304,95.75620707495003
63.42950857332174,235.8463943659685,54.743334793593505,96.71552791010895
61.89772399127769,229.44865775114462,55.26362192566868,99.94196751701504
60.40560011410288,219.41225693441336,55.868209073634006,102.51016862557519
59.42824941847615,208.12074897705244,57.52749372232422,104.36731631519939
58.81054123274359,201.90711167941484,58.59650946748758,106.61488147596533
59.4254330646652,194.49698488611983,59.22883176925867,107.425501044611
59.487096225456305,183.63744613751234,59.673471432020946,109.48600920588848
59.48837580087287,173.82125567031062,59.85370062342528,110.00014024710347
60.002360213910805,166.12067206172992,60.09711400998827,111.09085595669646
61.236495882206256,159.3554907767545,59.91662868032486,113.40266593723084
62.55555028733527,153.42510704554246,60.3073048603775,116.3101558117643
63.69439284566544,147.54929845598508,60.96417289007947,119.84796016281507
65.58086931223875,138.70304189849963,61.861045033989754,123.39420824787871
67.42562961907555,131.08156629052283,62.5745223908972,125.71809494204278
70.01311581089075,124.44528247459546,63.04539780466057,126.95287799748152
73.4881565500068,119.19718313028058,63.26077643613917,127.91825965425093
77.99931607003137,112.03992121452497,63.569045736849304,128.7954255832353
84.79428348386503,106.44892593502908,64.03621883459704,129.1446887099761
89.9345476611912,103.32927366697572,64.52714243001795,128.982605554585
94.0572075578921,99.83061893825698,64.88120885182612,129.65680776943827
105.52457681766595,98.0764979856824,65.15098388208311,130.6846805835535
117.14861386724675,95.04855145400236,65.10545304158848,131.50916171301463
128.1961954620378,95.02513402959931,63.91739625154255,135.8484102733686
138.4504198281701,94.59343475484135,63.434919885610896,139.74665655924315
148.57064154717574,92.76627478994082,63.5276082377608,140.37444789216616
159.34925364342757,91.32290513160729,62.40675489486649,141.74489928597404
171.56542753933599,94.61039580581956,60.873330976951,144.29686915520085
184.85866149878933,92.38823101172262,60.991344182922276,141.2377593169726
198.33116916467924,83.72590990846393,59.61999637738754,141.7176463507605
213.62694537250982,82.8652036244107,58.89585462151641,143.2332516651486
224.30983766721693,93.07533578066814,59.315792764646176,142.4659757864716
237.32569422482453,101.58600796618455,59.691813566667264,142.16682227237237
245.25375244366842,103.20123916176898,59.895091965405285,141.8247296798638
257.2244266938282,109.89141907909587,60.5345158649881,143.1135297344312
264.3338212654477,112.20903866349956,61.30796285913921,144.76483584226568
272.00191080100507,111.01752456435638,62.119116933166055,143.5748035280093
282.7034466335058,114.69223546402628,62.04252422629455,141.55796372558723
287.38186807041313,123.85112612263302,62.11351777063163,138.5739016619138
292.29018101599013,128.60262662918646,62.84032316152115,135.98321029541336
294.5990388439289,136.29407832050066,63.41304911407255,133.64629499567073
296.7730049136687,142.21221009672394,63.92090663600045,132.44787076054592
299.6153000438626,148.50828627194562,63.747361354708154,131.73295000800294
303.11320269947186,156.9702034409543,63.130581502779094,129.52072551037867
302.8900233336356,161.84776374829386,63.03920572593722,127.6265134040003
301.8514251954666,166.58120939110535,62.92451343148966,125.83797638168298
299.8346098342213,170.64467263173137,62.78905149879853,124.2646430591529
295.5793175544195,174.23357631757742,63.24693887670033,122.86173755437363
293.25142654698925,177.38252060841506,63.25326057585656,121.32007312812436
290.7744309851588,180.17220421508705,62.854416044305054,120.20135778932263
288.5353678390874,182.2142317500193,62.68218127535158,118.57144076000073
283.9413381016204,183.83715362272972,62.78048473832281,116.91110238090528
282.0017835542766,185.3028823902668,62.61769796661633,115.95669968019695
277.69126951348096,186.3968154904876,62.889879612660664,114.74925782429501
275.7713849870898,187.08839017833913,62.70231159116322,114.39251342543673
273.0964289240259,187.5387691356483,62.293418442327734,114.78744127894582
270.4802781851518,188.6642551079885,61.874323645509214,115.31187903275172
270.1073904282454,189.1660699531457,61.31509623154181,115.29217760562477
268.1969878991175,189.890693916953,60.82610972485618,114.77627881054795
266.9375774048616,190.97464306057185,60.09034687776623,114.89396235047397
266.38614396959514,193.14113068734395,59.62454287942556,115.01123581519153
265.627149860146,195.1803404426508,58.632429303127275,113.9732668775454
264.53663471015625,196.67581148559285,58.27521368674029,113.28686208795642
262.462812498957,198.83680194771313,57.99592148270442,111.61097190964176
261.88198727073734,201.02449883534726,57.44768491140331,109.90942867071995
261.8167759181275,205.14430557071736,56.534327051361075,106.956862109312
259.6112659795353,205.53565847088836,56.382468319841934,104.1778799303384
258.83955450355916,207.77002787600662,55.85927902814183,101.48158465304563
258.68998949068384,209.65663784464186,55.3717721649116,99.00082837601533
258.309237952316,211.74989845690487,54.98169586161187,96.79659348552704
257.9681317907839,211.66531353152956,54.60570854058736,94.91759920702049
255.98244050529942,215.90692569245692,54.393800153151766,92.65896852453956
255.8870924292197,217.05716115723158,54.3211158970241,91.75516209522672
254.87724949217707,218.7048150562651,53.98684483331947,91.13240807485441
253.47426588020969,218.77903300483302,54.63566679548973,88.11065279028261
252.40731725580122,222.29457369702538,53.90340913517274,86.24193541194043
252.22076121069662,225.2247476464757,53.18104614775287,86.45357752616235
250.71135496749292,221.62536774151147,52.852255551503376,85.13349654629585
250.0045536952635,224.18314707084312,52.29044119723482,83.08266304823135
248.36788445825601,221.5694291632175,51.915940840301886,82.1055691012145
248.17434597997334,223.4265876335591,52.08967346131125,79.57502067134978
246.24044593377738,222.1018635236899,52.725974597022834,78.10098666376275
245.81032011981623,221.12127992396188,52.88964784149943,77.23221640518045
245.8123184637723,217.15122941390098,52.71342293646235,77.97472182898878
245.74780301851095,210.78807720877748,51.85900043400253,80.48351220114985
244.41747665388075,206.07188885724568,51.33819612056886,82.58419096338702
244.64530189695608,197.5668559840787,50.638458444982206,87.04971630444757
244.69327248796856,190.53008156837265,50.10043065573947,90.79923330602564
244.98753650958994,179.25061993943424,49.465242055107474,94.61654699053821
245.39554524715422,168.53874873989622,49.28323304717634,98.73762940121097
245.70143331860123,158.3011519283195,49.3279376934669,103.31672584113682
246.22855971884394,148.47884242401716,49.70333591493886,107.85616887775669
246.81741156222074,136.69016921972985,50.73045429163132,111.82427380073554
247.46074868938263,128.98986250843257,52.519937607192794,114.9130252314478
249.5823134291237,122.60909722777339,53.8540767281745,118.78090383048591
250.91662096118782,116.56181482273784,54.864814424361214,122.1298402836234
254.24063696448053,110.31896169243579,55.93013319063344,124.66814263645162
257.8339854732434,107.49568707376078,56.62894852509746,126.12124189974159
260.51715285844443,107.04751223664212,57.35769794506406,128.51418314197207
264.10371656439474,105.07052544251063,57.956668597586074,130.4477659812574
267.9817893077381,102.98147074595457,58.68538639214931,131.88974990516175
273.32168140499266,101.16714887451154,59.860800104134334,132.57889641561067
277.4357027130101,100.4102159009929,60.94165927490368,133.7521488186607
282.45058144497,99.30449856917144,61.98232970557612,135.56271372536656
286.5477802339697,101.67680364013523,63.01663085804549,137.92316320715724
289.28990612991464,102.728696479935,64.16740933577842,140.48349915536534
291.56897908178826,106.31804789394215,65.78423548937374,143.8291093003735
293.1522486232716,109.43458361512509,67.55264580444779,147.40030764865702
294.18223377792134,113.68521368836893,69.0661825656897,151.15752280581924
292.10720736136034,119.39633306059444,70.6276879306263,154.69494077676129
290.1335840271259,124.19424653699538,72.34053051202852,158.26274430949408
286.56857230079027,130.81052736388693,74.18774375351808,161.46067314948542
280.68706237617124,139.31352606599086,75.70055856277813,165.08986670902266
275.54703095928016,147.96549840348004,77.40347772743186,168.60253618504527
270.1085219825064,155.55825569823463,78.2469635383403,172.18530925422752
260.0490245821327,169.4902450260971,78.60152733933185,174.0886397873453
255.33963719043635,180.96881349877094,79.59608203758043,175.08210632710507
242.92006859578032,191.71268144389626,80.0809597359257,175.48839242476947
229.98466855691186,199.95831231033708,81.8943142875396,175.33174639928527
223.61861490525814,205.67677050422753,82.24208511928944,174.82586314596483
212.27821872596905,214.68668592165858,82.80619923995253,174.08095945038497
207.67950873034943,218.88879957019626,82.62505344292278,169.62210783423308
204.75086416484666,218.48170579654487,82.14422545127816,166.68877541159569
200.92043556876936,214.4552662391488,81.42920526306165,163.66440499941024
194.20948153838873,209.254879216392,82.59350395645231,159.22402303906452
188.80713714158355,206.18704164884747,83.22549282177897,156.25265300050856
185.0434624947376,197.9364388040616,83.63328568846889,154.8912774370285
187.15813620045466,193.09725818308112,82.32408045080187,155.54347176309594
186.1624863104326,184.24054512069245,82.76598347753483,155.21472450225315
188.33842420665053,174.61814244641027,82.21869743348154,155.58307835850792
191.1322081271328,166.61556337670456,82.03132566795651,155.86096064953068
194.1294971048934,157.2623467463061,82.10906960421995,156.05805171672407
199.04736799314222,147.865665437547,81.66375255611588,157.25472129530186
203.6260398050865,142.8023904538607,81.49109864475174,158.6929491954137
208.35117614079533,134.01632592735757,81.2001468046329,162.1357285398628
215.20944150809513,130.39168205797554,80.40931148934482,162.72503598153827
222.68935529368778,127.71069259813152,79.54693512818147,162.41745923716383
230.03317211098053,127.09531084536343,79.4477099637498,163.19470113339366
238.33389858632273,126.43561130791873,79.60120467541891,163.60094930172025
247.7117358414701,127.69802350310829,79.37944282381555,163.33001852515645
255.6438267715701,128.58535967480998,79.74099758165757,163.4861537722377
267.6012916423363,132.48103736358996,80.13753405716614,163.33436529302367
280.18474580936225,131.81991968604507,80.17995151351957,163.9237412750208
286.67622971762717,135.48940356594966,81.58681333260985,162.39474866245894
299.02092037591353,138.62560095049048,83.69535796513372,160.57313094721027
315.3897811965259,145.80813773541678,83.52396627996366,158.44224354984306
329.3288255845119,150.58145212380964,82.25942769014901,156.23561158778512
343.64977568090086,159.68790267900812,80.44796611126267,153.5462376227739
359.659236743633,162.0629753613498,79.35453150410885,151.79983995973546
371.14366091057053,163.58695499396234,77.62695895758732,150.05795447933855
383.4370046917919,165.5188281741988,76.47384988635548,148.58683130497704
394.3987615503875,166.64203602416683,75.60335092441332,146.37130943376087
405.44347640478543,165.9319087573224,75.87123627909415,143.2855467593504
414.86006935475484,165.88600687540384,75.67203780591305,141.7885541460055
422.2141885652156,166.4634285418799,75.78680696860972,141.20686496449304
428.50119680146173,161.51050801485806,75.90703488088307,142.5905998478824
428.1882672695129,155.81931158181862,74.8181219587731,143.19357662967172
429.0147193847594,150.62642875439408,73.51063579406642,142.86928597958916
428.30761740181276,145.17329689140266,72.85536673177675,141.02607613379467
425.88934991341966,141.1904212412202,72.61415770145229,140.20524639473086
420.653757822516,140.03873572862415,72.38810486848917,139.85968281718556
413.15356742950866,134.904546182336,72.63661263814639,139.93305458554312
403.99022178362355,128.75444264615334,73.44899881517047,140.04100282306956
393.21870083391264,124.5142280137872,73.63445862230722,140.9805685738553
380.8630054427605,125.42054815719612,74.25075853852263,140.8603769030653
361.4182463158333,120.51268399402241,75.28549468788484,141.05414745048205
337.1671460273065,114.15245635560642,74.73772654545598,142.28481085719685
314.09973045773506,117.3323758034309,75.54706482571217,142.18760385470583
288.44153031282355,113.58354068893163,75.87010650347466,143.73420186767044
263.28227197425423,114.75449528655938,76.09213041327928,144.51649873854655
238.49115904897502,113.9832676465787,76.8917711197947,148.89874030963034
209.40698071395937,112.29892613316204,77.28519492849789,149.63312119718142
176.8710420399354,119.84170592720331,78.03354017205369,149.5622920625901
141.13552665951653,122.25634192718869,78.89770600369215,150.20352243917574
114.15981954422851,124.70339728287188,85.10367879750063,148.9285394782061
83.95291004423511,126.51447047474001,87.59058739709681,151.9993819669979
52.56876266685555,123.44969167795637,93.69020005346727,151.56907456270142
32.00655862644751,124.05228797669247,97.40467695142202,155.03074683720797
10.445350458633797,119.83771051234581,97.09580742889514,158.98542495163127
-2.8568717962876065,115.07489019700255,93.75851381007584,164.43698559193083
-10.213504054580937,109.80545485713296,88.5374635988793,170.42208668319955
-10.561823771908976,102.59190380136258,81.74676544427146,176.03293703997957
-8.289948670632612,94.51790113046968,75.71696499357267,180.72366603746605
-7.009459533890173,87.98530050952958,71.28540306663778,183.93718652373101
-4.779127756893715,79.26844730075328,68.3268051712142,185.08664458923283
-1.5041101275407627,66.99719686485493,67.60071495797949,185.63105662435962
1.8158481598325622,54.144378085623515,68.12640249776531,184.6698736566994
9.056493526033726,46.684125712248346,71.32825728843427,181.17287504651614
16.052990264883093,42.59207734180818,73.22008760986884,179.56142716306786
24.59137309616655,35.56357080994164,74.78746409818083,177.91852529454997
44.23691039753726,26.530815065714705,76.68190966755856,171.9499829805136
64.32249151883005,26.07409888416295,77.4864096564183,165.61018048033586
77.869954963617,27.88222252559717,77.19809287426625,162.51929694077262
92.70727193732638,23.346075564600454,76.29459807174496,160.22149274875238
114.1583953121694,17.75706309235086,75.41765420902179,158.68369833442588
128.9593026724545,20.225038689713955,75.3107506822993,156.86924286342406
136.53849940723353,10.83100378191611,75.54310046835641,153.4007990834387
153.7227806783955,13.407456969214735,74.2108881762766,156.52077993876088
169.30015185239853,12.31702960910171,73.46643940737214,158.67477485027374
184.21719498813854,11.414689423330032,72.30653984243511,160.08122905008514
201.39507014103785,12.4705089228341,71.66913899342357,162.5433844160062
213.01631081204545,16.452197013788933,71.44497582767791,162.84560080916978
221.371660379649,20.881776223545216,71.52053538998058,160.9274347450039
238.60352973331212,23.508426738965582,71.00015987235163,159.88642590852962
248.13126547023126,22.660456301517428,70.20107801643326,158.2353144476868
258.2366650512427,24.75989928961758,69.26138748172971,157.64096452800504
266.6644385567039,29.50469648356598,68.95038278342936,156.275350662264
274.2565846318343,37.9902249743118,68.77569508720907,154.83176426945644
280.9626917375619,43.17125802600282,67.86196739461381,155.05005857867206
286.4117180314009,51.695268565107995,66.55080216655496,155.51833197983183
290.86775908346374,63.16841343660502,65.9050069124048,153.82405258229676
293.36343583903727,76.53376608779404,65.20572998893473,152.51619502772147
295.54771036376275,84.88093258957505,64.71491655426037,151.63467292198658
294.05259954598705,94.31488016641093,65.46072409870153,150.59145046728943
293.34459469023074,105.3367400735782,65.67106393030087,149.9282009288338
291.869595893096,114.06779014941657,66.14449544829164,149.03668984270882
289.7353012781998,121.99135500582973,66.90814655247364,147.73180027270476
287.297115169039,130.0855142208164,67.66770558796446,145.80745412514108
285.85801312710544,138.5958443559999,67.89433911328362,144.31294169718132
286.07609219463467,146.96423940917845,67.69640400938839,143.04827664423
284.8264912021808,153.68689880259313,67.72995329005715,143.14164365604563
282.9675038896311,162.1096841515754,67.82339044720017,142.4890489560059
284.09879230373315,167.97225673292868,67.27122779021491,141.14905947109474
282.62991145368903,175.4661355270959,67.10346018198402,139.96199348737454
283.0253124771767,183.96942919007435,66.97059262187469,139.60150143729658
283.8455089388683,190.4645303783846,66.83403716473146,136.69014408478498
285.4004510697464,197.8754955116272,66.56014833868998,133.32903020166157
286.14801860918476,199.71199429371796,66.95242580787844,132.3929446495803
288.49072315591445,202.57151529316883,66.23783046563975,129.40534224113264
290.3848039647695,202.43250327019967,66.92401596249258,128.47415982516455
292.58584511869367,201.2834038305057,66.8419104612849,128.43279438112717
294.23723459957137,197.41222948438937,68.1115277779109,128.3153942330278
296.62210749519727,193.01360794667886,69.18758190960219,128.13469293436432
299.1785952005169,191.02130069273275,69.96582992959641,127.89261190468943
301.7258933532848,189.17110107782383,70.06764809473323,128.96623610818585
304.7448616312763,184.0050580753934,70.50657826085717,129.244557769785
307.1863402962691,181.2565264795187,70.5122236644836,129.68547624717894
309.70218182492124,179.83074637662062,70.30806574603437,130.21903709002953
311.1589896130921,178.8289470724309,70.28806398500022,131.08598012933243
311.98387328594345,177.02250141034193,70.66171339688111,132.65423806499106
312.61822564259927,176.05321978755188,71.32540056551227,134.45744847551202
310.9331758198867,176.69500173341706,72.30317933958429,136.36366791851373
309.8699233274764,180.52864987887085,73.27184907927239,137.96545465067743
308.9745082654215,180.4810264548377,74.60487118565149,140.5802937839
304.0866854832401,183.69391747033268,76.59221432844441,143.69870311338363
298.7949974965609,183.05695288645404,79.06644132261593,148.60524164851154
292.6901260728057,183.02141098656318,81.61159905660088,152.16761267973857
286.29750907431435,183.8452330726576,83.30382215117879,155.97385310914274
280.7426623071533,182.49503576639808,84.29772531837442,158.4674457558291
274.3554191266312,187.76686643447965,84.06055491824922,159.99543873942912
265.1135919108335,185.84967285740703,83.74266325304282,163.9417284508878
256.1253456763649,187.42375425594815,84.83806746514418,166.49454631710512
242.32810627794788,188.8695802392022,85.51411974830629,166.53841571480905
229.62588710159386,191.73263411948764,85.8588886063854,167.37808477918935
216.85999634374429,189.71405515087804,86.28476268189897,168.4345896688469
208.27473402637943,188.92740373234076,87.16131148655059,169.75813803235445
199.26856555622777,187.3512513519744,87.77699620517424,170.07835646839538
189.08143840578833,191.04193987329182,89.00986065925134,167.1461733802283
178.5761360324895,192.25195339354966,89.31005814876895,165.7378429167848
165.2122413279751,196.41524969821177,89.68705944134265,165.7919818901022
159.56222622266395,197.71168441815826,88.84690238847615,164.19309750708635
153.07236636725762,197.14486986234084,88.00404080809011,159.9763581189653
147.743107042351,202.17667076343653,86.83708376515432,157.66152655374293
143.83937604686122,204.45944674943635,85.41180726126086,156.99827327063184
141.46487519406892,209.85377109522136,84.39422933885469,157.61848287831717
138.93262239576677,211.37333742210188,83.220652526554,157.7522118006365
137.7127012344211,219.37941679795418,82.0767856092856,158.39664827903442
138.0485001709115,225.04407124228953,80.31889260843619,156.80513522013663
139.35965768430498,231.84127378932078,79.028761896377,154.7124343420776
140.40477710150222,236.46777474478023,77.97804010700355,153.20616895764792
142.82318817081074,238.24517777272214,78.08842780343903,151.7046690045168
143.38968251896037,244.39057619428618,77.8781327173311,148.67487660932574
145.26347068047764,248.36736570440178,77.68702011271087,145.9431661041092
152.0355127550234,251.1161441208704,77.53004381274042,142.93646591866343
149.84520463160808,254.8676311399545,77.21734216940382,140.7496434994527
158.4610482781454,257.72665365165466,76.78458409080672,138.59901299822343
162.13151965142262,258.1565126096172,77.13083187693663,136.6899927427445
161.33616717738192,260.6172476826999,76.69262523444182,135.82232842467366
166.81408656223797,261.24563835288507,76.87695274738354,134.56653003637467
170.50385569045994,260.37097447186886,76.9577287647738,134.17570629770506
174.66325047103408,260.27863772066274,76.89616233289803,133.8374566285971
177.54509767021563,258.5665646609841,77.89054317180909,132.5305036192312
177.7647783966243,258.880131401423,79.57943589417788,131.2252443992559
177.41686317981842,257.4317790784628,80.87977198593937,130.93120702933766
187.203641774418,257.6911230194073,80.48838757200879,131.83684532886033
189.5274156790835,257.59153358795095,81.33287610529861,130.67023203650723
196.84416781544408,256.91386596621817,82.44175960418393,130.9769227372788
204.76823022391852,255.59920332705926,83.29310530725455,133.07394784136028
208.7036711365696,254.30244651170284,83.91599408131765,135.3011494748979
215.2811845864631,253.53327173530153,84.1224917634398,136.79965848964582
221.5785257118779,250.50655044828596,84.81897391080363,139.54726080984702
230.99176833112227,249.9515383068993,85.99169712263223,140.90023597910832
241.78168893735867,249.34431546637313,85.45607397351394,143.37615185879193
256.25141789613014,247.1916606261605,84.03582687140067,145.4349867963277
268.73858370104045,246.22284010521906,83.27398343601848,146.75413428123431
281.1845211716476,246.89900805316208,83.40216808037559,145.91620518561837
292.4399051937957,248.82171005685743,84.05041378424828,144.36284295679212
306.6374492265679,250.28641092078908,84.51058656770284,142.40764570957688
321.2682123917973,253.83646319334903,84.06220492108193,140.0191204872719
337.0087447552375,254.5353751194414,83.35951391246327,138.94851254504505
350.4411750033366,254.27172527333997,82.66055078564985,138.45525268791624
366.61023020343345,251.64944723775926,82.39745640718468,138.74528519569265
381.5643450690551,247.49079119001925,82.36700568289936,138.83977700919021
391.38872976677055,242.7663874066934,81.45112927758083,139.5978287317257
401.97016017700076,238.3082202142201,80.88438929147091,139.8793850939062
417.03388206916554,237.9389212185102,81.48948754510522,138.95429549854168
430.7903673273094,231.11502417145377,82.10063583374917,137.93361730261546
440.51120257408735,229.93997156847837,80.71861957603315,136.52473293604126
449.6884807531384,228.45254450839843,79.81144900589499,136.14224528984371
452.81148841908225,225.95383301196827,78.75557487502644,135.50921135826553
463.0304029867161,224.38081468165228,78.38171439820599,135.87102923075054
465.78139771612246,219.62408216126818,77.67751069836552,137.23177382016377
470.33895776146034,213.97185986974335,77.26260117897884,138.68590712391654
471.43157898764696,208.10382127645744,77.11367798243445,139.3332096293971
470.7144738540055,199.1181631844267,76.70767292436176,140.56963392197906
469.1799838150703,189.80835244471226,75.75235767218459,143.31939952067063
465.1090706850716,176.31039835849953,75.2945106610028,146.4985409542045
461.9338991044582,160.12740717003467,76.14021419668028,149.28040162703263
455.3897285112856,144.4991803914578,76.4628579037774,153.84870859299983
440.77175932500654,128.2555079521197,78.56424808907973,157.8282905627405
430.94956205834166,112.09894015830929,79.96808209079323,161.11445051864746
410.53894197649004,88.49018972755783,81.28408467515084,167.04968285598045
399.5234168550442,71.1717379768646,83.11214533979539,169.94063947321163
377.51355006859745,56.818243362601464,84.13569742465181,174.74580947261194
356.27437094206226,43.74537515065499,86.5831871474487,176.62566531178808
334.31251047030673,24.833143031748733,86.56564298475861,178.55118850956154
311.302261288925,21.324212532348625,88.82606673204353,176.79137292602533
286.1499121049567,16.398631950325694,89.73380770251926,176.65862829783487
266.0430294646237,11.30538393455916,88.92568806497232,178.37916096572047
246.0023036029133,9.2406427802361,87.92170964312946,181.53746808057997
223.26692410591028,14.724222156300073,88.74456519475265,183.17361037673084
204.66303603601386,13.549389605433603,89.15387560578571,187.51481316862643
185.52146499822345,14.859034458667352,91.24011445260678,191.44532814965893
166.72588169968213,21.88794295170321,92.24337135120308,195.09919252955402
150.5070428066963,38.07451211981339,92.1809842873213,201.02448558981803
142.18624667963917,43.114442208601844,92.56480600310547,205.17094472529044
133.71357154118047,50.00812489076134,92.76763308666347,211.10720072937966
128.6660206029576,62.145329242144086,90.51251428287243,218.36046193323037
124.68027044317893,71.541375465046,89.49207887244927,222.04049167980935
121.69721797658795,97.22683038212013,89.04963640420301,219.4109606298408
122.77990756782518,111.70091907194852,88.53557684472202,215.2709936231088
127.0698706392721,126.3489287500626,89.01624239952105,212.706963173741
131.96300071826371,131.17594653855946,88.52722822084688,211.35281430023846
136.7005281595964,137.19209395522003,86.583500108964,205.4619322019027
143.1317288489425,146.5285881623939,85.52475912303302,198.79360344026492
149.94235832649838,157.4055499233968,84.64007338722061,191.88531247135973
162.79160576086156,172.09402676448516,86.01213897381652,184.38179857800134
174.60217018496513,173.38691079647987,85.94492896411033,178.32816194749887
185.47878587872015,182.3477509513453,86.00945041473507,172.3096417329829
195.39726141607676,188.44926041089468,86.03772990032455,168.57881748551492
202.77502919159093,195.9064319221244,86.24163648796807,164.48081490952768
216.3720600806811,204.69352753402782,84.40066499604264,165.28152450359192
220.67031146419876,201.4679359457948,84.44804784149511,163.1762616046185
239.14603248647757,203.8649171399402,82.83047954571677,162.3688559847451
256.0778192377354,202.9793902856692,80.48877188792771,160.474456020878
270.4154060162873,198.60383208107103,79.39332550367543,156.88817103999867
279.90937856305135,198.3673119841959,78.81656853575775,152.8887728983302
293.2103573630881,202.4518926330072,77.71735751771544,147.5713240659939
301.773217828449,204.39933485335732,77.31395332893706,143.78060804036323
313.60509004120627,202.3157304884645,76.7287306319381,141.89274303205073
320.4482211914856,202.79145836433693,75.83897235207039,140.60796436785125
329.757516769622,200.53333768165783,75.37977641369308,139.83848490801412
334.14324839928105,198.30963812540168,74.94939191261469,138.946478960712
338.37488103705385,195.9253044132664,74.49214718302862,138.5452926976962
341.8781294090402,193.21805516191534,73.63150634268143,138.69566299223789
344.1428483282262,189.7864494135161,72.82006963155247,139.14185845967845
344.744020160351,186.704302648197,72.10080256952332,139.0016170782073
344.38050829887516,183.84903645226933,71.13600936647259,138.45600113174476
342.71340530440045,181.6664777607583,70.21915868427938,137.3410274197961
338.0353434657687,181.34113264479194,69.71849944833491,135.84212787473604
334.62579724225594,178.13891524112472,69.2559814064688,133.73980685321305
328.39177654219577,177.98577138074384,68.95380109638403,132.20513264083883
321.1144616580714,177.50031285103307,68.68774833899806,130.54127644586586
317.1268312581741,175.7738231765525,67.48062846252304,128.75809265548372
308.8858100456814,175.05089527539616,66.72759970525752,127.45513578232031
301.81350900455186,171.37153285056982,66.48867880015081,125.93147060969518
293.4891489690486,169.36091838788147,66.39697185394547,124.17175232666733
287.5649983469085,164.2270567991284,65.9211401789141,124.8317665732042
280.2996392704012,159.23180036800295,65.61661224580814,126.68771217471291
273.38686670347414,153.60324491960137,65.97385560659099,128.14412955955325
267.8855496407902,149.50946598025308,65.87350530355313,129.6996860382559
263.02355003456586,145.8965115311658,65.08101644074543,132.45140565496683
258.6454539129275,139.97009646999135,64.57006066613884,132.72612126773325
254.22652589105135,134.88954685801724,64.19846694182473,135.90842639378104
248.6567742418608,130.11532868685634,64.3451113534871,139.3183596614568
242.93037019597227,125.02792174731003,64.67536561988572,140.49220079274673
236.41460797881257,118.08162791266805,65.3145884947569,142.56099123607854
229.74108722692344,110.55523553445246,66.14359887823487,145.72726991188227
223.24828748827417,102.85791443381159,66.8988688419836,146.67333518597897
217.52478053278014,98.26650545532002,67.3378747497368,148.87134517482247
211.5645604822058,96.12027250648612,67.97193217571458,150.17135940470462
199.127544054934,91.14139998834966,67.87946570164493,151.6840580161118
190.0092641408233,87.61186254246327,68.43180616951473,152.57788356019782
184.11787321086587,83.87354885753834,68.63457093958581,154.52530560778206
177.0460808248492,80.58413690740495,68.38801422449758,157.8604616670912
167.93118859780765,76.74442642785164,69.01452337950842,158.97829338517
152.33299851773975,78.89138995644925,70.14366187094305,159.34583483383415
142.39084854630653,78.13252411596153,71.09283646285738,161.53051757510468
136.64505263690907,76.632829557929,72.45705363260441,162.45414298877716
122.01668374238997,82.5375988888974,73.95595031141312,164.02741873418898
115.11123332926981,87.51084678495468,75.5429369912301,164.90943894854416
99.15003163394634,91.67001980383526,78.77938151957235,165.60127529145927
92.41815642729631,92.90428466357722,79.18508654560436,167.28334505165066
82.59214427678263,98.58513394772922,79.69757685004967,168.36214578907175
74.7260446203075,103.20282244799942,80.25164219846134,167.12929125709823
59.11399088679187,110.0379583345099,80.561534577602,164.6678007264479
52.48512338065932,110.16426660437351,81.35040228792619,162.6982570159672
43.906194515954624,113.84834960991995,81.70569921106116,159.6209516577979
36.355511231475035,117.67256942075818,81.52711468443928,157.10478094176108
28.52869466616353,121.48188495087626,81.35526640026737,154.80787048165308
22.730269722693706,126.86757368194975,80.27029637143553,151.71716566507496
17.873285928391105,131.11011489537862,78.8045859967839,149.09788981780707
14.222155792529634,136.59082768357024,77.17913573536475,146.41730892983932
10.894040767510674,144.42437447335158,76.72108317737045,143.73240929711505
10.623111948293925,152.15832942978682,75.67943900000805,142.2365243018471
10.627812638225215,161.06329343445822,74.3274280954186,142.08954490090275
10.076119906118087,169.93614252410677,73.88284719858702,140.16199342723309
10.363421407979466,176.96029933443523,72.71432736146353,137.85041419683495
14.147114122719884,184.25604346954123,71.49606540991849,134.4259142994257
22.61967670534616,189.3801036343324,70.62379905509074,131.3601584336495
24.331810525689704,195.1091029328024,68.99159393538449,127.79421201032403
29.460579140798714,198.0163248059166,68.74647545211471,123.9305566428111
32.97174912566476,202.44176251004927,67.02588042027935,120.82248194713122
37.75995435824167,203.0824096501902,67.06867161528177,118.82241603036331
41.62870721724302,204.7247269615481,67.26714574041873,118.82766239862956
43.52968189943281,208.18394607082294,66.27443266410982,118.37794366250176
46.28229526044007,210.4224455363114,65.976179017962,118.77753784447046
48.346607468134295,209.0145826780717,66.6425489568216,117.17946761292126
49.36463969560163,212.31503320980153,67.23162993722018,115.67386722390006
51.24697198061925,211.2311723230319,66.72962444006092,115.29388787706273
51.50288680129294,210.64971062374013,66.1974600259479,114.21461376206597
52.84709246305485,212.40893530544992,65.60582995623878,112.24932148978715
53.622048716945294,212.8463788700028,65.04546857541483,111.5341818569286
53.95753348069382,215.61106656522463,64.01792391650146,109.69818658390138
54.670144858657274,218.68685220001564,63.760108315611475,108.8200318334844
53.890994376052845,220.4806558060043,63.297795372052626,107.47378314010751
54.022978465671386,224.88402808731092,63.253785349162825,106.90096916526285
53.990862904960395,226.2877049116612,62.74256456008906,107.27393268002973
53.92880787259287,228.11508043692834,62.40719469680743,106.98075627930622
52.67836337354805,229.02361115691124,62.388883608303445,106.77156053052538
51.295369166991364,232.57016354349668,62.41356237862507,106.4207119219053
49.93429006228624,234.0461532143009,62.22573790676091,106.61088965808617
47.31143294828938,235.23923176990527,61.698504346516096,107.56407633311706
46.60358945808086,233.77925374503423,60.90427449687028,109.2874081038369
44.64364310716587,231.3045288802688,59.96135849432403,110.73337954471727
42.26700413410895,228.83608904060617,59.55564319626673,111.75823091135942
41.161115017651454,227.98103910065333,58.49794096233907,111.2594641950432
39.794192829062794,226.28249159485722,58.04962973038553,110.15685866037072
37.63071793605699,228.40545117309753,57.796039813028,109.78731494067297
35.58708087451558,226.89113030642264,57.566525262709945,109.47456129590995
33.695099658546305,228.510153206547,57.59709452143072,108.8057284091744
31.3817391543,231.13961844185718,57.23382958708275,108.67120475312925
30.3523310158462,227.36157854736712,57.24726860950427,109.16779100039184
27.34607386110894,229.35229949115006,57.201980241824245,108.8921541760736
25.329287009240616,227.83809795955386,57.34414717104002,108.6312200810629
23.2545133481348,229.30694214226082,57.18853444762787,108.04072853304704
21.37820628066775,228.54088953614337,56.901820007427695,107.63692733506471
20.035504007200934,227.40636036931176,56.56533629828833,107.64734871728135
19.22764465851178,226.75183437867472,56.15842048944105,106.95943791283463
17.04294979136408,226.21953481940665,55.90150607410877,105.42611542149226
16.28318091726417,227.63973586870273,55.948118636151364,104.66930692984893
13.668768483184905,227.70343682855903,56.013869487738845,103.75327214041583
11.169411231671877,227.79766605939557,56.21556021757154,103.78567059862743
9.391395229940237,229.01084046804507,56.17107256389981,103.9375476323874
8.216357326973558,229.5258813439092,56.32252375893229,104.63115901305966
6.905825624539375,231.07661592603745,56.515654662961424,105.53118187227116
5.2894739550420695,231.51998541623823,56.88506745363145,106.56712553480634
4.246908949793294,231.8912360535652,57.09867682566312,107.31197043248514
3.9727251855323757,233.1243699983946,57.53669367830405,108.73498286204023
3.7016148477778614,236.80967172528403,58.95713902470007,110.99615335693076
3.2535304553400124,235.4106357336148,59.89791244257924,114.02929471947971
3.184096493611083,237.07527529658773,60.48154155287525,115.94388966656246
3.0997937609250386,238.57894557008973,60.84767561894009,117.75998204192175
3.5815659734568044,240.40365097083014,61.148591757536224,119.03152737523706
3.5136282945201103,241.63525394673567,61.40613546163583,120.2108318375495
4.4067557826238115,241.2287224900973,61.81058959950313,121.31158232068285
4.927314318681759,243.78420031973724,62.0250870465065,121.89925651751261
6.727561702551004,245.7200235954657,62.32999374704499,122.20609488274275
7.624278287726668,245.42593290727305,62.98835806204522,122.94784841615336
8.54387200824339,249.3263962672537,63.1370534735661,122.64573246431952
12.33272301273021,249.20450467926906,63.692760011040214,123.70721566870824
9.321748423871938,250.38400831490833,63.952507879552655,122.92302522043543
14.193071539625997,253.64316223452448,64.16227711435313,122.3514808966755
11.740194771339034,253.793195509447,64.32629519255303,122.83312383903706
15.881736242184104,252.98723255528415,64.50076992908555,123.92153625144067
12.725678382750225,256.7792017050771,64.66503847235516,122.78039608951947
16.225883986490686,252.62097618860116,65.43914766206052,124.36254937009106
14.4209291619254,258.71419903225615,67.02122456468535,122.08693131949981
17.197268712518508,256.120660093851,67.51495554726989,124.24985310271276
14.111296030956623,261.6538770410911,68.1865194406671,123.22536371201667
18.201288064613024,260.4721562113123,68.28160747113262,122.59489386682883
16.864508091215328,263.8361449126005,68.34740555803421,123.26479987947462
17.42771503405035,265.0742473033503,68.90662223228543,125.66151465745375
17.62985242385856,265.966100885815,68.334820298581,122.76556682041281
18.527590978599804,267.77225970909717,67.6040678728601,121.29701986858115
19.724040437325485,267.43238372332615,68.06105775698344,124.030875453023
20.530122866133198,266.62677560473486,68.51008135876438,126.8323649751177
22.263914943605805,265.14044983588605,69.04871754454793,129.75593007618602
24.14199739848555,266.85600515317634,69.39184443624107,131.52338826255877
24.613467790038847,267.8454492536961,69.97143349360384,132.89656419420973
25.568460530742655,269.1769914078502,70.69591060718219,134.30324593051816
28.17847165193963,268.80608876096994,71.86131631660098,135.59883410458494
30.628288224929726,267.93726929365056,72.44646395904242,137.45373234791955
30.950399456820236,266.23207875407724,73.39024095834276,138.8462847241395
34.62807213124185,267.64526512638787,73.82197828161867,139.09341666587386
36.350528366055414,265.1534233991945,74.09978262031063,140.1678372246766
40.01017435713898,263.02982754856293,74.71377825868794,140.65597807983983
41.850079892439126,265.62853127773946,75.27841441938037,139.9490114669762
46.16238173620354,260.7057049079209,74.84312938877292,140.7287557746065
47.806982643798335,262.9612347167314,74.507743272207,140.3686141638825
51.81348718095089,258.70071696057227,74.08122339849393,141.50924568068683
53.87158045078871,261.7561659584933,73.68034409453605,141.00048525045753
56.64685065882986,256.4104498997076,73.76094152635415,143.1041507206901
58.5646355441221,255.62415255412037,73.94609843652529,144.80868325840598
62.0316748914851,250.02866238424858,75.04936085965817,147.51303983411145
63.31713425211059,247.98440539107008,76.45060366985555,149.67249324212216
71.06198660625836,242.8238907603166,76.13223227454829,152.27850613857788
69.54530957510175,240.26971077560552,76.82218562007988,154.22633482557515
71.12278043434932,239.34496988865524,77.62633413443388,156.43478783761196
73.21644451038696,235.85543496230554,79.30720294662252,158.4708187498817
83.72616718426669,236.7190886217812,79.5255295867781,160.18286298961567
80.50634349881405,234.53241786858177,81.38706340177518,162.00416630326552
82.45888464015505,232.30591415317625,83.72320159333636,163.22694101846986
93.37444800795495,231.1505797551356,83.96834210016816,165.0365926612881
93.97466349208379,228.07095378203445,85.99815266900461,164.01830192102793
97.96267271703725,230.79684390352725,87.84991303532084,164.78439572818272
98.87902539029,227.97533687516255,88.87017280531619,164.41074861776738
103.86741730397264,229.35403969182204,89.96534084410082,164.75400116277785
108.10683081874271,225.42192195797753,90.6844021888893,164.3011113100323
111.45391754471325,227.78073446141752,91.47827395255489,163.05758307820727
118.11523155967615,227.1631235695019,92.97131212135956,161.41071953870477
124.48250247829313,228.2906348385815,93.31538642639858,159.30671369783312
131.48066207646843,229.78878342408828,92.98934291821935,156.6068781388057
140.86083335882614,230.35797364496693,91.45622851817676,154.7737731372645
147.83375744306727,228.370766144549,89.88866003566861,153.94027674207373
151.95970418803356,228.41170289223737,87.77336131807492,151.60090283661705
155.50386133027422,225.89658890994548,86.34865176992174,149.79916010951993
164.11785239765763,223.09176985047702,88.13247230849475,149.16358805771094
168.56285595282313,221.28511417017089,88.63286703837373,148.48498924681445
175.2123651987393,216.58400266213292,89.04213483194181,148.0860543115354
179.5896250475374,216.08039470924578,88.12761910163074,147.06857577456066
183.07638901990165,213.17347396263935,88.00481346982946,146.9201384248475
189.7253061311939,209.93663453233563,88.20943400493542,147.1052630938656
194.89135850485775,207.50893410960188,87.6872037922146,147.3743144520284
198.70070675982367,204.672932492342,87.35830077364632,148.12211762856472
204.02590848898137,201.79744249912488,85.93950475246473,149.39209194635887
208.54146336080473,200.8682584514819,84.89185495831141,150.2673884760168
214.4468186024448,196.74141218741406,84.02104868798288,151.55993226529137
219.20719620887047,195.49229427397154,83.49927495096165,151.9926056055278
223.19502661896746,193.59996600848373,83.05925866201767,152.42137496189713
228.62384311882286,193.068441342736,82.78020556495579,152.37872892653314
232.5109887367238,188.98229866692623,82.65256464348501,152.31563887379477
238.0394832987336,191.8825706660695,82.1486474951734,152.25257360857094
243.4248455160208,189.13008344353673,81.35082440489828,152.46235533513067
248.21322523596933,187.74101965565336,79.9539994666492,152.81935797574724
250.11851409113336,186.52607768075796,79.32574425845735,151.29524288302704
252.3360132008342,188.0344481653424,78.9828128038872,149.52720432074142
255.56727646303563,188.45579200149297,78.63477774219186,148.34543655314914
257.4265547592703,186.454240488181,78.16063595608857,147.40914033737198
258.37040676467456,186.7572389345029,77.80547548528091,146.1639059812539
260.12722176923484,188.04827049861683,76.9411553497413,143.62196696017827
261.32864979827593,184.68345266722218,76.59986993603769,142.3321161956604
261.35584899521257,184.81791019799186,76.18312125711127,140.2481539892312
262.62801778162145,185.47383266118135,76.00899170927208,138.66707008422793
263.2616737245732,183.13993972511872,75.59968159195765,138.20427553109073
263.09078844713343,181.4707720591112,75.24531746036709,138.14521143759922
263.2572791575761,180.36586806731464,75.20319427841733,137.92328199824922
263.6194340258626,179.5809836349132,75.39119943365945,137.6387138860471
262.68915470642355,178.17454913159634,75.54081842677036,137.9065811474568
262.54672412637484,176.3619330180092,76.17327462289754,138.26276349174228
261.37136350570546,174.82298396379622,76.56143234952688,139.13052161031536
260.25552719863384,170.33759833582002,77.283269720445,140.52970911840396
259.46009358291855,167.77835034947722,77.93653908104882,142.75284080657417
260.14775872992493,165.0874670461401,79.12642818934935,144.88063369079052
259.2251517348458,161.34732533990575,79.73666207315381,146.5490369915649
259.13635507806805,158.96296371217295,80.55146951091204,148.6144693076994
260.27441638647775,155.73281190283683,81.24631990892419,150.92497024158777
261.5308894279246,153.43542790426687,81.77723378467915,152.04841164914328
262.07474479623835,150.07176530416166,82.65224964106923,153.6852469850044
262.84694151714666,147.08508179884788,83.37931077193028,154.94648392589926
266.31794328414935,144.04491841092604,83.66076886588502,156.8795133193882
268.08947586643654,143.4971702277791,84.25362708693085,158.47954184405688
269.4269173775435,140.71805145848714,85.16008270874468,160.21279936211772
272.2716936178193,141.71697929899753,86.3579933209969,161.50728348288527
274.4766359952717,140.69791862936188,86.98330153255333,163.03570064954533
276.4058270131314,139.87304322359344,87.59865387564862,164.4916553777511
276.88219140214966,139.81930857714025,88.70751791491867,165.66242289606035
278.3866830253222,139.19810861884082,89.9957048307745,166.42158253608406
279.89217090895676,139.22789804685235,90.45539356469551,167.41584086019867
281.64579214274465,140.2693031239818,91.82416199189518,168.44046831656595
283.4766686620965,138.8070827032436,92.2407556824701,168.8957335808787
284.66530934478453,139.83665925690468,93.27057666351425,168.8104885403061
284.8676905118494,139.9020082938933,94.0812981140601,169.04874974419715
285.7891014680079,141.56792233947678,94.99748747035878,169.30114492344643
287.7745901174201,136.94849334129026,95.10719578707402,169.05513773122084
290.80073722423265,139.29952026205447,95.6727175448234,169.38891629478275
293.54570598010685,137.71410890005046,95.91308045955816,169.31853356491806
296.3432635375085,135.94090949485667,96.07734520849381,169.33268960034226
298.98973697805656,132.09111672576591,96.07797456793729,168.8153132778671
292.53721761423526,134.36411523308766,96.75951018278693,168.71647078516574
299.3154056680804,131.63156954425375,96.73150207131246,168.74491284032376
303.23448775791064,126.4656480149051,96.60688655193032,168.5615047393531
304.27476322485234,122.38014429292342,96.34328474715157,168.2880217505772
304.6499691306093,121.19438157477866,96.02545388351353,167.9124141702804
304.4518695663179,118.6757620876163,95.851618448555,167.78707027030703
304.48494795630677,116.25083695381971,95.63949867030625,166.79143342013288
304.57350610470473,114.18004409555516,95.35864643484209,166.4253434889264
304.30161804237036,112.24148464344229,95.12811936165008,165.93411808620633
304.8538615502192,112.36055887057398,94.84555983380257,165.48118965891285
305.0517848925102,110.99486740904445,94.55182661220515,164.9599649979723
304.84554110895186,111.73542710064046,94.30055113305716,164.35435362516768
304.6430470341452,109.97370385079051,94.06824606310424,163.90084328053774
304.02202096974605,110.68942985050052,93.87461279570798,163.09650271605426
303.93388569052485,108.77754789056377,93.66660639783065,162.68434954455813
303.18835162247296,108.67601882114211,93.62384889802433,161.9987048735908
297.0013182006356,116.27549172041378,94.01146173168934,162.47070328891465
300.6454618242577,109.6206541784111,93.52056065387866,160.3177309348707
292.6060477559302,117.20031485603337,93.99354620020169,161.17350052200896
297.7704698820782,110.53367432431176,94.096192846038,158.38235951208793
298.85986729446586,109.13491168648021,93.9534459567485,158.16617929573138
289.8386615730299,115.26168826655628,94.04956070772586,158.81879888795962
293.95094094200726,107.58353882440788,94.01396013780092,157.2863667694488
286.6829201011792,113.78382469421705,94.0069405630484,158.35261288566542
290.8484148236422,108.34967959829297,93.99106418574937,157.8388411192006
290.83758927079015,107.973234949806,94.15315824396713,157.61293411290228
291.0507766749216,107.73768214535622,94.328056853177,157.2698957660943
290.44607311348034,105.11166064915153,94.51145846954408,157.00492902339624
290.5394946261268,104.44575227986454,94.63436677605743,156.26292350206728
291.24382410293947,104.51737333608091,94.71439235745862,155.80923348814719
292.47350883814255,104.62238704370509,94.69368303185834,155.20407520017238
292.8530419246232,103.18125047863151,94.82041573041417,154.15302733117403
294.1072892586366,102.38087549951833,94.99869197837246,153.03309490681679
295.0405493669106,102.66915437287525,94.84791077358898,152.09906527680596
296.1081195231049,104.37016462324887,94.56146359360092,151.01808588323647
296.4348765682516,105.98901124371399,93.87817578369881,150.980741019534
298.44143657169474,110.46055799365122,93.0229916345853,150.33812836224988
299.4017654924982,115.35356213114062,92.03746564083676,149.23825347197567
300.92754786223077,119.8040696746541,90.22855939727472,148.15853603051755
301.5352277312252,124.23204867081566,88.33789888232735,147.30071694276597
302.1701687638798,128.5049691256026,86.66712390367661,146.65297497880974
300.5551066734207,131.4183814622143,85.42240505938733,146.83312881739664
300.0085581116234,135.80011058651436,84.4651021642899,146.93632782587662
300.19151795599345,139.8881872614707,83.6944740006753,145.8682167161068
301.4893987985686,144.03071593493695,82.44318877693564,145.72837917203069
304.4956781068653,147.9548251166127,80.68468422986115,145.02982568752438
308.21204618481266,152.57151535325676,78.79040308342687,144.54275640198048
309.9640414092713,156.39560896704907,77.9738923689304,143.9883878389466
312.86065082276815,160.79321408409126,77.37415975562074,143.6059774400673
316.43367348190156,164.6219945145023,77.21285707880287,142.45639120387904
319.8656809066862,167.73734950820963,77.00708254753205,141.31789103244336
322.99499026222543,170.56759221428177,77.13884994103734,140.65741754122803
325.8741101778696,173.51551116098804,77.22402250904094,139.72247947768
332.26268254002423,174.8135623162177,78.6773513031032,139.18077713441429
337.74724590505355,174.6339113510346,79.45481995573499,139.5843690932929
343.3939656745,174.76069686044738,79.64389193722792,140.1053683011367
345.9012335860764,171.71753377630034,79.605921475098,140.86470052717004
363.37464080126324,172.03445250875643,84.79496748783964,140.73747524392138
370.4953541579981,172.4994123778842,89.7132735929734,140.7536682576266
380.1595223261429,173.23582083404443,92.06934162985273,140.81600878739906
402.2691492883223,164.31168057069843,94.74265438640217,138.04912360364182
415.3366114943263,158.0629561571256,96.22832018435511,135.39608643835587
420.1175752056102,155.46600871646876,98.28292699488054,132.9714548609293
424.4668414852058,168.27441820568157,100.25688360194911,132.68110148919308
425.91131986025476,171.90022305984468,100.70346285496393,134.46255662309102
430.6304157871947,164.29902071104254,100.95762329600603,135.42076347523633
432.26134704274483,168.8516568075488,98.93243652419406,141.43856390643032
435.54312477283844,162.59192475057895,96.76313431794357,146.8882133383632
439.4867918492547,157.78784338553407,96.01928857224611,148.81340029940995
442.5053335405898,154.9919500990153,94.91452053915478,152.09778712269167
443.8700374376686,153.05554551060834,93.9836861197454,155.076643870211
442.40847056514656,150.02543433884864,93.28562884000914,158.3770633954321
440.9306788239019,148.38625068695217,92.84452028491603,160.8962437161165
439.07374954314275,143.9782958162103,92.36341968276862,164.32157804866466
435.05389013305955,140.34225736616116,92.05189739117962,168.11607654719737
419.17086622063806,133.94564653573192,91.77869579585663,171.5984099176506
414.6796749777561,133.11867969807543,91.85057298682062,174.8768212178568
409.16886506883867,128.93594101347338,92.11850303872541,176.70277307818023
390.7257724597787,123.42075401354482,90.97556304322237,176.58315508890163
385.11533125841487,120.88233186004781,90.55685041421165,177.0982904687411
376.7641212603177,121.77307919120256,91.28219864832099,177.5754699511765
367.79243260217623,120.07364805643165,94.40617613092476,176.46628320948784
357.4583960077298,120.20924577659198,95.59865956762037,176.1951097598614
344.2032636507639,111.64491623170454,96.27899683709416,174.94294189956304
338.8615634845277,111.78081533528598,98.04591901252313,173.7112729367277
332.7984709151641,108.69522927683047,99.38313511133333,173.07893677193096
325.3360332624819,105.10524623558342,100.32429917402187,172.63779098461305
318.8162526519673,102.22097213910594,100.95351245651352,172.23365450807339
302.7786785675758,99.1702178623117,100.84947285063835,172.13061088804736
304.16018673981057,96.84458174288287,101.67059275380375,171.16223467033154
304.5096467590047,95.92720095837142,101.9446357505222,170.8142026221059
304.28170846307245,95.5677386170885,102.22472896152054,170.43535387194012
303.94904920011624,93.80593142676253,102.56436696332217,170.1131561703014
304.02068076533607,93.96975931058246,103.206939397019,169.50460528871653
304.68784458078215,93.8364460319355,104.04338050391985,168.63938088813998
303.8763708265871,98.51490928987121,104.63406079944215,168.84864699922167
305.7603503793745,96.67480100136935,104.8096513268936,168.788585809044
303.72609397704974,99.81742826349623,104.52354129066167,169.42820129898092
316.7872728408122,99.24322169617423,104.69421144094439,169.49138169894474
314.8181242037533,100.21622042489,105.0238849720049,169.8163245453157
313.85649336892044,103.4274757727535,105.5495350236287,170.52899146189338
303.5026063065086,107.35283666612642,105.60831851734885,171.63502817429304
303.5928578763496,113.24790438556161,104.42459410424449,172.71736454480987
297.78857456403773,119.90115990494013,103.91260580485704,173.3319884547833
292.22690767141694,124.96274942039634,102.80855216181494,174.05875449223026
286.2974655596402,132.12330987632964,101.54921510240943,174.49346529880847
276.53262936579125,135.58428666107062,99.88497116930661,174.65991018590003
278.189181886849,144.0455929686972,98.57003340357353,174.29529241317613
276.1861807967798,152.36361953524482,97.33132513830786,173.74318169341097
272.17476254542447,157.10734422557215,94.89681663216842,174.86733986433103
265.66912614023147,159.61887564910208,93.22559814006416,174.37852155462468
258.9134249296371,161.70327681335033,91.73449621249812,173.61800055242213
255.08505740312697,152.47715104617075,89.67859622523514,173.76842179503325
250.31007102951236,149.00228935566247,87.62637227904395,173.82800225841677
245.5727473222936,141.60802806811472,85.98036940203858,172.36180414564603
243.18057787712715,135.364367432893,84.87792278516933,174.21018746595522
240.81339044298022,124.91450199136463,84.2788711779383,175.75077032349924
239.5684701279292,118.06292468765028,84.1321461227681,176.03517035329122
237.8848519497614,107.88346523498106,84.52857945671907,177.31553129049001
237.83472211740616,101.94038483856173,84.30486826714717,178.95656535908552
237.13706301635958,97.19559475572089,84.94385693280236,180.14226483323887
237.06019980761317,91.45056296662183,86.16551512157355,182.51305141100974
238.9636673350437,81.79203467265691,88.38936419680891,184.6049016238175
241.4658066172988,75.29902476987849,89.39259915540056,184.3754291808392
243.8006710468581,69.24145678092697,89.51952547435204,184.48587880315142
247.27107268576853,64.79846774192495,89.61342020602211,185.60360260106512
248.2647134554939,56.55101455220378,90.16923735469696,186.84834590219936
247.88377953701936,48.805013905279,90.2698229503016,184.96437635559482
248.75307583441415,49.803954415379565,91.33312144399777,185.12288743286683
240.9434140151459,47.55132283492665,94.03608422743176,184.40751851750923
244.3736133675934,45.0870783669218,94.28114187477061,183.72234139593226
242.19368818158796,38.08551997053587,94.55399283043013,179.30630116050588
231.64283452857075,49.701458055614935,96.69772474889132,178.67343545787705
232.33248658642583,42.40941362050988,96.30568478952276,176.09966452584106
220.6876150671006,57.940702988696714,96.18501408610776,178.8310082137838
220.54735841258318,55.241985700984046,96.98701278342156,181.2584532510164
206.09302428527135,44.13275030458455,96.25953449263505,179.72249327294136
205.48717704402102,50.26396799343969,96.31916477091973,177.63826815371496
193.22144874058347,52.9988481425661,96.35528484520208,174.28406743340403
182.08163890873374,63.76852239429154,95.84133112938493,173.06063499135453
184.69879104589674,66.61427891953058,95.62625531346346,172.39538327052733
172.3174522094626,62.22829154677564,93.58632449634148,172.07726821806358
175.22286087749458,64.11801104868456,93.48431558236614,171.76485878577893
163.39837924823522,65.27164310082442,93.2947912157628,172.01066331934712
166.85158809274935,47.47286519370755,92.54943099896356,169.59855269070977
156.27855734645024,45.963803023698404,91.28016923411546,167.3768198339202
158.92294063400578,45.569794187302605,90.61028817612475,163.51142516464026
149.64143956412042,45.93277389934059,88.23266035678904,161.84449436605257
153.06716995887314,46.07838226607433,86.93633386370084,158.76716103254847
145.66017826013962,48.460134902397584,84.28566233868256,158.67502245149132
151.05308806138908,48.54672702852679,83.40198144620557,156.89593278560528
153.68179080918517,46.03817762778624,83.00259244154968,154.14860821672505
147.59915550639045,44.86281589331227,80.68766990901655,154.4468297687876
152.45649186755153,44.705804559156476,80.14111566356208,153.29299948700307
155.571449570658,43.19848819218112,80.11409256081596,150.69170929309735
156.5464695029275,46.37393168164908,80.87079879765636,148.69414243592655
158.69995709836235,43.570309368570676,81.11266126852976,146.61992429734337
150.19500106221977,49.377804591142876,80.26871820775827,146.15121986294116
153.90852204482783,49.87468221701607,80.3458843304633,146.14453821148697
156.09036365037872,49.724808832956256,80.54059364408079,145.43446499517057
158.9074911275377,49.09325489846324,80.82787608905484,144.32030216560923
161.2164317653682,46.61638943623774,80.99074699540066,143.57447769302655
160.8675391145596,43.38844584391768,80.33921796500948,142.1385144061701
151.34323612384287,47.559839975441406,78.40133369680913,141.89068444848152
154.12538476348595,48.55346107456512,77.18218641141948,141.3576042518439
155.26279517507902,50.67177576423187,76.97015169052824,140.05795559684512
154.31589873969904,46.297222247269914,75.53956583242167,138.64371729385496
153.0812782745937,51.32649544606356,74.81543141358755,137.5944377496002
150.72776306175575,49.33282936994266,72.82259602123972,136.43811078700435
149.5883288751233,53.15823421720883,72.88670409100735,135.8868694594764
147.78832071287724,50.45836633090015,72.56359896316795,133.9053620031814
146.89135347544658,50.146685530516706,72.08318780166142,130.8071407143914
147.15901058230403,50.3923331668003,71.70899194632017,127.95670838356617
145.97435301846505,51.22844873002175,71.38062779276338,125.24187519489791
145.36185833967565,50.95248240617809,71.06606732276651,123.16565666422525
144.65710380813684,51.49347144990309,70.88308785854615,121.68319332940167
144.3782892761681,51.52901613223084,70.6083900930502,120.02286353296059
142.32594954451935,51.38948710009929,72.58498394309694,116.26944183419269
142.8312659455383,62.54888949898966,73.2129500599739,115.73738973721761
140.8583611000134,63.27477506525561,74.33638969868599,113.8704125895757
139.14361527590182,62.04503669154527,75.03307657167113,112.59089664595633
136.7526146871549,60.366062050457764,75.76138874617423,110.75981623452783
136.81649480958677,72.90061377444576,76.09444077195185,110.06611523711335
136.28492852031033,73.10937179576175,76.57478369100461,109.21191452641727
135.3042403770226,72.69160227144738,77.04815517392254,107.75440972319359
134.20726596873203,71.36565472179676,77.36487263102187,106.32331274562105
133.09964732925178,69.1005394947631,77.84682579419103,103.41258469977993
133.66911879810988,80.22283135613822,77.5423679700956,103.48553447007168
133.51671334084557,81.38549978811487,77.26255590546008,103.48406898024862
134.5006157635806,86.18196406841194,77.07715142963417,106.27829881351434
133.91214781094993,83.3172481420579,76.76816070678275,107.92722863298876
133.42836362615537,80.86856946757412,76.48286030481881,109.30793149053179
134.1367790791761,81.25829111084187,75.88964661870226,110.91803459834443
133.5058212147345,81.05290635409703,75.71519674318483,112.30746189391189
134.1854317040068,80.66114470015702,75.46394445265145,113.89095886845983
139.78685795613117,84.18944336880138,74.25159907425717,122.02383182230884
137.9734215604362,80.36001520808414,73.45743323802259,126.5101698904169
137.51761670343018,77.65678198065335,73.24560042140261,131.56379151095078
136.91276913309352,75.59971327702394,73.19938182763991,135.37801256140762
137.72941206141502,73.5751556829524,73.17409553421405,139.38736908220088
137.83258416151855,71.46087273091896,73.22392190485738,142.5494015399558
139.67449445501387,68.84317288144459,73.12543418835013,145.01687287701185
139.022745721017,66.64790074657904,73.2681886582207,146.7932191773063
139.00139313209104,64.99173835464943,73.40204762165898,147.5049947401267
139.55300743024003,65.16734614004892,73.38922806581203,148.1757509911127
140.42737847917553,64.79862110900856,73.06251284057595,148.37616976027806
141.25837496706083,65.58652433766856,73.0701087882596,148.1612162597299
142.07724057049427,64.62787565269548,72.96242309073114,147.97470951819537
144.21626988160423,64.42138542472527,72.36808934872973,148.60363661868038
145.0212882035567,63.99810021005386,71.6269101481574,148.33640032347486
146.19655104467802,62.860302682307406,70.79107951424703,147.89139286660816
148.9354590853939,63.427618166007676,69.06717111332676,145.8176391627536
150.5892747161961,62.79560939890375,68.7769966216656,146.20118999736124
153.39416649729674,63.146612141164454,68.56905183891378,145.63425444935373
156.50462159541814,61.496736977297246,68.19163939581428,144.60034703554152
159.13717777902608,58.454671304490205,67.63237858346899,144.71279821681844
162.4118093667394,58.19127791352213,67.34973938188881,143.33176084008608
163.08068022148927,56.93284835659078,67.41702112800886,141.58189918215922
165.8862527039002,56.11856817151529,67.35066881531714,140.64102157165834
166.36800899367876,55.68741730572161,67.21164213377787,139.58007775404374
170.5553448684014,55.26695843691658,67.1172142579288,138.5040841280521
172.0913244531348,55.15622616053726,66.57824506725231,136.70973795273764
175.5318226880011,54.13096104009219,66.11163582362441,135.5036601842894
176.81243322542548,53.98131290476633,65.7031139808771,134.18864964742312
179.0152265726897,53.07402936945634,65.12200543576274,133.68207285245776
180.46388077132463,51.27670316537946,64.60984651740524,133.11172148406123
181.7761372362004,51.18609290982549,64.28699054909468,132.30339486172343
183.01341746420184,50.457911555014675,63.997914025586994,131.84461181653091
183.030794483075,50.515845986231795,63.87536990842577,131.1556482880925
184.74301072528354,48.96622949337488,63.64089361221064,130.64718831688188
184.02770472384393,49.53515283634556,63.65944893059583,130.3566268420268
185.03095134463499,48.83392154194185,63.53515283066103,130.05057676699298
184.30582096306537,47.29883248017633,63.33722726777336,130.5333983231412
185.11773701525803,46.339434786402734,63.1459386795471,130.6007280086315
184.73182711485177,46.12595089745233,63.05164517526775,130.28595120864765
185.58564068536816,45.311448787395804,62.869278959527975,130.4422203814203
186.2762904721954,45.08607956972543,62.52117571594398,131.19598242329982
187.0424536848768,43.80239258870024,62.277355679245446,131.9012340880632
188.4999260896729,43.364111270262825,61.972218122537114,132.37798641075958
190.32791594517371,41.45905522357933,61.803557165731675,132.18540151315977
192.68456390106127,40.52789258361892,61.42153719389793,131.95026723840834
193.80548372054804,41.80120221207305,61.38738755545845,131.18084355435317
195.78234750557027,41.22700170121968,61.30040664946124,130.38073154505406
197.13579665224103,41.135077294061574,61.19398795893347,130.0434260152884
199.12168947756763,41.264396595418646,60.99756789932946,129.4944389125609
201.12006847425337,42.30640170027527,60.60816693110444,128.7253692746326
204.49537627253682,41.98096945430255,60.09994292084128,127.88085002710662
205.08767003007466,43.868023514569835,59.64792337174994,126.63435864584513
206.72398509895868,45.20905186101315,59.27039668857171,125.44632420313397
208.5845339165274,45.905105520896356,58.900795273069335,124.33239378709223
209.42898933578073,46.34593044894479,58.47778170858001,123.53224784380187
210.50580905388455,46.77484464128442,58.07658701648243,122.61586081625839
211.6536009406269,46.607286529487,57.71451223519291,122.26000930122484
212.62712347146328,47.516398312465476,57.32364288229084,121.11707035936762
213.7406045417707,47.34869448976881,56.95555172479982,119.92297477848074
214.46222885003078,47.10511749269374,56.71359276205773,119.16934901513117
215.48845794512124,46.11859758946678,56.23484549030333,117.85761213396303
215.8167221660058,48.240127547876796,55.939014228566904,116.55340786518377
217.5905519564326,48.38378403787041,55.50546893222871,115.5356019953154
217.7276056877477,48.78013149575506,55.42477271554057,115.05332497009482
218.26258347352638,48.548499854393725,55.33875971228542,114.68443749550471
218.6590090105756,48.91915854663373,55.37217665547902,114.29123898247512
218.89571582743042,48.801830710510096,55.1188362448834,113.7699712643339
219.0929977808385,48.59275906605424,54.933225942169365,113.38792541578681
218.59977246854615,48.743006432329864,54.78417172494953,113.15415502832357
218.88774725020585,48.43160451177662,54.76729531178809,112.9544852242198
218.52922509011216,48.73196190996749,54.642407633245746,112.65514107836792
217.6623108491114,48.535090147193344,54.501468454152615,112.45548281425098
217.47444716665308,49.09571562969692,54.257961853195496,112.16559356026907
216.83935394172602,48.46860069616004,54.12376404764038,112.40780832304901
215.20511736341328,48.837717907598254,54.07975460882218,113.03250741667496
214.40713928051323,49.22185365405284,54.12712333317785,113.24014658737052
213.1858055009854,49.31957509887357,54.13911157094445,113.6201838012218
212.65211613358238,49.224338051557844,54.020533470003706,113.7955546739823
211.46136468752962,49.77846369372486,53.94343941730028,113.9736650839842
211.4409993212427,49.98484398960797,53.96474831165015,113.82648383506009
211.53615035048585,49.0957748748486,53.853024017496175,113.68964892481594
211.31538587549323,49.03201660902304,53.7395916437433,113.38802879279176
211.09443420117958,49.5060824533861,53.55997524797441,113.34346054391168
211.6041612833846,49.4805683354192,53.286410330028154,112.71416070872807
212.56640167894136,48.87744425782152,53.00508368320174,112.0931694697355
213.29754782651227,48.98441842544411,52.80156268837576,111.57133459360058
213.3412724083732,49.28227279324455,52.792929424443294,111.54079966275968
213.52479277280577,48.4681127468216,52.97119513974624,111.6771339577235
213.71499660119787,48.13397177865817,53.3149620420784,111.95110828067756
215.23104261234917,47.12701745209824,53.494594539505385,111.83587560307843
216.912625078851,46.94055110995632,53.751610928599526,112.04829493103426
216.77250108175335,47.41388369165341,54.11979109223221,112.60684672377869
217.94439823510248,46.30259464214086,54.32721672571949,113.19124707030898
219.0340363180624,45.899613613164306,54.853736324722796,114.1186456198707
220.1296200552676,45.778263670850244,55.366910738740074,115.19117078659569
221.34063994389084,46.40865859427488,55.81371189433972,116.12644755771211
222.90657568546936,46.442895611869986,56.28413294887185,116.96131493506616
223.92271711953674,45.620730086078126,56.80067296052832,118.36210233196962
224.9243137995267,44.857868305157986,57.241158456444445,119.72072746103059
226.05746419371906,44.76721533483143,57.5101045171198,120.97005529518499
227.36189072493744,44.23664281032913,57.73525561842509,123.21315413199324
229.1837718598597,43.32401776370459,58.262926320534895,125.03620424108672
231.3678224715023,41.911907350557186,59.115698929952316,126.51678998513665
231.80975083267646,41.07821871711356,59.31747167079983,128.534610466202
234.3621088030564,40.20515858882116,59.685294678098984,130.1197667404431
235.47455255844423,40.021396090649716,60.07034054363563,131.91689745921337
236.7829067873295,41.31923252714603,60.45703360373311,133.4036601941309
238.0577372261962,41.25862405793504,60.7178456912402,135.2731326238096
240.55180784532752,44.949956070081015,60.943814827428255,136.28046035977155
242.95615925254413,46.886888540648044,61.01637336171941,137.8007523514683
245.44350293853205,49.04289921124901,61.29516785467274,139.7753506735049
246.39319745438655,50.59290377977453,62.12794058329393,141.97341816609253
249.46078784173343,51.484629032476164,62.86356745630523,143.32299259164324
252.0819884997399,55.77901854319248,63.57834568664849,144.9460913930866
255.9577611252382,54.76255983419587,64.2190276085035,146.4259786182278
259.3595954369162,59.67859940532796,64.87521692582126,147.52153848353197
263.22129938864816,64.74616331052215,65.73712281935448,149.25483508873197
267.7332978386027,70.56965261776685,66.4848296395381,150.21277400048768
272.9698552375361,73.82822801074313,67.2780245798306,150.66340285091817
277.14945981564244,79.96868823654592,67.93449192203094,151.62783609804308
282.67716957265094,85.90991182563653,68.08801863604131,152.11498349383646
287.45815433175136,92.64721669386935,68.92218349436632,152.44733004856954
292.28265937047405,97.5102219298947,70.0519190681661,151.88513221384795
296.35994241421145,103.76319350861183,70.7481525412382,151.51550630952647
300.3062115525451,110.73986479315695,71.54229410465875,151.29296532277266
304.7551827419037,116.49697441385878,71.97708011186677,150.44008965589293
308.95076827522917,122.61590479154528,72.28827778148298,150.03778874549064
313.3876959498766,129.16127578982304,72.34233037591366,149.32237576657428
314.91021202273816,134.68074464917916,72.58032349493052,148.6863616318464
317.9786244377795,140.23732767712417,72.47776036833906,147.1980334513226
319.932018609061,143.31041516784865,72.54002171792997,146.5210152119696
321.2314639143359,147.68664688199368,72.7307259960673,145.53670115959505
321.4149302067609,151.31977339302864,72.88952628608766,144.62217323899608
321.88926314855854,154.38160128245568,72.77711541643511,143.57455772808635
320.858939951502,157.49981186528538,72.56267016244638,143.01075066002218
320.7659723944422,161.40014077549836,72.11616703413046,142.02942114770164
319.5340410562631,166.74241889390854,71.68453214998763,140.65381056670407
318.92818061679725,168.95139264711963,71.44148055653774,139.45887097768608
317.8858203781427,173.00986330765056,70.94825246359544,137.87637017404973
316.26796818192753,175.89381127579188,70.31122993875888,136.75994251474464
315.59228973669826,178.3290643324268,69.67007054999677,135.45989457522663
315.3358563517873,181.42964230773407,69.08157747561101,134.63287268833275
314.95847186568585,185.77730831559205,68.58100265299112,133.6620942576693
314.1259526185292,187.00131935589894,68.184739439083,132.8493515940935
314.3852678470396,192.55581747164595,67.72605455050467,130.64294325322447
315.0833562372877,194.00201947668194,67.81075862652233,128.90291589491642
315.8643961168197,199.22599545200808,67.06357521259693,127.80539538652488
316.95352320515497,201.15080521280063,67.38321842247723,127.47063458762653
318.3899597007419,203.51475476120186,67.42540857407998,127.55471955301894
320.6181279531077,206.86373497928898,67.77316876810923,127.23672060747577
322.2285097769181,208.8056271146678,68.17263102686061,127.4242382738214
325.0548755885063,210.33180527064968,68.78042606078861,127.80714654925995
328.1553889579491,214.9046667097499,69.10805961929677,128.75573633890622
330.40187258351386,213.7556755916224,69.488129229587,129.94011748663735
333.2547699846457,215.20473750299726,70.03532896467686,130.8935990792319
336.1485711826461,216.81196053758006,70.78592408607106,131.48186592739415
338.72091738487484,216.97193757757657,71.38397708108874,131.58931210856483
341.5746456158062,217.64116906083598,71.51615217669053,131.07125939366347
344.15816142470015,218.47984509756895,71.57697957913581,130.3461430188975
346.3166327267711,218.94487651968535,71.72933724507453,130.57325404665872
347.85475494019016,218.21688384017128,71.82072110650537,130.71365367322682
349.03591749915756,217.6916837815558,72.16258123599185,130.85449972618392
349.5446159567055,218.3763672555272,72.48001949259549,130.18908348138518
350.4033532359656,220.61790340887705,72.80964380912116,128.6714748129912
350.59424534431406,219.0766129571547,73.18221973179418,128.54170272533173
350.2882159306377,219.92264710611212,73.4574936599121,128.126488704074
349.9306534270048,220.11220779769639,73.50734309344737,127.66276055420474
349.2222584455477,221.01643202769253,73.49087595339532,127.50536373472298
348.3684771454729,219.59583835487746,73.51249804947074,127.98544468463172
