58.5,100.5,28,23
59.35343880978627,99.58504792506525,28.89387568776999,22.373341630796006
59.98928034090416,100.84450495212734,29.56957960559098,22.09154391349435
61.67404439883126,101.48201779248379,30.08136099901411,21.96835415120795
60.5623844381766,101.52452576433978,30.79419980116755,21.91147004824654
62.33254167628189,101.87562757421296,30.586900766851496,21.847855989485772
65.04689128920617,102.0986793128148,30.401562060412108,22.177279095476823
65.27741914484785,102.11598616087947,30.541585097831767,22.40361295465104
66.92465974846081,103.49212703291545,30.665871819682984,22.290661597694555
68.01341562871696,102.74622662067031,30.698033940701478,22.35384470634925
69.00737894050317,103.97885266704057,30.720067014852415,22.278776300818826
71.23171242968832,103.90383885942347,30.349407734541217,22.471479694322795
69.81027637313026,104.99176906476521,30.24852422097884,22.320789133035067
68.69331008739825,104.32512267249372,30.207034696190455,22.344749785238577
66.99664581772917,105.12968705137143,30.32996485715641,22.285146407617738
66.89968206212092,105.42592662007864,30.35229695886038,22.16464080860206
65.19399226816644,105.3524987917733,30.71349587317011,22.087023704058574
64.01804607220627,106.03222810694018,31.019400182204684,21.989175939317775
63.77996053774872,106.29819525443745,31.355779464449107,22.03548948949611
63.93083224745922,106.05995579375399,31.70723023409976,22.0529476472274
63.668000312434366,106.88031232407604,32.09966398420586,22.0404494227039
63.35890415500347,107.66012526191194,32.653514098311575,21.983742863323908
62.08358245698,107.85688809423506,33.34710159187745,21.874922628946905
64.61098257694366,108.73774619261987,33.03006904833073,21.78970722944903
67.17687816163847,108.12412752565442,32.677090287388374,21.68095544575756
67.46677494544207,109.50110909576891,32.425650780431056,21.56746495605652
70.03631356838335,108.72128892587386,32.027828817904215,21.544153630921972
73.28255039453862,108.5692480258903,31.811119154088534,21.244588079624158
76.82951483223064,108.1858458626177,31.729164613421304,21.18927930945534
80.6983083174657,107.69457441730414,31.445444124732173,21.16809845950477
84.58625526302146,107.91848302571144,31.567662053841616,21.064558266959263
87.7902531583132,109.00346275935345,31.42326089063849,20.839666682213075
90.10291939637996,110.28247406971832,30.99965199009702,20.45305819836993
91.19347052375456,109.95339333352723,30.58473168114862,20.15459730861527
92.02360637579453,110.29361089905737,30.190827293314694,19.86436192821685
92.90087842990624,111.39110855899244,29.828026964273693,19.49649537631393
93.95338529935265,111.29261127411735,29.291485372368825,19.366798050340783
93.77727165694941,111.2078248544389,28.905292170725094,19.299259842787404
95.23096812166469,111.70837876473848,28.346341795768414,19.157862298315095
96.87896946399714,111.52274138816162,28.250330337299808,19.249006843930204
97.93471977179036,111.38091562803496,28.002413167262375,19.316377203471298
99.11706375720817,110.73203046318483,27.684448800629,19.502411712401297
100.9015089006095,111.34683885895423,27.981401333040214,19.413394767702385
102.11481858602163,111.74712736534597,27.844473887264808,19.2251372243708
103.61835114265394,111.77457637278508,27.904201500516912,19.033530175049695
105.02976793963683,112.08469583485498,28.44749754331564,18.634626095737538
104.60504282387026,112.65432061331245,28.899823037347645,18.23507983643765
106.13376496180524,111.12324982029992,28.969267036624164,18.27392935779597
108.27654424810558,108.43900752886789,29.160418306705367,18.18518957161096
108.44288897326368,108.7395403908198,29.154714155976414,18.140138623937002
109.07963339618365,106.50157346989072,29.063788495828305,18.085473825353255
110.88196698399531,104.08161908265849,29.41006812806632,18.151059613214933
111.05090313184,102.5725017423496,29.754656080847248,18.097888644647536
112.79301308819501,100.00773177283375,29.808635116043703,18.39103570419313
114.47425825576707,98.15099303148979,30.21986218431148,18.58597590393733
114.91594077041725,98.17910973527334,30.48206290322581,18.668662639616883
116.43449033664628,97.31037464966482,30.34458549585016,19.099674695256223
117.89566347167639,97.50012095151354,30.06975476114455,19.493736535871832
119.5526409940505,98.36249520312163,29.923450177593214,19.782896895723308
121.22693190847826,98.12060842388972,29.735990909238815,20.05171797041387
121.51771142572429,98.230599609494,29.458305562729333,20.074532213971427
122.44063861114358,98.39138305453787,29.465906616199508,20.067893408495586
123.57176438461123,98.29691914629755,29.429951255711366,20.20510221882527
124.5412984647462,98.4872238156537,29.117478354154184,20.33022446275457
126.40045004607046,98.00559520355412,28.80289485512565,20.44238022888107
126.59434106166556,98.85884296449923,28.38153564626188,20.199886004941586
128.6522884951687,98.4123311733759,28.125437780140594,20.18370724992322
130.46758681517295,98.19881504769391,27.791957896571322,20.137537660171272
132.2602412892664,99.23171552704349,27.807218196583918,20.090030559046582
133.7886450295593,99.41735118535456,27.74234644597854,20.12426138294642
135.15808679580024,99.68959450317021,27.691160562498716,20.157289395752613
135.03215857293304,100.54186678885065,27.810819866585806,19.79936395357265
136.47731314033683,100.47303522207093,27.67095657452113,19.932145496527326
137.60333739845296,100.24446734528125,27.998514829757998,20.090919352638103
139.2161482986917,99.48321120620297,28.527828293867902,20.045033631984857
140.381317953138,99.29668697908832,28.977123222264773,20.038799909719543
141.30122731940446,99.71647042792353,29.43522280943401,20.158071057646232
140.81553785741178,100.35809471723037,29.343876547071392,20.162361126684203
142.57114181323726,100.27335634347907,29.14557084756337,20.31518363794465
142.2660453542232,100.57945332497698,28.980666931885587,20.49700681104577
143.17723913237563,100.31937626662935,28.91210349038019,20.82542408057877
142.52951679987444,100.38404074996411,29.397386028364622,20.85530326262713
143.36357739939038,99.58014361465953,29.66799638050312,21.036943634997165
143.53397798233573,99.63284538662593,29.777485566718514,21.235166360166453
143.42609065722422,99.87089679659454,30.159469124903346,21.0421869738192
142.30244831645135,100.66169255661987,30.242511777259033,21.054480637102877
142.08589483218154,99.02061794851744,30.360016294235777,21.101809487401958
141.77697492754544,98.86470869304206,30.75746098550987,21.161194549322808
146.07344702583768,100.1607337089791,30.95115028044149,21.33616068985779
153.69744847239872,103.47064314500305,31.856112932973698,20.49249061389143
154.7442205884986,103.44170641262285,31.8016636257007,20.075865449081807
157.02929721993507,103.23694477057498,32.122186384403676,19.547017849712745
160.30979462415587,102.76316263287352,32.08837987704848,19.32665855543641
163.42968113181567,105.15406211148844,31.772833622593165,19.38830537609962
164.83151460051968,104.88841940105486,31.39254396065205,19.567857261438608
164.96810899902636,105.0311601041354,31.144005172987676,19.706967664788717
163.74271285662394,105.34830065556227,31.769948567487994,19.605566629760304
163.87154419360633,104.81351350983823,32.09825170572946,19.710611704918833
165.21086711325412,104.65459221010572,32.59960950946977,19.90578442876207
167.0534187060898,104.4647796433907,32.5124605970223,20.017324201665076
167.3462332399502,104.75682662370005,32.23379845992927,19.953868826137008
170.6341210206445,105.14650550769738,31.794655341015055,19.90349732141749
171.59310749953764,105.40946967713239,31.351495844532487,19.8538784608304
173.88282517724454,106.2189461571916,30.765534972608712,19.75531112369022
173.50479834401204,106.42164573303114,30.452380732350676,19.62981502624848
174.23670749452475,107.29841967298997,29.96798362969333,19.335700225096712
176.29266579328322,107.45720246305243,29.973908275920284,19.153150758491464
175.7777383203109,108.53628110192176,29.897056721811538,19.10616758735069
177.52007360714558,109.11712510933663,29.742796628641422,19.08489190314838
177.8835271253647,110.13426369442791,29.494304187330282,19.23188270972668
178.55647382063114,110.23485362835055,29.171844720518713,19.339044106606142
178.37496864078224,109.81339116205793,29.36035136637028,19.47374289487758
178.14920794521748,110.42197782517891,29.54886067611519,19.479256097795133
180.15958069810043,110.02874909147592,29.225756543029945,19.400638811439837
179.67357832408948,110.37993575103133,29.336626225496282,19.166679351934814
180.69393886680652,110.65426578823273,29.339224842210633,19.14855956502666
180.72166756465646,110.93925180401884,29.30472411737619,19.14221251151994
181.3496208362821,110.78551975440368,29.177158056836667,19.272978387993888
181.36498427705146,112.13201031192614,29.153516484661854,19.417518587569937
182.97494489506394,112.65802965076838,28.889822551188168,19.169566773880028
183.69345718732365,113.21648052175559,28.524015503594995,19.128635681624885
183.837012087048,113.52939849783075,28.34374339402286,19.083837072022895
183.75842360011328,113.41985213204028,27.946782839949687,19.172818034762123
185.51312701326475,113.86732042458158,27.156779518972005,19.069637423972264
186.3605202309653,113.41880357630818,25.391695037697268,20.570354294175523
187.006966149001,113.15927285448761,24.028734812448608,21.691126712986808
187.94544088892195,113.04569551780659,23.13776065771424,22.388285855505117
187.99394849221707,113.19172968413571,22.314614846380056,22.96786476157824
188.88966716861563,113.3275606471991,21.510788310538494,23.521791717420918
189.5581095854701,112.78771655840488,20.865482580299407,23.874663598431905
189.11624213851437,113.23186106624158,20.52300854896366,24.320333685389137
190.12923428998576,114.2657412349363,19.99080652789649,24.657442189170943
189.51459610544745,113.97105963206445,19.578276890541552,24.727355088022254
188.7767135453396,114.46933809642199,19.137701659652528,25.293116007512747
187.9740125519043,114.49179371163785,19.213522814995358,25.373868966538907
187.7553540316288,114.76931268929428,19.184798201198028,25.488850697448115
188.2191300697305,114.13951871559209,19.30481492305978,25.77433793589104
188.48325288262487,113.90623680429962,19.75005077357796,25.9427001378972
188.72915866667748,114.32438987089415,20.07336425363332,26.101296794300872
188.85979857360533,114.27123676097358,20.214001986765137,26.168305917710775
188.5092110208159,116.3039251232425,20.107264206201226,26.130251008663674
188.20788145170042,116.42203884714635,20.12773813563477,26.163613491628738
185.537873893406,118.62432824399693,19.975998243526114,26.555458133138764
185.74407542063778,118.00650132895697,19.87283031484264,26.818093436187738
182.07239822225765,121.15743274847975,19.819951629785283,27.189246668461763
180.65319396578136,121.42634350751439,20.014796633750436,26.854342174885698
176.8105247471039,123.37046747031567,20.126410324401235,26.49060558656339
176.16193410368058,122.63000358698963,20.06808233008945,26.131028706914222
174.7741446936164,124.12607452932902,20.06835778641775,25.87252272464021
174.52463835295072,123.3999012370264,20.032016032305243,25.538774047671662
173.98224188491233,124.11007561081196,19.945819931821994,25.354580333212123
173.48714120336749,124.38355928961138,19.85103210481001,25.174162944332764
171.0362133017974,125.11015178473532,19.82831734749488,25.117836050207607
170.55131820171619,124.40948987780939,19.771081967251114,24.883176396957435
170.82910068426477,124.51671614687679,19.729932623911456,24.657347535644227
170.12002810612154,125.38077449947535,19.310738498162117,25.070750138537317
167.54214322865795,125.79792840733347,19.132422788611752,25.356139893621833
166.31330041311494,125.18994362653025,19.225816990178103,25.510411137700515
165.33612797975778,124.01077700692923,19.192303680661034,25.740003112559293
161.99801412122306,121.72914986443496,19.26687686815894,25.846611431971677
161.81659845199064,121.78459878453445,19.32303178903461,25.560147201615933
161.17765267600615,119.1959058029912,19.26920310804003,25.532413554869677
158.6503456846572,117.08504989898384,19.354657487619026,25.592316395294063
156.3598945336714,113.45359123739118,19.44502834504109,25.795784522617577
155.66744485411544,111.416388196061,19.06220652800552,26.149588808174045
154.1301005929499,109.7130464301763,19.543684829999652,25.778533291939272
151.95455007629235,109.37691868245814,20.129746419345068,25.304955652724438
149.97509657479952,108.41992808788542,20.502562857602946,24.826341789150753
148.1376388250157,106.77080056303689,20.2198646505818,24.899169449702928
143.92885633041791,104.00326769785096,20.097383901557198,24.851536834890464
143.52485304399613,104.38591657526067,20.109977099499922,24.717320303558893
140.9067892582318,102.44029848321811,19.903503467110124,24.36733267554072
140.38796825817104,101.44302775302866,19.64912705368792,24.04128220934493
139.79890864747037,100.14930603470805,19.37297412409597,23.919304964986384
139.39937711657078,99.3695257430178,19.09167999194828,23.7072439634746
139.08531121924776,99.0046666120568,18.792347897472325,23.73881206746817
138.19532362397203,98.5092459125654,18.576938037250166,23.88912640880322
137.57984012307796,97.80536093079967,18.203011354651103,23.913433108823057
136.4844750586227,98.1327126522301,17.966257686488223,23.74991261908146
136.84411798514697,98.20803550607852,17.57015879723634,23.469529161688847
133.44539294456612,97.77007592558529,17.368315551066488,23.58210731305846
130.84133981125518,97.37405466291457,17.346927722839713,23.39799318642616
130.4801936350557,96.614868020557,17.375860402215448,23.366039527743784
129.9744701061468,96.82610102285955,17.30510979386501,23.36353631672732
129.1438845301689,96.94328700467545,17.310262331051906,23.382354453288556
128.18454679658822,96.72200464902076,17.311220818232734,23.388587117612317
127.86473403835254,96.19330594010134,17.327417930372913,23.433723621602272
126.02799502941423,95.83334211607043,17.429128379661265,23.44329485534601
125.00715515777962,95.7824586304408,18.337465260801288,22.658503830332208
123.47047318914466,95.04701231011006,18.968402754971244,22.25886300465458
122.33516106193143,95.02459294058295,19.501672253996073,22.366209469960896
121.5611565209194,95.33318044461578,19.760246187780997,22.80451661101939
120.8024458401126,95.15254551556774,20.020751622461308,23.13105831830068
117.1516749447329,93.609035537502,20.617459905682857,22.949882883730893
112.85414562968627,93.30493572835452,21.0146005975437,22.399442594188912
112.32156513168741,93.86506463373871,21.194737284383095,21.8781853565788
110.49184895652421,93.87799369702918,22.08640172852054,21.438980671188574
108.96133902332737,94.38783635889673,22.244362112339758,21.366027510882724
107.84786592057682,93.60215502450335,22.518066373527812,21.242110700642712
106.48319317438855,93.22948103144863,22.163916725828674,21.50041488878233
105.46062673437237,92.61267038931564,22.079149150386158,21.58316894930868
105.29710684220973,92.06545726103047,22.38148158196889,21.593825765228075
106.13001091158675,91.41174395124126,22.82324719084975,21.609838362360808
105.12965878962399,91.13602565114549,23.59220309226123,21.599036567338278
103.597438753148,91.1859959159901,24.261706842047317,21.642936782740477
102.1756517200989,90.00060729673707,24.860825809039692,21.753118461172694
99.93859683347316,89.85216316966518,25.034567750107314,22.00381194959972
100.43507637748075,90.05935109928137,25.226865143262792,22.232330179589283
100.86478301738985,89.85392150477027,25.969743685878047,22.33984815872302
101.54940219178563,89.76862521942583,27.314061626759354,22.64214869573957
102.53282674941883,90.14153661260688,28.10388847012638,23.0759125583185
101.39861432180551,89.92196867285362,28.638955180592887,23.49081722188609
100.35183212837782,89.27847138131028,29.33803683562912,23.908276776038285
99.71170230101626,88.11887584232912,29.881758080165465,24.536786396481077
97.72671053514014,87.72106610529531,30.601205885370454,25.051376824966887
95.80746008582094,86.86356597508504,31.122760992764384,25.206969255149083
95.58410004868134,86.85599255493385,31.532323222291495,25.536026788381683
94.98363386232685,86.07652188944843,31.785950273307044,25.6929303795988
94.2754984207337,86.76563887198377,31.98725652827374,25.93706880336786
92.65210409287535,85.40048572094967,31.810686982009848,26.00076391082544
91.47912432774004,84.75696459136732,31.504394315014856,25.767159478667814
91.34568632273489,84.48640290965149,31.289118876298495,25.527658512055694
90.17298033699693,83.96860961936487,30.59427029441444,25.380776082275855
88.54742726945747,82.80897277858462,29.47531836980097,25.493181115307284
87.02905246486783,81.76413863471323,28.52051610291213,26.01279928269637
87.27175769541688,81.25671273911459,27.699644144507197,26.61957064505492
87.41302975009437,80.85105601718854,27.08288370867709,27.024318422708276
87.17355112736455,79.80565456557629,26.633523705315476,27.309984287701898
86.43869169440111,79.31303777916712,26.473611290343293,27.243876088440768
85.33318541762475,78.83456531177058,26.22879160093033,27.32054350877617
85.68583670887126,79.43508420481155,26.22525735711756,27.24597938793163
84.43523424909083,78.36009831553723,26.025220306616188,27.017496004431944
83.04956428653232,77.99394817329112,25.862702552366137,26.633435505347183
81.86316649920205,77.34662734701001,25.590348657651056,26.341929372722635
80.863306421869,75.74176633156283,25.55426787847928,25.73852269382391
80.58906861864197,75.87151905216528,25.35195628638976,25.67855204134677
80.30637758827123,75.07731299097118,25.278123056584818,25.75643571849114
80.10844683129913,75.24930716296302,25.209392352129992,25.734382283135908
79.3561284218677,74.1920437942054,24.996476509097107,25.661402583349506
79.2694568197806,73.74722534919918,25.03954783145251,25.538800613231633
78.55934700276428,73.81065674097229,25.049467329872662,25.409231512454365
76.48822237471502,73.64212693308588,25.24675670704969,25.37254973990627
76.04284403644384,73.28167071480719,25.40099804040281,25.267548031947648
75.64626701485652,73.0007667890731,25.398101415814704,25.103503036316543
75.04594107025542,73.0115687846076,25.269724698602076,25.07685754888499
74.56004347319133,72.26587140651365,24.824925864257388,25.187756995243188
73.5009152230086,71.29640673396509,24.15842761151002,25.44602513886327
73.5367657902161,70.68366731483007,23.797872116514615,25.600867347074985
73.08080849914921,70.86134394015039,23.387273118326114,26.24188310068393
73.16598441870168,70.61934886624482,22.92997876742422,26.857158319868056
72.66122135777114,69.07472311990594,22.550300625598172,27.119633308029208
71.85280656263711,68.23598951043724,21.961243136627335,27.276808721699304
71.43103770964817,67.72226621225276,21.491510273757566,27.359539877794962
71.78933192177075,67.12377296905055,21.05969439461166,27.671277285925612
72.10833740796095,67.12522335212776,20.811821213864867,27.839611261578174
72.19446593501905,65.51546166866893,20.45988114499817,27.402415897569323
71.92436529068264,64.75049441172165,20.19159519717121,26.991595401812702
71.24823115410274,63.81080359908984,19.914591128602822,26.439444882529816
71.72418476445839,63.73653390099247,19.690660766507392,25.998342886493564
71.39031117738911,63.67421866541975,19.38198610760762,25.8931232144448
71.28032992507478,63.8973140444962,18.990456336044566,25.823459825314277
71.61906010612174,63.78575390873228,18.68440235031249,25.991796584935248
71.77340023425444,63.402279332426694,18.331080956923994,25.965064294808837
72.15175806527732,63.501625782092525,18.035721159879895,26.00908991325748
71.6168596528948,62.6238856837604,17.855654360072176,25.96930836923723
70.68562257975854,61.680775164297785,17.7538334767045,25.910105924313875
71.10649805190864,62.03730295925881,17.56891337966764,25.598297448334925
70.96224063125366,60.65641369873917,17.419058976640507,25.62906410185102
69.83942243650831,60.46640662922714,17.557573421703722,25.485681927684627
69.94365367508722,60.46444230367201,17.571829526103176,25.259969603200357
70.3194179597491,59.08053597172273,17.30218227725596,25.2164598164611
70.63013739687386,59.017635885705886,17.203254527617332,25.146160632677944
69.78412613356782,58.03980598084969,17.1717423509747,25.084389660072215
70.32680170911277,58.14211121292239,16.971781481562058,25.15211281790559
69.64528207319663,58.40055281147878,17.03282881384968,25.0870927904629
69.8737879813367,58.277695368629026,16.871267804187262,25.156538949575125
69.93922861748426,57.255638070209024,16.66907561683926,25.17419862087802
69.61341325512666,57.27387105744684,16.33012834577734,25.210338964101343
69.57426700257264,57.068795190144314,16.03278516734884,25.11999043692279
70.40909203707282,56.858342132358686,15.626729368100957,25.072467940738683
70.40316968008344,56.19674737871283,15.43545042318426,24.71519389555542
69.65018880701597,55.12498712715842,15.425933319908172,24.371404465955486
70.32390317076809,54.87497981371068,15.24950268887001,24.06553377790956
70.3565947508594,54.94135580609554,15.167814607328541,23.66640422489492
69.89777446478622,53.664536894214656,15.15878927733715,23.391925631725528
69.84899291241865,54.06142787766899,15.026133360632748,23.379693535784725
69.30410917113113,54.521603209494835,14.972673146789035,23.36968389653184
69.08658890638037,52.883590318191025,14.926737899379763,23.39349715472539
69.03712205240676,52.89974261705079,14.756477600407125,23.468882362334703
68.96903854844972,52.93697958703601,14.624223465027814,23.50178903604893
68.62602600790987,52.64560080982235,14.788418881400343,23.02950193944476
68.87823824875917,52.2128120131385,14.984313332234986,22.71203021163783
68.8921306230851,50.6990254570639,15.105333427008901,22.515842480510067
68.79547094696656,50.711617502411144,15.375013228440883,22.335907357224706
68.7575369628703,50.299866321167485,15.61363354183773,22.232193726307624
67.52724233061939,50.34682292484386,15.820023063068701,22.195130944853908
67.7245115661915,50.337047941816394,15.818897658788488,22.355762869918014
67.51878232805582,49.875183571380795,15.905327655960582,22.297859378123196
67.41152488821761,49.48759069663951,16.01749884226141,22.185951583599415
67.41150980916348,49.8633792223773,16.110292066661497,22.24994911851529
67.5253778123973,49.69177850095963,16.266895899413893,22.208501016396323
67.34773443162655,47.87930792420848,16.117336088079405,22.05840917276727
67.80487100753334,47.8843476832576,15.96676848789015,21.82664075825141
67.40667664414272,46.976244830513394,15.853472675830108,21.464097856104324
67.38756101704314,47.270159486340894,15.678525489100824,21.237055310263163
68.18306879430487,46.88806594954858,15.518997256431003,20.926070555577823
68.02669191367116,46.139000948533315,15.487204818853506,20.7819562186191
67.60750980052458,46.00312506977169,15.481310796340669,20.71151964763779
67.00896090250639,45.45982235194576,15.361709206734048,20.807250673614057
67.01665905917072,45.749757554605466,15.329860996305765,20.984970800597498
67.00118074576568,44.744203920227505,15.219456028915705,21.075929339075408
66.31158140417905,44.6029046875118,15.362321341880229,21.254308971358327
66.02501601140492,44.157942207520186,15.51759024855658,21.31656139020005
64.76222992653,43.603328693018184,15.797560287416534,21.123003380255987
63.86143429742695,43.80309517337845,15.9893329678562,21.001391291508494
63.19729795366185,43.49104225049593,16.149420898153732,20.713327501977673
63.57101407189228,43.20771258853124,16.153041339324254,20.49462148281318
62.771951444580054,42.99511827556009,16.324894320885054,20.415525607679747
62.1307823654591,42.800143287642896,16.24661257651618,20.43860971017734
61.931607897923044,42.581201183565405,16.075767552352147,20.500433343085504
61.33922801483742,42.307865881999646,16.100974982784273,20.35722709179732
61.18520925273258,42.278611549220926,16.137189309390717,20.364070212844865
61.128134681802216,42.26278997921522,16.09761558388179,20.40726398609304
60.77506081937891,41.42034830662248,16.08450011273689,20.37927721027633
60.641683957196754,40.901541095403786,16.151259317748288,20.35970443312113
60.31470261096205,39.95303461238145,16.22790596445658,20.048927024409938
60.09624010783367,40.893766205020945,16.2218730329959,19.82146996267373
59.850977421269214,39.84531287389248,16.259886588907943,19.568319023001948
59.66130738669153,39.0841792884333,16.212344033437155,19.458448299289888
57.46540317342079,38.98897390989722,16.238297719835817,19.54557518167151
57.401978848460104,39.10461160294101,16.29855304312897,19.56073655541344
57.34206461482076,39.21666069305487,16.351645609469152,19.5836027553308
55.490087255850476,39.858614959912046,17.803519886888484,18.901670139432614
54.49349122484522,40.043818659457415,19.174973455456453,18.257026240078655
52.73841763502001,40.06975720341974,20.472325377538525,17.725072183484112
51.13190549191346,40.12009867708616,21.64526220228006,17.160388742863226
50.12991018895692,40.04711052186402,22.734402692417078,16.779155711781485
49.61559579839021,40.3379580809201,23.52467972615689,16.55108371564618
47.18490968215639,40.26286263220019,23.80849868637722,16.294232437554612
45.33857122053259,40.00024575713854,23.894263473546932,16.078356935701898
44.35120310607306,39.54762861517817,24.066652519238467,15.824721595484768
43.1695805685093,39.9155612529994,24.331407117757685,15.763884226736977
42.69696047490896,39.77931855607393,24.72920558399585,15.885856314327814
41.320718050144805,39.15303953118844,25.311645772955927,15.801464658021219
41.357874710480246,38.88225941927583,25.85727100466466,15.78572449303341
39.70182915587327,39.190740072002896,26.19599704544293,15.859466758422027
38.42256574701773,38.991357781976326,26.564448227243993,15.958703514550148
35.49274889253526,39.63511069123361,27.144043102590764,15.531448705499841
35.25725649364202,39.630644933609666,27.38451848510834,15.583473242706807
35.38059427255077,39.513987005756164,27.589671824290196,15.725883379908419
34.420342361932946,40.1147279047682,27.4428161980466,15.719719923139532
34.26738964028791,39.80623508978164,27.47326485518097,15.71524010854785
33.84523963318493,39.696676200320034,27.398923421366,15.710933810437055
31.934905807610274,40.17540934040336,27.66956799359685,15.399621635933705
32.68286683826501,41.16376299990953,28.117267925352266,15.378954580097329
31.532132094617875,40.68449046511424,28.34552121277165,15.165123374625358
29.569267386960334,42.603747897360556,28.78136815890949,14.953092188950466
30.343829075546083,42.05385114278061,29.023669890647597,15.109713720113529
28.061036075822717,42.17822025902407,29.072293838702727,15.442070587075758
27.92882539765633,42.29559526980222,28.951662782287165,15.83462106638921
27.955492502478556,42.3082917189209,28.522202253472717,16.30846174182702
27.723545165707264,42.54711238618519,28.049497612802497,16.567730392840726
28.362220600492066,42.936116514729015,27.508557361061264,16.88686662027304
27.89930023559902,42.765297458882344,26.693608915813783,16.90015475423467
28.24966215787161,42.91303067689704,26.15231830202632,16.92752233309787
28.505145481317218,44.70108110976259,25.716643966743895,16.901967636647772
28.300232752918834,44.19111779948287,25.463105549582075,16.747816984792056
27.862530903568413,44.2815121929345,25.063656614806664,16.594922253359613
27.205428354535076,44.604308137387,24.709210608899944,16.578685139406545
27.24738729891542,44.80316970687143,24.39172491604113,16.500557456561033
27.101440288935965,45.13416611120144,23.987567278800178,16.33109126852748
26.79285777958998,47.074322316688665,23.69517292840493,16.064682141625887
25.992149047605803,47.6780154465704,23.237876240990836,15.832393836135648
25.731827150381108,48.21287915257146,22.573883800203102,15.715717156746134
25.560002289009653,48.132356954030946,21.941546982628484,15.61683279091441
24.62479764385502,48.49607445727134,21.48696051678846,15.52139328356769
25.410801838207995,47.91245669093064,20.41431629553436,16.310524963977063
25.078066096181967,48.05544620308214,19.465506602065666,16.90644166063277
25.87946850530775,47.9385339258041,18.69501335445848,17.464751666171896
25.796337464656286,47.7649122604615,18.028611363247826,17.795756983574677
25.780452301450147,47.54091057117545,17.589392670981443,18.258091638675314
25.639947403459566,48.624813818254296,17.193726193616655,18.91356810159464
25.4412977983257,48.76115823008065,16.993661157039146,19.536093597171064
25.436768668499102,48.96358629038817,16.649849667623123,20.25795313665124
25.448290440109155,49.975313306810285,16.530776507510684,20.912081844590702
25.6794449607356,49.58086199943171,16.48184123458741,21.222902338929302
25.540497848471805,49.315006675415745,16.4023959875364,21.443390761533614
24.96014346974612,49.375303100834714,16.580652531223578,21.431921364193563
24.990543633512655,49.615207719413725,16.375862327777845,21.58090077707139
25.070114787314896,50.68740959312943,16.289686387179664,21.736441907264492
24.845573424666938,51.395704424864874,16.211681066401663,21.750948439968223
24.93103914256509,51.14735813305413,16.22675777105012,21.54443817992365
24.290566044605118,51.737905304572834,16.355705089444733,21.539005758387397
23.99202699149282,52.166091334351194,16.419623880083236,21.402680815110266
23.213130933646244,52.87139342046974,16.558036523043846,21.386686809422866
24.250169738210772,52.848540821404605,16.47951789104187,21.266097879850424
23.537512140398544,54.101664017291945,16.699931749042726,21.490092071495535
22.631531445739558,54.59139900905507,16.955853208970744,21.66632134105157
22.121337764031043,55.40877479330608,17.212118503505785,21.695977621861374
22.585691639769404,54.525740815480255,16.801226461143138,22.04033747051839
23.04820557743178,54.33421109487841,16.577046151946167,22.247267764311683
22.881150125295846,54.895309677930285,16.61814145696724,22.29640915640496
23.136008135535214,55.477436811640274,16.61275815772187,22.26736814486725
24.06667475906562,56.5664357876403,16.3461384793485,22.44314092574684
24.568583573315095,56.28659616440189,16.38656728601495,22.67993838420828
24.927359793098056,56.202976608262986,16.393994843130244,22.93154591911354
25.07629729302995,55.783393585491964,16.59369134142205,22.84831607966489
25.559560237563435,56.506808858671874,16.737295881622963,23.00937005955783
26.424736954321816,57.251418391626366,16.824630436387448,22.991324995342566
26.386556308670652,57.602428932723186,16.904976771770542,22.96265412810712
27.03667692375362,58.054643165292205,16.777571845315542,22.816099436543915
27.730914589484648,59.19192527699626,16.806525603399695,22.690640523575873
28.303410433714955,58.93921622034897,16.75522502555004,22.5988574683333
28.57374475594007,59.971725222067874,16.517505243414035,22.411867261640797
28.665372752562213,59.775020782127235,16.35923194656884,22.329396353123332
28.711368957046595,60.59810476671895,16.297927978027257,22.063632856290976
29.71107574863079,62.019283466832,16.082565336326155,21.86837709676617
30.80093976286217,62.55020852320537,16.03117349904076,21.547107840819514
30.339277444371113,62.77034785358435,16.11976429221947,21.44543273621771
30.59893764128217,64.095311180435,16.676264105993184,21.41361006353447
30.666175170523726,64.60243158429394,17.155063740999147,21.4874937694427
31.136013567778974,64.19555498506705,16.92150880842331,21.819844987973227
30.5879023228529,63.57036721197467,16.954491723843084,21.83566183264279
31.64498560083326,64.90955842742052,16.81554286788695,21.93438830945066
32.510783708991006,64.90321400664695,16.952974266164958,21.84895888304441
33.885750385276296,66.11605532799777,16.90027411366762,21.848258549684207
33.14488063666687,65.59386909835357,16.99208562760247,21.931661143650494
33.07704961600991,65.6409936610232,17.063631630534346,22.400812704098435
33.469913926628465,65.81073065933705,17.066405344845634,22.92661379244311
34.22803582404712,65.95169214236256,17.156144211255583,23.038665577626155
34.87471080425435,66.8157527069947,17.313825697298036,23.062479095921997
35.07396967669806,66.71668919676893,17.492142392641927,23.213922350425722
36.63773155072977,67.07582136027659,17.56233488069301,23.487501008563573
37.89769815624108,67.21052240107538,17.621768353630355,23.675041246836013
38.00445423623945,67.31546186658757,17.727800091739237,23.94232545181703
38.92875726338124,67.71821059086497,17.81508113576802,23.93135106358403
39.3189093077872,69.07908026223868,17.914665045060207,23.7904737661247
39.48653093380641,70.12222409474124,17.93261340717279,23.764224429290355
40.16623267321587,70.25530097326781,18.077824162324497,23.70051993437939
40.387507405209995,70.54565743510689,18.22225289543404,23.744284277966557
41.265147776685225,71.56480281231339,18.127666632425907,24.166684260324203
42.17088419210001,71.81208168335324,18.262813550665545,24.257297383303385
42.65024491797437,73.21903122085465,18.226546277250105,24.698751043819986
43.80088099034049,73.3593772262928,18.44568133237749,24.929608565357142
44.18085101553392,74.35686916368833,18.5893609290167,25.192143220458064
45.36404348588543,74.17975915631436,18.85082771293829,24.964986563414914
45.36737388480119,74.33373648452483,19.13688598124982,24.89888828829109
45.51954005543849,74.48846897487401,19.188735648956925,24.779661574776036
46.248913716586614,74.56568118125045,19.275758733383704,24.788378725557898
46.241272955798195,74.61584653865805,19.360767184029104,24.80008508828882
47.09050145390979,74.33762876367133,19.38473803280713,24.754613504206166
47.62506806392907,74.85699652366094,19.306079096463794,25.061064694584623
48.2254997831794,74.70837920690339,19.166158188595148,25.420834360729692
48.42315808781112,75.22936163275786,19.053759168280912,25.65229222706884
49.62204090406025,75.21911980068883,19.10154636171039,25.664589566707356
50.64934819938298,75.43810603989483,19.139513281608753,25.62369387385977
51.440458406950896,76.1035394485205,19.16740028834792,25.695524142942663
52.975231845710866,76.52976973602424,19.439066398727768,25.61725286131975
54.02021254381874,76.59046470822767,19.61186945639996,25.723698557224104
54.967564097870095,77.150572752663,19.735399885971184,25.517037494407855
56.026383374587006,78.26930024203288,19.77889104559584,25.250239983510173
57.24184303572322,79.25482983088119,19.775476978068887,25.076016824375877
57.3691680235317,79.07427323487735,19.83048314564042,24.84603838354052
58.20946519182637,79.83313526449943,19.572518761481795,24.84958734122601
59.258291928570294,79.91851623872563,19.707449526046315,25.110229655554747
60.05324550774641,82.23140612763983,19.784094672915643,25.11314918039968
60.551183675642854,81.6722865926356,19.75465216023143,25.274817088661173
61.92561594911273,83.32398840926759,19.80734443892949,25.281900010496695
63.25157750258812,84.60497937182008,19.82622249469845,25.270806385333707
64.10869529570257,84.00690722834959,19.886377605948795,25.138827221995466
64.32357644545058,83.92641432494293,19.969839312151933,25.28020497822399
64.53721922960236,83.84794045782499,20.05832996083216,25.41744715053886
64.75133821827079,83.83097050362174,20.1393932883125,25.53846423700636
65.52394219650066,83.776345643276,20.20796642640385,25.751087835401986
66.88281684803391,85.22664732813517,20.147387419052688,25.516725634659487
67.87862582457024,84.7882017756415,20.151955841598006,25.65014636887732
68.63093415715745,84.37479480404141,20.171364735848933,25.72456134433456
69.67568625506394,85.90545646822264,20.180342195156804,25.647147146068562
70.15237020980582,85.3495951810935,20.13543567759885,25.928061438428337
68.93200799338553,84.81558482958646,20.11643926044861,25.956478908105037
70.406355915898,84.6015018493819,20.08485314328314,25.57152378811556
70.95522876573067,85.18602477086208,20.08971374015713,25.40629001981648
74.80045001836055,87.33503428110059,20.138757452396135,25.219795104411464
75.50047234628005,87.54918388208283,20.025706538546288,25.30630431881357
76.27215871025591,87.41582238150056,19.98584523942756,25.205929375956877
77.50749349346843,87.87289794743593,20.108349415296836,25.509236492224584
78.8912453350775,89.13426707797572,20.209640411720414,25.52357041284664
79.51921968796398,88.90429221534842,20.3284721224361,25.708689498738927
81.14233217611613,90.43692835983326,20.49585855818013,25.69521960654353
85.887388067273,91.71919944275811,20.386551791430385,25.606815555623033
87.5794174692266,91.77957085968849,20.423406206975066,25.746989342255212
89.97113912264888,93.8013902777594,20.301043737380276,25.730440101908073
91.66014036945467,93.89547591262645,20.404698510385515,25.502271835652014
92.59371558696617,94.04010486034456,20.53324462000973,25.338569947243418
93.05028334828758,95.3908900440693,20.551687375908465,24.94845316065026
94.39257700106282,94.58028706759035,20.435396741271703,24.73515808554726
95.51082050122545,95.60931429689784,20.328479509852045,24.462841975893145
94.8743057830729,94.48371571354416,20.405829758382506,24.17393356131695
96.46706359361615,94.43605501727644,20.181668631390867,24.079462618818948
97.28128530191692,95.46464639599571,20.029677326987173,23.875984313895046
99.6194412110127,96.38649514615753,20.030249206305406,23.881204893901334
99.40685300120086,96.63858799505917,19.922609096655105,24.00106206471225
99.99466197208409,96.10302791825602,21.87567853663301,23.02832249808845
99.6410447860798,96.43844298520737,23.805577384082557,22.43747062905398
99.98885823841302,97.22412889601983,25.328995164779908,22.300338790987723
99.62237659764831,97.28191002458914,26.64089740733838,22.08950093806493
100.01002545968751,97.38125332320159,28.04317670199776,22.206614143381767
100.25066982363222,98.22885359235497,29.204889053667685,22.32398024306786
101.42836757008483,97.41513146800688,30.165295419664442,22.49460340774151
101.72700975837732,97.5192158510254,31.169255135067058,22.566520741805967
104.46126224102196,97.47074819558954,31.263244924569058,23.38472589864019
104.68862650986364,97.92698634978238,31.671417538065967,23.863858782149038
105.71952968053766,98.00772859543515,31.76905576725928,24.36737890185881
107.04469483925986,99.03230431700999,32.20037880636701,24.51603953909245
109.14415997932522,98.3681424506222,32.55811919197724,24.62088197437504
111.44228906951356,98.75627991532365,32.65393435678491,24.7918437021148
112.91453873763277,99.03487137337476,32.73842195139367,24.822070043901377
114.6650491788933,99.38620954269739,32.613242448038235,25.079046546347247
115.9721209596235,100.30789086700086,32.85627209099985,25.069623688466006
117.12519075567519,99.5460795254125,32.83013008610043,24.636010677711166
117.81992426478543,100.33307222539909,33.190536348405175,24.210105984334348
119.24284107616029,100.36683781574085,32.873016839272395,24.048296520233595
120.53289898008873,100.10243072735796,32.918033592145505,23.61390619394
122.07186584443865,100.37271899767559,32.920663885509875,23.296964805287036
124.49949565647103,100.18584470579682,32.544705237244685,23.371126854544457
125.4518744093218,100.71036449213392,32.56758268599563,23.457044953035727
128.12945616348176,100.11863141941322,32.61972632565543,23.454417529675258
129.7945245918745,100.88024920532206,32.87267762843109,23.153920343058065
132.81472892131757,100.0375851482657,32.42968489361728,23.190671720720598
133.80939364576201,100.08324773319897,32.299302721797474,22.726321967991204
136.2191234236948,100.70517016625678,31.967155005989248,22.582998785568513
137.5163374127678,100.11154402460551,31.73891865343834,22.733321223061132
138.6627764161024,100.12940310426295,31.41148592684423,22.878698783083703
139.3285937568971,100.26370224038787,31.871352052063273,22.687015581248406
138.91543198770367,99.84412095777712,32.01564461463154,22.492164517510258
140.2105978967286,100.19730736840107,32.66268424128382,22.62053364629745
140.33138411250093,100.5272502633145,32.9940940613833,22.48702827620174
143.34922489181898,100.5919137857532,33.427039955597536,22.107101787411796
145.61957798902665,100.19212188012004,33.78171664234671,21.773219116515662
144.53092602005356,100.57241643268425,34.232464398385254,21.532749976463684
143.52028817643952,100.6174736937564,35.34168989802559,21.29897599675505
144.30513846491024,100.62661240115047,35.69076023039355,21.977989658150232
145.14249515217537,99.30513263741895,35.950548026975355,22.64459875893937
146.582067055004,99.22750467689106,36.41863107945718,22.82827467008766
146.50454736436848,98.57805084224314,36.705296932605265,22.8860409008993
147.81277470031992,98.55520658843872,37.17118321643667,23.004868636434868
148.75004893637004,98.58748977008612,37.68228132598622,23.165882727012747
148.1428949537104,98.1502138632238,37.95472939035407,23.32818180464578
149.4967851004679,97.93778888808868,38.71865000359262,23.76213394389812
152.12741148873698,97.49828510504125,39.18436646915042,24.341094619018932
152.69169567379691,96.12557050415967,39.452566430558235,24.489522029781725
154.00959721425656,95.92129313146398,39.47221274005035,24.78220340857877
157.59866534768832,95.51900536531488,39.145144016216584,24.697447540482514
158.42153524787315,94.48365713268355,38.691417837177184,24.362985009163175
159.14408611739123,94.40710270048638,38.2832318772548,24.442387060400904
159.16240667177755,94.03275469138333,38.004285415198325,24.416657452805904
159.07666560066335,93.2569783255345,37.91598759750965,24.110998833108916
160.8930053989053,92.90263229582087,37.989772530063206,24.23715103610233
163.1752366519352,91.66317943951458,38.09320152638379,24.49551264890716
164.82516709366823,92.08661351198627,38.47833605574425,24.76746588648636
163.9748809291727,91.82610741592093,38.61501971572132,24.8953750155105
165.670710747834,92.1633407790173,38.74021198040678,25.095836346511497
167.34117097185143,91.00754355697052,38.20712353501172,24.96415223950339
166.544217233928,90.64897977226538,37.90115751575662,24.582792074119048
166.37232570747378,90.75605057234637,37.909552951315426,24.497643761639605
167.12355529995787,90.15360131120504,37.616208437100724,24.53743253031357
168.01076902314082,90.35271640242162,37.57505151666716,24.345504290348096
168.5026916017778,87.81587206381927,37.12775753689486,24.214798150200505
167.93682881300361,88.55624038619571,36.94318844433825,24.108869459282143
175.1175284238421,88.73640594375475,34.445082870427434,25.699713199396303
174.09720325705013,88.34203270323039,32.79570000660842,26.586502153642016
175.77684912566423,88.10474862803439,31.42973517176973,27.207755248663688
177.1921408582287,87.71506723906086,29.953304862921318,27.684199413653733
178.51912591977052,86.52737195206038,28.83775398651126,28.163241272826205
178.31821980939173,86.19115574376895,27.895032286980733,27.792711495920006
178.63821582036766,85.63101451317209,26.85379303187649,27.79170339257665
179.81121650769248,85.1246290273807,25.98440410591917,27.732751499054757
180.5280548551283,85.46440952680253,25.176405175463287,27.95407000250757
180.71940323888623,85.06289421142208,24.338046783277377,28.164386681203947
182.67185390634722,83.70213155419056,23.42561094441865,28.121602827805045
183.03635371962105,83.40479977780456,22.607839304087534,28.136394785671207
183.42324531154406,82.96605365031009,22.202773582065873,28.394898467108955
183.08828696874298,82.02964736842688,22.007557578192063,28.499878513251467
183.2498793592937,81.92816579478645,22.01464931615078,28.444996974024146
183.58042971934302,81.24558113765482,21.80024538412471,28.266857911021475
183.86530068242087,80.83123530344321,21.943654853289885,28.227219279590443
183.37144573561642,79.60904314576013,21.97531226477067,27.91101947897454
183.2082763596324,78.58959557563904,22.11402976599006,27.614914342651154
183.06505136165438,78.84728795777576,22.123254237759017,27.52718473880481
182.56488823829227,78.7434258488982,22.201724319550994,27.47393699315431
182.5026832554991,78.04145907188602,22.266558321371917,27.264288412931844
182.13097729342704,78.07757224100934,22.30667382255767,27.29280589743864
181.71283907366686,77.49580315191457,22.155128802307857,27.030205316968804
179.71741973766325,78.80895041298562,23.04760073694936,26.26108471450446
180.09795966452,78.53262829855038,23.577843114528537,25.805247440841967
177.98307747366454,77.92575351276137,24.691461885430133,24.605007945342354
174.70669619656508,78.18622325606361,26.341112981804358,23.54345176762537
174.19295490475434,78.30588990319974,26.718877936469973,22.82373835545988
170.4912674018457,78.55719357679975,27.21477794762784,22.291276926688766
169.57726884789471,78.5835008930412,27.44535066759802,22.12857318585796
168.39089199395522,78.16660499326194,27.84889303552646,22.25255717224892
167.98084161028848,78.43675963037674,28.54009141226064,22.29342394057607
165.89601970499086,77.29809444740835,29.224742718736046,22.288296477991132
163.97341403763858,77.209838601044,30.20402611879402,22.259219651146626
162.74025021409042,76.90383331807138,30.72578048269478,22.26052269565327
158.4661267793116,76.77441912317167,32.22030640117215,21.997405847339287
157.0632976205294,77.00310356233953,32.877305727876575,21.779479123768674
156.06602965923835,76.81747377092047,33.412638526412316,21.8118538165273
153.53116364889271,76.0856448188495,33.64161031608553,22.00856337834595
151.10185276895345,75.28302897229591,33.622631406103196,22.15945783218769
150.29576842604828,73.99574218171703,33.51223920934518,22.444706652908412
149.91211838288848,72.39939433068083,33.47909779213999,22.881660520340326
149.25866419858042,72.30172610581067,33.60703749277212,23.03892726367048
149.2767454023437,72.15631718663761,34.01974616135261,23.211673694936913
147.9186017585721,72.06624027397312,33.95138812991079,23.342306956931644
146.42771362797737,71.73598822549302,34.19105938392861,23.132810274263107
142.0058555286667,71.77871960717131,34.76902088284294,22.818998644801443
141.17996054792474,71.80935406448985,35.21960046472637,22.580764612709817
140.08070670167902,70.62343992038893,35.344220570624145,22.460491946855875
138.78065483054,71.79155556915008,35.62149315903257,22.17009018386423
138.71820419178846,72.58606436140538,35.72364900606611,21.761809856357424
136.5989295802939,72.85098127189697,35.34698626540165,21.475138622659266
135.14865978354186,71.58681617328024,35.56542603972244,21.11100442055496
135.94053260453668,72.11495041085027,35.14480114434529,20.96028153772296
135.3294929232703,71.15240868859428,35.292456955318656,21.206660362827293
132.76643738793013,70.77413980735639,35.28717268603317,21.0341757535341
131.67174999619866,70.59180252211983,35.1033363240951,21.01460483893985
128.59250991687458,69.44076379514458,35.460072021683665,21.056366397809793
127.3066149023346,69.76829736913619,35.749391347638635,21.047293913065086
126.5687074819926,70.09456352140394,35.972425035597404,21.11245177834084
124.20460851135897,69.51139496524432,35.61638110979925,20.954404082119737
123.32469407665599,69.01790144428382,35.20726633563525,20.759975804597993
122.47425551440244,69.2479004339771,35.0137804144499,20.514689223097726
121.90211747988718,69.29857633903562,35.278557882520644,20.42861762059975
120.6680281069862,68.69658445443383,35.253518683223746,20.34661627761306
120.7162164139295,68.5406467142873,35.590859409568075,20.43203587571445
119.21321733764266,68.1391909283598,35.7157948160938,20.57609099605811
117.75866016098212,68.54220201693445,35.830950028637275,20.927995139938453
115.72964135941274,68.43926339679669,35.578218550660324,21.134466824263036
116.12360964793032,68.10344081526023,35.803155146385166,21.15580594132689
114.12663784461434,67.26649876867349,35.22139990047808,20.922263796440365
114.02720892499681,66.38620918362669,34.9258249029421,20.36699056289323
113.53494770222119,67.19395622302193,35.11349213723541,19.874287416758065
110.65998268584748,66.45211683014931,34.532499089538504,19.529254215961572
109.03174172062427,66.11959375315905,33.637513696681694,19.435419456684496
109.30377732148166,65.65061454516334,33.084960541673844,19.209261847704894
109.21393354262018,65.76189111924184,32.98000421092329,19.341142653309955
107.49938180822096,65.0253403806451,32.333503240939976,19.300009110819584
106.9288939005425,64.2332484835705,31.895961380897113,19.334959349175033
106.64700866836296,64.04338320103219,31.51678612649095,19.288995061184256
105.85756411974259,64.12983698935585,30.985432141685195,19.339741859017174
105.21413388917735,63.53840699795029,30.64517353848462,19.447503327271416
103.7223136171222,63.259360809338006,29.97832737490753,19.43526687282332
103.28251547612392,63.27051158741738,29.58353927751719,19.458715968173138
102.0294897709196,63.28556476557639,28.947243113691833,19.42007331868378
101.13207699734158,62.10066257748906,28.334343326680354,19.238341611636997
101.49299475457968,62.04216736653,28.10052066248874,19.579727636496628
100.34440748079706,62.16620351090942,28.073674347474665,19.834169888886933
99.5266122120507,61.56715505898259,28.224565993327666,19.998335537400006
99.37643489897815,61.37649276973767,28.389564506158145,20.211408422641096
98.01965591096845,61.79147197018364,28.830912122604147,20.375639701371814
97.64381102617531,60.896332952496124,28.918628024297224,20.422644716956206
96.25887543949985,60.74787101178738,29.25742529361068,20.444736260278965
94.91509752294839,60.60863380098884,29.671153335499618,20.26094811101806
94.36002667548075,60.25094429953711,29.897303431351915,20.08654343348251
92.21516080278232,60.04058717773964,29.738844964499023,20.201124406813786
90.90904538627328,59.46637195879996,29.402423291642496,19.84425253470322
89.59235333526377,59.7702214093339,28.7930805908356,19.575898462956246
89.2394005880185,58.482780060006284,28.31861790028279,19.461690671270294
89.0446488414003,58.41816695010435,27.731066737967264,19.369675923562028
88.90561935666248,58.43488657803983,27.032776592071205,19.3720741019233
88.78381539671568,58.77280018967041,26.546325186269765,19.49313463405612
87.61367238984936,58.58942219672901,26.433253741887796,19.44093800586994
86.35026640446586,58.031812093670226,26.29461609336157,19.252125528615018
87.14798395606853,57.2191286181027,26.06228747933775,19.220788173147586
84.76274399947651,57.198237009663856,25.823928738957335,19.25797619461637
84.5953264509081,56.70922889788318,25.529420266815436,19.222189293749913
84.75378641152669,56.569256159458476,25.28873002963311,19.230630130020096
84.34100376804597,55.15289793678672,24.662938667195746,19.30155272351119
83.84907928407301,54.66366241390954,24.331593266779247,19.572698429948236
83.37745292800471,55.04909196157235,24.52491661041989,20.12011168684124
82.67312914247454,54.29120183647686,24.38826035991652,20.542238258138177
82.41891466162069,53.59023529692217,24.472142990457005,20.815966157079416
81.51524758416207,54.15256757530916,24.555537368953665,21.15145196136651
80.36281740454369,53.28930490085908,24.879304083094585,21.054291664209565
79.90424103802127,53.46296602936896,25.028415980282034,20.677301064867684
78.84242647436618,53.05662461420335,25.42294714521277,20.346804359333117
77.12849778674487,53.559752461468335,25.35535998424627,20.156261355156545
77.18335890395076,53.05817996937268,25.233004434546952,19.85568336170961
76.85091748273818,52.98394773001078,24.963390993440914,19.685438645773225
75.93395820298605,51.54811020771926,24.566720163144165,19.479076905230535
75.14443892530413,51.39364801869249,23.879494518297424,19.695035665508165
74.1288619917345,50.547064776143294,23.336842576415716,19.879384597086343
74.91371360839861,50.438092521227546,23.043173579041763,20.247356247892835
74.84069076704937,50.24874565952793,22.754962618683372,20.611139741810316
73.92812640922519,49.9706219169492,22.58477780913184,20.79308534636971
73.02161151928892,48.92920717166231,22.439696660468904,21.019335175574163
72.54466464170592,48.52768004586489,22.353978003182213,21.221802714808614
72.86394411141616,48.10501358678019,22.280075559809728,21.278962851510578
71.76096097250041,47.55925163286723,22.07102137179038,21.132692360075026
71.5115115402473,46.38286979875637,21.768196934885946,20.838269748999878
71.12078423900203,46.77050927254276,21.495326433616682,20.722342448327268
70.41200158273045,46.993477407646175,21.52983903944142,20.667170772198503
70.45920059270733,47.14270173160234,21.583574267578395,20.616507215686326
70.2379092883246,47.03821573998847,21.666669998425604,20.782530677240374
69.19844395587543,45.76812514173493,21.600254737039172,20.71654312679922
69.01252845696496,45.376987825479944,21.799964195148164,20.452661472115892
67.56378422185048,45.315763926704605,22.01684415440603,20.105289634513753
66.93429105891025,46.24786817735378,22.104967447945505,19.840296044676272
66.1503044663015,45.69776263646041,22.47964801536514,19.559236360204782
65.4196959728546,45.840626015841096,22.997063301190085,19.253885500445364
64.28937750950077,45.65891166312336,23.114302181404224,18.892892108674715
63.59266548819262,45.020074903103136,22.93759229953625,18.64496757955134
63.06590723262488,44.749937652232596,22.6949916241254,18.400444651253977
63.27444325916082,44.366737527605636,22.39228872502997,18.33190881814477
62.54427772817434,44.16191276646647,22.283694644714718,18.329522726171014
61.700900867219836,43.77290125081106,21.803438059311716,18.53680344838835
61.01160767655685,43.489091949730394,21.56536146151172,18.8075228510639
61.05246986614975,43.24903468453043,21.530121295648314,18.956004677921136
59.84928404895759,42.63305233735202,21.593217144586458,19.02008621454785
59.508962076748446,42.28041663596254,21.637518623127214,19.017210687585894
58.79130511408616,42.25089902935798,21.443940603566546,18.85389780680851
57.56007467222771,41.24515943753648,21.331815334253047,18.47227553667038
56.819569923479605,41.319597311887705,21.380841480041802,18.284483796184787
56.878138342966736,41.34487421100115,21.483226178490675,18.080359927095127
56.44532393596615,41.70922282424645,21.300261113745808,17.997462575863924
55.84986922631195,40.79881640936939,21.31640423094543,17.942866398545608
55.04583210046145,40.602108391884755,21.64094121400782,18.00922113800553
54.62456618016703,40.80265317704831,21.794648758599056,17.935950348815886
54.21916346639201,40.987615924995026,21.915322700686897,17.894465727737437
52.92448305711552,40.764885702453924,22.58830764376686,17.675075460997128
52.62852760164256,40.07530959053932,22.952865667320744,17.43437251934477
50.83043159163921,40.20563177503111,23.764656985804613,17.16325199701728
49.89608029608158,40.42236543271387,24.030133630493488,16.820550478253537
49.68305570488646,40.55077635029721,24.398854301854232,16.545086279017024
48.486144267017266,40.48069990188434,24.266797556086885,16.315918544815542
46.61412869690842,39.6829657103476,24.17380949121118,16.347478112505108
44.93577762676415,39.96602425829161,23.98910666896006,16.184279265985772
45.77925678113492,39.74737432607192,23.92657782455873,16.152444322838477
44.604626543792264,40.279848381068305,24.05251590773403,16.161027959710033
43.39030968990073,39.71178502125399,24.132000865211914,16.192444696466644
43.7272371329878,39.48572906757702,24.302810671916507,16.261534921319754
42.66664802397493,38.91653032030979,24.457538913974847,16.47139361656832
42.198385671071236,38.89231192469928,24.630569545437595,16.604249412408464
39.26441275729031,39.07047054762762,25.211676364668147,16.57602036068362
38.32417451986069,38.244075222240625,25.40580952726389,16.554249034071148
36.90108884775751,38.21737986013765,25.68337568691522,16.24712923018949
35.49539333604726,38.203848025013116,26.344158409172984,16.203057580669174
34.672941857754665,38.737868844356335,26.7966519695866,16.16146979463623
34.238522987790205,38.60828963051878,27.28686392917152,16.179241346801128
33.307740962198636,37.54588530418774,27.640911357811316,16.291432173001414
32.24011087357093,37.50775366625341,27.480801909975177,16.383998142505313
32.792369031555154,37.72358389955279,27.92504541208381,16.411053114749308
30.76255634822569,37.59135032000959,28.120279928675608,16.432620572836452
31.268583943506602,37.841764244890484,28.308519947998427,16.61057655705522
29.65737673469403,37.40441006940582,28.189140113227943,16.73965827962566
27.47420883918819,36.77596594861514,27.92523021866223,16.734869375249083
27.86027779389796,36.64800614275431,27.716888591057263,16.72041859297926
28.104904334451433,36.91159503551931,27.43326715348402,16.63572974601928
27.24942501753116,37.86464839632039,27.274669717950488,16.43121833081361
27.060114429340146,37.02084217372123,26.98420264989434,16.250238632953156
25.21071233066179,37.33576001669247,26.18427761827767,16.18074049049822
25.80407494259739,38.0199013709709,25.444190859334142,16.2370430051393
25.201572414578436,37.81405412879145,24.685771232754856,16.18719974092299
25.293843569019945,38.49721396746969,23.841261918619004,16.169173844847016
25.50429707969225,38.203022077263356,23.27816487301769,16.149877781357105
25.686178443228968,38.32570853566748,22.798209939203876,16.1029919824354
25.448110096157016,38.09126694663803,22.27262119809082,15.91475689963386
26.1301327135807,37.69879300684528,22.148792576059307,15.833384705614773
25.266532855520268,38.164058484014404,21.953845971837158,15.748245561216867
25.220271660797394,38.109089741463265,21.77622979955728,15.653060843684326
24.92888798958687,38.012744759472156,21.383750474116397,15.823760357567437
23.982719121557974,37.900893562932986,21.185696335860833,15.78026034352412
23.0188594912287,38.130360780243144,21.22359251741019,15.681940834526747
23.907611055688463,38.35715663259169,21.09767913973425,15.619066069994219
25.772865759552808,39.223582819139594,20.72331487551448,15.550105250777186
25.952831801578007,40.59973431275265,19.715378855650176,16.23059325819524
27.189129674139107,40.98847016004129,18.959110420136433,16.880085250561024
26.094829052527366,41.25042655521891,18.08598914634636,17.329242247231235
25.937264329347357,42.0246731456664,17.38944573828286,17.95780585573445
26.537961043294025,41.05454621955566,16.825499429148678,18.376532894448836
27.290831616157718,41.9770633627587,16.287153171822325,18.727714714457555
27.642244486162085,42.895252383133865,15.862205388442392,19.045421594590408
26.704144963991446,43.61208800945049,15.609579006681987,19.25891504437263
26.568134086925003,43.719555390504034,15.366611265537465,19.48350391956031
27.190144829736084,43.916858181093076,15.152569962563007,19.83350352198361
26.756915717910807,43.269420777928346,15.039116739642214,19.86783951186104
26.68988272521628,44.23059284467977,14.816757260877978,19.965581666810337
26.115459352548946,44.64051836764802,14.774651109140802,19.760714358342554
26.148319118055376,46.09456588975729,14.614595873086058,19.64492573731127
26.60441368286147,46.81543164305352,14.503951528973444,19.575989097280694
26.48715135105026,46.84692815901076,14.504018878581428,19.209895419824086
26.89173891773717,47.80454808338798,14.628657793974694,19.071308026399535
26.628359621021595,48.33018770018988,14.710619706001737,18.89819993871172
27.234277080841714,49.08612472023078,14.703828459876815,19.036256733400126
27.150941163829994,48.963259098910825,14.63871475808788,19.01775626441397
27.188520565803145,49.0496575176728,14.611246159417593,19.084888223777426
27.67851784388887,49.61120720395135,14.537503749013354,19.200032431084814
28.3568866132738,49.81888514371105,14.300423249885824,19.332774102434417
27.832938949434276,50.45424896137596,14.360177219666161,19.39242952946726
27.54502952827241,51.09770662846094,14.368013805577387,19.331262495849675
27.34042013404148,52.48276381969475,14.546731404211325,19.17021483815927
27.015972270534057,52.28328417697024,14.693571665051095,19.07695360263509
26.961993899784826,52.764495828374166,14.734505360234841,19.173006509467747
27.085678052178963,52.97660446140352,14.657484820534645,19.414549760529397
27.53509250564158,53.040613070717214,14.725154944199478,19.61062573471778
27.23802985393783,53.31995208948299,14.797301988520358,19.82029764273143
27.153586689590668,53.41334578271632,14.915534952705345,19.96570109770115
26.904028767550574,54.23667986167073,14.983215807810005,20.377266439319314
27.018569803583592,54.41924337794032,15.132358287421674,20.292787817100425
28.123548279516548,54.64462166545754,15.039951947051733,20.462199033909386
28.677764958345023,55.47327937010029,14.951340710061286,20.684107686589826
28.48901602583195,55.360586094916535,14.913199413023829,20.901289258066623
29.121119746669898,55.39022363377132,14.729222803447858,21.184643940860823
29.644028960588322,55.31846923602476,14.681928326187785,21.43258613877303
29.95212395472523,55.50346043015322,14.722673076073153,21.78271547823066
29.544852824920945,56.35015447981298,15.046957297637745,21.902333779973148
30.097131903469048,56.44611270639266,14.982236024086458,22.29401772869214
30.324578532428045,57.05056372796016,15.107495396974436,22.2371826315868
30.814689192577063,57.23916901149689,15.130900184845952,22.152719532269614
30.859345881963005,57.544087415231346,15.106472057298115,22.08647654871046
30.989555780956643,58.711231783170895,15.092731520637624,21.95168050577875
31.234005889521498,59.056589978607285,14.886466068417663,21.96140070700803
31.308495283840195,61.124866671911704,14.97744391203678,21.74082122214785
31.86591472189663,61.09013407819878,14.73957294287581,21.74711018742813
31.99117856977701,61.307711479595795,14.679809286869917,21.658653162143796
31.362561283109542,61.68319602268921,14.75048930908028,21.53869460833612
31.618807432225214,62.24603406501127,14.911682084701473,21.691366850375033
31.569220241232042,62.955905566182814,14.97752941990604,22.10154723937411
31.84738842172471,64.11827173207485,15.06341713233074,22.40202257017246
32.35196233483771,64.79948272353387,15.03623753015336,22.682938552265995
32.52209183725624,65.02480741513054,15.09531337324338,22.720307979821705
32.59798480949798,65.57290963970178,15.125926493062352,22.908668144975195
32.88902666486599,65.67040197572388,15.13910066062987,23.024003254234387
33.702469918040485,65.93199252370114,15.001704901732648,23.318896086636038
33.983547599147236,66.9481375132468,14.993312750292617,23.78124931890945
35.02720003849154,67.60362876009188,14.940913066840203,24.249739414712124
34.67048781805573,68.11263039392425,15.011542839037364,24.724650227667183
35.309340062576595,69.14758867242868,15.027930051503205,25.228094829029295
35.248773246205914,70.13827913332011,15.351884044905114,25.210067064289884
35.57203259765068,69.34328404241731,15.314237517232261,25.222012235528773
36.00309636166143,69.84852008712707,15.345276531263991,25.2630557253329
35.527101547253636,70.47897430550125,15.452049051353075,25.399492235445784
35.902738096242956,70.51860873336206,15.338774593911689,25.315258322127622
35.876448135444754,71.59809661641361,15.338408581272047,25.3798664927158
36.14497757518005,71.91206107509862,15.32717645398728,25.35235882521226
36.35235325152662,71.4286099563917,15.276894808306308,25.20933424282478
36.50585449961075,72.21414704150001,15.355159808247068,25.109235471625475
36.79031298648336,72.5054879944004,15.387691966467482,25.37618630584548
37.20260011274081,73.68346396230265,15.22891435148767,25.67178156356816
37.13893604436789,74.90630632080766,15.075846503583861,25.950722195602957
36.87299295552514,78.43693176570181,15.137283323044489,26.02368952175705
36.50137713440952,78.27385692594527,15.312132106045686,25.768334498702078
36.60542183122892,78.30428330613763,15.450141671852851,25.374859210241166
37.035400187532744,78.87834245789882,15.570374580693716,25.393285582545808
38.081823894058225,78.33009191108204,15.581094767892996,25.407594255219916
38.49390476239767,78.35153834488263,15.539205131662708,25.459805180464947
38.585774842418786,78.89198137602719,15.55105269606773,25.48608969999343
38.67735790147394,79.43334181002298,15.563654680960918,25.51156056059377
39.24259245756707,80.70363797655074,15.452216735804988,25.77717493072431
40.09531157249829,82.54443052262856,15.399212616584034,25.941728792731258
40.244848355287665,83.50142816471346,15.52356913618747,25.755768004868816
40.716169057708214,84.20771370726904,15.509421946357968,26.220597556430647
40.59869363049545,83.73124711062479,15.55679683466375,26.096351317803865
41.22965564707072,84.12508839762312,15.6885004450984,26.085740398603807
40.45430403353727,84.42755609630704,15.96371899103585,25.96154733655546
41.09313240998965,85.49802743270055,15.960994741831342,26.086407285609887
40.59746298105788,85.77327496115862,16.056419164308224,26.07852931128956
40.98738644583645,86.5114856295941,16.018054611803397,26.272217842468233
41.83651677404386,87.10865968104183,15.906507507863557,26.44944962505557
41.964840320134385,90.61365319192257,15.997021559700677,26.473426283561423
42.511779544021756,92.73013338442523,15.98986918137631,26.992486257595395
42.44564670282911,93.11134717845067,16.00345580222959,27.41928219745286
42.63068143532011,93.75952209749559,16.395565950360968,27.16608075776236
42.86526816138221,94.63699494781466,16.510355355960012,27.25857208124073
42.14114528102545,94.6414472096567,16.61723327590663,27.200421916921155
43.01574148323745,94.55424747232162,16.943011116843962,26.957506653556123
43.96777153357835,95.09971502964852,17.129190541003467,26.822530680156746
42.804374222130924,95.07867447260875,17.518368696422428,26.298987795594304
43.56613974628249,95.67556895710166,17.554757959093415,26.379910912332384
44.39340445049361,96.45581802278069,17.50886671805246,26.82207639334005
44.6286808673755,97.82976296873632,17.668125111610305,27.262825665399724
45.82536685287285,99.04301805532961,17.839225815939095,27.60455904346741
46.073268276480775,99.99858279664494,18.137397725917765,27.445408911880456
46.62226070407085,100.93890097381671,18.26348151240022,27.47545332841093
46.46046680746159,100.50183978206233,18.390265616615732,27.31463797254744
46.74699462623994,100.53015332011657,18.368217071058098,27.59395995974006
47.2079775805715,101.85645709690823,18.38042444835612,27.838513651502822
48.41856303390104,102.44600621376301,18.355042449701806,28.316472107055617
48.90062594876727,102.10819197353155,18.448900733662587,28.206942132146704
48.88215713858601,103.64102923231314,18.641337648425328,28.493247823934084
48.316359921516636,105.33511187891963,18.791893631369305,28.98433329556792
49.33345996583947,106.3812670631674,19.046378864531498,29.032754261758665
50.19145000759861,109.53684764328125,19.224159462165556,29.399935443907687
50.140842558646405,109.37346894693579,19.550219635352832,29.441623102740508
51.27910278242071,109.88529522370706,19.582781219054226,29.466095100971017
51.1526591191158,111.05297023462194,19.603465732634742,29.63241472445071
52.50271696267255,111.31036738389365,19.886788298923967,29.370576279846347
53.17192661874831,111.47624287478779,19.988611634897136,29.2991218514314
53.422735545376185,110.98017076828064,20.17450254352417,29.08299396495075
52.98963152786226,111.81656159983153,20.460228155246515,29.073712134002307
53.1247414180903,113.34045414559417,20.41930325601506,29.68962666939965
54.22242809970017,114.4421058912917,20.5888543236425,29.87490183134014
55.469377806158164,115.08736931792043,20.707895222158392,29.95079989625743
56.60341986775049,115.05379925253803,20.802480805318336,29.8039622282027
56.55066317951564,117.37036521429201,20.942093708491406,30.29931789166982
57.86377613034749,116.90919364373761,21.195022727405693,29.883766593081376
59.16680105165197,117.81651287370406,21.28435905613768,30.01386103758266
60.203192314921885,119.19863093886995,21.28227216825447,30.022686421151626
60.92447072923141,118.70538747796382,21.231278397534894,29.872865268966404
61.85134024408572,119.0553339461618,21.19667324558048,29.611888956162822
62.56001397873352,121.51120150918051,21.029506974405002,29.4366769815231
63.05235063122488,122.43658776233525,20.920554587600826,29.894757386209122
63.422792574002166,122.67448600197781,20.916635762280336,30.001994528235183
64.4456529218693,122.75575022851409,20.847336899584395,30.558676044206354
65.58064409993078,124.47756310845136,20.890898578419325,30.899989096587674
66.11454859508605,127.75948250859908,20.97791014951778,31.10092318829053
66.88174559102677,129.33773663664036,20.872629426488587,31.594652015643003
67.43140453458093,128.72678719529696,20.83515660354344,31.680192398802806
67.78985233960582,130.04392709939594,20.800227655900606,31.736049023252562
67.5594537511693,130.62520292678568,20.82412609462781,31.775937630313916
68.04523581807246,130.23335960236145,20.90753198683774,31.610056782385787
69.02610124351222,130.67484259544798,21.06775581544736,31.623847922067238
69.58639727457675,131.5902635851604,21.248078875350444,31.652204155266034
69.95491390665448,133.11835587096112,21.49531689911307,31.786321717224695
70.89947738621383,133.35710540828498,21.713777277488276,31.90594668270381
72.09176571363338,135.542004315307,21.634205219359394,32.394130550483496
73.19705845969848,137.37897182576572,21.74306104574115,32.96059298287418
73.71991508023041,138.2533172562745,21.91441445029956,33.17226813252248
73.88446421975827,139.12347631823178,22.0781412919313,33.21771374914751
74.03911291589696,139.15077412443458,22.325229595588205,33.43522889695386
75.10860777303594,139.08001113264652,22.51579324701767,33.500603516978366
75.2088852078993,139.93045425846645,22.639630248981685,33.684018570155644
75.75637711308431,140.63009387772524,22.964973982824006,33.355328754817734
76.35010033188425,141.27947141993224,23.198562000523506,33.12769583989839
77.22611837805692,142.34403466775916,23.391841149991812,33.01649174567274
77.94649096002165,143.20429580003926,23.497676539117176,33.31786202871997
79.00946823863993,144.61419250750734,23.5254943360066,33.57640771366784
79.66505561075722,145.58993088959224,23.56373799349014,33.630619139958256
80.47120079854565,146.28436863714006,23.532580864335095,33.64211996474786
84.21175718146286,149.80911339895147,23.24210950169894,33.692280347283514
84.84330023696924,150.9027870643619,23.25564830867017,33.38530077235254
85.62214192464981,151.84714648078224,23.26273372450778,33.463321236424996
85.51415088743506,152.50792840316274,23.3450859255423,33.40644063827652
86.17663291619758,153.28492264460277,23.494916255834667,33.69318043832496
86.73039404399668,153.45919253651726,23.6998602640075,33.715839427880056
88.07276684559679,154.39706339261548,23.828389521189372,33.95520119888371
92.27995503150407,156.61346094729726,24.103748561972466,34.1261887433287
93.37104476611842,156.62352482341046,24.23125551509178,34.12384302918002
93.8927754410391,156.962947212589,24.39151986086047,34.00832472882738
94.1144926641763,159.621105538462,24.44893764179707,33.94128471511243
95.67103862419711,160.56709180159655,24.46869779923957,34.193497493485026
99.32584159347849,161.81828706661892,24.775772005940503,34.19994895486487
99.6078744509167,162.1873986192007,24.7013278111065,34.342502255035775
103.47556283237762,163.57631746629926,24.50901087408188,34.24431439070315
103.46148441965825,164.50976501847003,24.72474651176216,34.052865319839356
103.81353987131982,164.67044524194245,25.026826266054673,33.9320839946034
107.42625327352948,166.26126985019704,25.17028450191856,33.73427905833715
107.62980094694142,166.48409271221811,25.381069916718065,33.28513522197787
110.07048953822955,169.03692826234283,25.576979454417692,33.47225358095693
112.5422339114823,171.16335569903066,25.768285419978834,33.97140857620307
115.78941814053985,172.74319841380435,25.63197541446993,34.62530962012069
118.34789903092239,173.71102545132572,25.443559585548122,34.53633868964734
117.25015164294902,174.46399800954822,25.393990818175144,34.45077106610702
117.29534688540461,177.20896182011214,25.597690753271674,34.71359670273063
119.99174507689689,177.8475283577251,25.682319468706318,34.80871585338055
122.68361695501957,178.12948739252406,25.82525141360229,34.67769329517144
122.05530551918322,179.1490452899807,26.224708650642906,34.78611210909905
125.31447164781429,179.88250471369327,26.34453566843569,34.92110790591528
128.87935392569955,180.65539465121986,26.481604894861192,35.31016835240294
128.55424116291772,180.96015943478235,26.695438530375895,35.565528764640426
128.63947914799667,182.157286844319,26.986464069169216,36.12571930765819
129.51058710292378,183.34452585856258,27.044219501401766,36.72383410982903
129.73066521104852,183.62708312463636,27.133843911449297,37.00505790938081
133.92838062007968,185.39353033393553,27.35158180981759,37.571006111632066
135.10428465273117,185.6110866932735,27.288438323906142,38.43716709653127
139.86515187177312,186.13895610667115,27.215373319415935,38.65858033119837
140.0945083099176,186.42465684715017,27.17793656545864,39.22619380957563
139.75928150780885,186.97659075311844,27.197251864012053,39.76083968191186
139.63974442710628,186.3834361557666,27.394934738418243,40.14897211117369
143.957673231684,188.67485527029135,27.381985721486913,41.048540021497956
145.9952915078641,189.70161680033175,27.419523541227527,41.41426816495413
148.67396359761375,191.5488521530306,27.182613645938446,41.881136742545934
150.1757328554081,191.65176725052788,27.327161678201286,42.129974115758166
155.32658743621303,193.3380220849314,28.045467279469836,41.79829863541243
156.33623459042622,194.67377429526482,28.296022986683713,40.92101800014599
157.8341611119244,197.45873155920168,31.083878039237902,38.4754158730901
159.44204446456618,199.7678576892286,33.75072308551075,36.097818319991255
157.64985499642435,201.67663304158765,36.06892818222531,34.208976168587355
159.15644651135457,201.45025593956757,37.72031405342689,32.958908283432294
159.91589079255084,203.3768340912666,39.4980229718083,31.52807210752138
159.80655186939674,204.2090002172362,42.5103023310254,29.959024034435227
158.0168843097285,204.92851971247032,44.63820164599482,29.0603302955272
162.2414440255675,204.41731395378636,45.66974837490032,28.821598724554327
167.37339469077122,204.30933858011244,45.610631437803406,28.916793881403756
168.3285254427419,203.83725746167332,45.930572608727815,29.027168498214397
173.67679897766783,204.45689104099912,46.370429576351505,29.108023581536642
176.6339149344293,204.36494251881518,46.545891685960875,29.180995256939845
177.52014476534816,204.63209140143283,46.435667164923636,29.296120494901317
176.46461429257386,203.63356082612313,45.81166431919726,29.387269246228712
