289.5,67.5,64,236
288.58568058445854,62.88554047602955,64.78359675959146,235.7840767093789
281.83689121395366,62.40807415139905,66.24275959178775,234.16326115345495
275.0516650222337,61.92350496262512,68.75313240064268,233.77698716699678
271.8682747937271,68.94270666441665,71.03814434493009,231.0408937533429
266.14080607922295,71.01157783950578,71.38357898157997,228.21995283195952
264.4800360640645,74.75742444692877,72.48069965650434,226.81730371119923
258.82031649961004,80.31279961887023,73.99421627717362,224.5590685879584
254.98757199180608,82.75509320679977,74.99495757778516,223.20243885152192
250.9031929172945,86.37625353972052,74.54637277789476,219.94625557581713
248.73931425651529,89.00006852960531,76.69033655468385,218.6168024854671
244.3388228866265,88.19595539944758,78.68580114413184,216.9458784982087
241.40711546734994,96.17681054084521,80.61285705400458,213.6511213022665
239.34615262127025,96.0424755234626,82.66976051601561,209.75927316762863
248.68654259052784,100.79690891217876,83.6618912678081,205.75864375210426
243.0645094426446,102.66283192803374,84.26552806680938,203.71115286012667
233.47063826878681,111.00209655237579,86.50626037424178,200.3180726394577
223.37720448709695,114.98876554551136,89.31825763732857,197.34967134828545
222.30412920968382,99.73615958929679,90.61123863172239,197.24993712423998
222.75972764792948,97.86949680361501,91.20116613725008,200.1899782794048
229.46324693034367,99.76858357818048,90.31893550241438,200.62265447316327
236.26511605789847,100.58050368527557,89.63699786070814,199.89783743421265
239.78307570503094,98.70955102798428,88.68621927155182,193.84770001655647
242.77855944482553,101.89025848158488,87.20259651471042,191.58219279749613
240.62164052170803,118.522081111251,89.08180682798645,188.13658647859359
235.62240496980456,129.32081587278964,91.68308688412492,184.0482779509997
218.83887032615792,136.53907407892024,90.27629829177951,182.10558172916822
214.10825902766146,139.55320478069996,91.84031315180346,177.76957367682027
213.5791591959044,150.28363988225587,100.43479010947652,170.67835526814207
197.73144757488438,156.8816961784951,106.73686847236618,164.65092620456375
245.19700094022193,145.12622486585397,111.14422457128089,159.32823731434308
260.5205150748183,136.80880804710765,113.42035304036935,159.81120594634257
254.58004057238028,132.6380051354758,115.01044186915902,160.3875672856585
251.21492129866334,133.01788048564688,116.4676696858495,159.0916527187964
256.1988672342469,127.93000302083856,115.37364389592017,160.78574585184325
257.7974137160901,118.79154719973837,114.02757126838497,165.742472786402
251.92546927898135,117.83178375939902,113.12544974373765,167.06409015694507
254.9853355372086,111.47953642179283,112.43070215922894,170.45462189575608
257.5158757124921,117.74909048161828,111.67546039356185,171.56460645036054
259.1356195274508,121.88828564168821,110.75416572247629,173.0740884446738
254.74275170954468,122.94336016499297,108.83066425959467,172.3601340944907
253.14818079667072,126.19292708787535,108.46677559446734,170.55370874100498
263.8855051480312,121.79015326856201,107.42367977870921,169.11576806786408
263.67825090051764,120.91485111849899,106.67706702453745,167.3170459481598
288.15548720126304,111.3643209111452,105.1687957475095,167.76752118830683
294.1827573777626,117.03700766187397,102.21925589042111,169.63724511421745
302.90136362323756,118.37839228484513,96.70271104778664,169.85163854413267
303.6378028910182,118.2776730285404,99.37162528642573,165.8630011824135
296.2181272348435,117.3881549540782,101.84997749141432,164.02071469950198
288.9429976707351,113.85903054168321,105.87296344153046,164.9162080349426
290.6637034650941,111.34315065598832,109.42116586266965,163.79761723565366
287.5530177936547,110.60003181863263,114.43230304035677,162.44895572327704
277.2325539681168,108.73542358922947,118.16309160757035,164.81585140132927
274.6006288779679,108.38989581633011,121.47173527446336,166.89205594920318
273.51591993415644,108.52709056297454,123.73381888654251,168.97465345542605
276.9455023334236,108.08446808113555,124.05707958697063,171.30212470980683
280.18621443440264,104.86025770968416,121.24678103541841,170.36701054441494
283.3910298362748,104.88563508050572,119.51751817829881,170.5438873716805
282.42001666120086,107.20895766788489,118.24879299493846,168.47337807071673
279.3979967712761,110.29482439668573,119.79873554196932,166.2710822122972
282.80722317349773,101.54778099469338,117.5114202039567,166.95060335771254
285.16778559929696,102.88206489197302,116.31246351184318,165.2171087004366
286.7443356932306,106.20376682111475,115.64084010772827,162.9574953351646
290.0517814878573,102.79813903705909,115.06680106516681,161.36907744136187
296.56936004620877,98.03498712663631,114.94881638040965,161.46857099762002
289.33972433632755,92.22113803639061,114.07667548480339,162.4459538933824
290.06958857649585,89.24892068125291,114.2270740958746,163.8947035031024
287.00259052861037,99.06184387829327,114.7224398014783,168.36859999842596
290.85676960737237,87.51753838701427,104.9704918135558,182.41319986495614
292.04698325169136,83.0997306191348,98.05620336463949,193.76858530771275
285.23186274624476,78.95142258472114,93.96519193412648,199.7766109453267
283.49419543558764,77.13295053875565,90.10057360973141,203.66960154103995
273.25664077333266,72.96447988553017,90.59958391995922,206.30734555516304
269.8367079115114,75.07421102130938,91.35385451268128,207.8585622806444
284.31166817905347,76.85083769184142,88.52500293206495,213.53407728827418
284.9467452023076,74.91747238902047,86.93367381693974,217.77579042975515
288.2414958664732,76.29372828856252,85.27989007131129,218.1562196382852
289.1653333424393,76.8822887502794,84.09702971078688,218.1522643938294
281.84124426436915,78.16969853720417,83.98502071787922,217.75062826114197
277.4933357452189,81.10043142125151,84.5222169218292,217.750534963903
273.0524414975731,86.18390047690413,85.59135425974154,216.07780042010265
270.44381541072585,89.1642966426825,85.20376234011343,214.071094869094
274.920334247059,71.30545885265701,82.65311753167443,214.5113580345942
277.8095321110095,71.02407067616869,81.91809300433493,214.93559544582985
284.7756777089862,75.93497367519359,81.89861022665539,213.82872665786306
292.2621579520116,73.69801603548837,80.01957140198158,215.4020436496911
295.0549783037079,70.56594110168592,78.56839257831919,218.16068700179306
295.46027365298426,66.4567618802104,78.26758031976505,220.09146447779466
294.7687299603446,65.745821649857,79.11476460884535,222.1048893878308
294.13567724247565,68.93630897358935,79.68631708657168,223.47863495139518
295.3390225422127,79.50440773212313,80.34544694264869,224.3946301223159
294.8297185977175,79.93139557411573,80.79199353136136,225.2531480963965
291.6346835405826,91.67147452591628,81.691331452638,220.88146110954344
290.1216896073332,92.67803031722426,82.01188046682654,216.99185070852997
277.34225560645535,93.6846666506803,83.01591791743492,214.60790772301436
280.0433144948809,97.29899441921904,84.82709178563383,212.10848545085997
281.8850686991143,93.76659229003758,86.96026094751,207.35063593877612
285.50561081024046,104.06319275955629,89.1500830210341,203.69910637119867
295.9164441288324,112.52063313145544,96.88054612933365,195.6334182467241
290.9400654169571,115.02607397642757,103.32251940391423,189.91102041488836
286.1098675481689,110.41300938308981,107.12537739506125,187.65633848248427
281.9369495337271,104.67108186641728,110.3138228294624,188.21152453999926
282.39725731745204,97.53124602716055,106.75466866299821,190.85173660852737
281.29767778310975,88.83439485903116,102.7007926631709,190.85150469490821
261.4791379135849,75.6793775665011,98.89741982653695,188.01287099078377
256.6978701374085,70.45287664581126,97.409744426131,185.29177195630896
258.33272163180345,67.49186372527993,95.55613442917006,184.66948913495708
258.132609308605,71.62696979862146,93.07593147661366,187.72475172734872
261.53274113277007,96.72758368232044,90.08132116194749,192.1649653051656
262.5324716281996,92.18868005540506,88.68746136260921,194.95499227411477
251.41823192109933,86.09534134044063,87.84721137617484,196.18550629767157
250.36892304203437,84.69253939975056,87.10813043626096,199.7065363260358
249.4771535357004,78.69969583095516,85.4152573910523,204.55074301776477
249.19784637394486,74.29619716619138,83.88207317063335,210.0426568435692
244.0393040359097,75.93123732795206,82.34667791201124,212.03969688137596
242.3172269336282,71.64544826310245,80.58123071429156,214.38151054955785
238.40123121093575,78.72631476869485,78.7961223977136,213.24088425834375
242.33728167380352,75.29593920610417,78.47371982479179,212.22107880012058
246.49878213923847,78.69670349069965,77.9764845036631,211.2198546437714
249.51700759352423,77.45670273688458,77.97569767666506,211.79101621037677
252.23315605597207,75.2665309468737,78.41374300640803,213.6266491542596
254.2900248121013,70.6550768487268,78.8463655100187,216.74706120339766
254.53314155898562,66.02980697293845,79.51804856211801,219.57115451713867
256.0509037491387,65.80530263881982,79.53446581503634,224.30170739390252
259.17166931296987,63.696686165815905,79.26475361132415,224.98107780061898
262.0335505489054,63.28693757296729,79.60547144417112,226.00122403917456
264.754446604157,64.97873302851184,80.19906828020106,226.18606760493788
264.162266421409,64.13635187698588,79.9632735973267,225.26334890518217
268.92379102924934,73.87857943680277,78.58484241600884,220.70955307967682
272.7696813296584,82.44215428932691,77.8070508822684,216.49812240691614
276.33391346779104,85.28235850215611,78.01717007539398,211.1238636129964
278.8864979441902,96.2549638682215,77.93862675583546,206.87825691528946
283.12421194992305,100.79993504807817,77.05655773790002,203.53951761572625
284.9281639209484,98.6439933169662,78.40780506385464,201.42180894538183
288.6810373748915,95.13328180525976,77.00275233550336,202.0845679329976
290.20878717245637,93.40174927423693,77.12260841320999,204.79425031224295
291.1457187131351,81.3930539115486,77.35448802479986,208.67024928346922
287.9568946634368,77.08840573589538,77.09890257698581,212.80331549027494
284.10235341883543,76.18305938943102,79.10767006756184,216.3515062281713
279.9990259357151,77.69930888094939,79.53324717201653,216.79351648433135
276.00606945851735,85.9499332382405,81.3629139411093,214.79567143338437
271.0737670219471,85.51605669973998,81.24381901566582,212.99896695079985
259.69590685162893,83.57680486899584,81.42154405600924,210.64550697779717
258.2461063565495,87.4347247052202,81.94738935273239,209.26501209676078
267.250524851588,80.13655025957144,80.20425174925204,211.39288183156418
274.07744033332574,81.93158818214529,78.76773741327906,212.19137629510178
274.74007714399636,65.17863614795938,78.85316602048397,216.9037718338105
273.51190487029487,64.84618420340882,78.26943979571593,218.9182248972204
276.0382861295089,65.7720343032046,77.96422633429471,218.1964044106873
272.41086139156107,70.11907773263819,78.39804853129016,215.4234458248304
276.4987595004157,66.13857077265455,77.84979480930849,215.111454259263
276.12633311157134,62.00502446373321,77.46741622751543,215.57973401089475
282.7977713822088,69.55078212711797,77.72216351131377,213.33918513767748
286.50982877982125,63.43887032258074,78.18827364971312,213.7240004154531
289.37935918863343,67.98612223380282,78.15215472661994,209.99879457427116
288.49225202731054,69.54658498932885,78.87444732399263,207.98833065589335
292.25254679696036,74.59966500509051,79.153249531214,205.00611729108755
293.91884779039253,74.55598301495849,79.98324520059958,203.34611865767363
298.21441005235505,76.30454862883883,79.08257372919532,201.74950310545768
298.96176746969223,72.76911670896168,78.99515328710672,200.15876873964558
302.2502995212861,69.52255024264156,78.10679033672058,204.1823384265125
304.45809053038806,71.56454062771336,76.92550106410687,206.03560493267506
307.7707372625567,62.44409228866303,75.36586616910549,209.46012206365657
311.71662663294245,59.104121723503525,74.90403909611966,209.6908725773679
311.2156754827253,53.19362499549713,76.23028239568029,211.0631765726263
316.18632773247367,53.04905560238868,77.2994015564619,210.5768405720848
318.5855868701307,58.74211393506164,77.47547692052161,209.11161471484434
317.75693236263555,52.752565703788264,78.67439274918121,208.18456512789157
321.61204013150535,62.94748100312198,77.94388159147692,203.5690761124761
320.6321689302233,57.00641171884756,76.13092654531059,202.87664688622513
323.3774503333642,64.5705315962716,75.45470146943654,200.6606357156666
323.1291500121913,62.16902750901073,75.71248988870548,199.95655475215733
322.5750225654377,67.17663868730351,78.02973678660729,195.33496003915698
321.3111521828384,62.83991579340784,79.07775660167923,193.1680604442579
319.91544599898737,62.37060255976836,79.15936109660902,193.67143531794707
316.92569221748175,61.08689990267648,79.16777071345327,195.3800728842518
313.5564673679801,57.99836194140272,80.15027854462818,195.46961247180786
312.0111111300588,64.09674266273028,81.09854068782917,193.4696484000634
316.4864948758563,65.81359911226644,80.59138052655643,191.96794376744003
320.710438628978,65.62244430571182,78.78968032576347,189.94055751682552
324.0637055854809,68.49977494496684,77.31111176767716,190.0265701618079
322.3535633599942,67.35946334227317,77.36886694084902,188.18870457859052
323.75892501462096,67.10761080342945,76.67362357773197,189.08855133437282
325.1449432133361,64.24976515647104,76.51551621358112,189.90264369793076
326.20226224651503,62.44213464966313,77.94826479349405,191.72666699964014
319.59140326994753,61.199956040414946,78.86175997593806,193.30980020099327
314.01294385081667,65.10011393413436,79.67488494518125,191.62465250818946
307.4489143700257,64.92186725577979,83.72332926748089,186.11502743380728
303.87959368476163,66.70790191278326,86.91634795543766,181.96004054873254
303.9839495576975,72.37407832663308,87.26093909366786,179.82125976540544
302.2274344666234,73.72670161641948,86.75707016692934,175.27068974241988
304.99187350709485,76.32218281802858,84.34134768939522,172.64709083979676
309.55734347603556,75.82317015152294,81.88247110219133,173.5244477839049
304.6078447224556,72.06304511632679,81.75393030979066,170.77723417021517
301.6387821396146,73.97344218459504,82.17898918366356,170.5122976920649
296.5184501079093,75.3719742694545,83.52041561432273,168.66240395872828
293.9283781426407,72.4613900697479,84.17598383456323,169.31654106999449
290.5760662681495,70.69578406961263,84.02957341911699,169.68158366528152
288.45530284648737,67.48665594709038,83.13152716521223,171.36917470341683
273.61656947896245,62.2650177684734,81.36916312023271,176.45924394929216
273.76792121261144,63.56121248765655,78.60925578788348,177.81503494801387
268.86910135927513,52.085672134821934,75.01165566453906,184.91953037994043
267.94489959402523,52.46183838911648,71.64049094247534,186.99776284708986
265.83686205842264,55.089116545013056,70.21775490223038,187.8797703132203
267.1892227423033,61.18690266453373,68.2243716968912,187.62451904280687
267.86126978014215,62.78752860481238,65.9479206675926,185.92884246151257
268.8216977412192,63.36174557267648,64.546889548314,183.46079208882605
270.3971935107944,60.53476543232716,64.32952299199746,183.8414312177913
272.1364068680486,60.72251768214838,64.13449943567691,184.41017116251913
271.3235303437827,56.56407610371194,62.29880143058939,184.84628840447502
272.27413082667255,50.58055862524688,60.96898501395061,187.00166640950084
271.7727439832003,46.90484668882296,59.32010588793727,189.14082336035162
271.8687256311562,54.55378798812151,58.33734500081603,187.7986702463126
272.7610860578712,48.32332527437208,58.40267233178094,189.00826911283735
274.6368836772873,53.29437476343571,58.24170476323689,188.5227073814142
275.47326419029497,55.53084229766566,58.12370180912093,188.18317084582173
276.21885743589,55.42041915947041,58.07192266656368,189.02830013794022
277.3867574232693,62.69565693444355,59.28168567436438,186.16771354215655
277.5910324903707,62.42748035292968,61.78758451667821,184.13323636003048
278.94007362717576,68.82356049720774,64.53777447130905,181.0893461062644
278.0304430319548,73.48603192671388,65.59709813695547,178.495254420653
282.60001514126424,78.42822378755488,67.17447708880776,174.62183604626102
284.4757006623357,82.41967381390842,69.11692795370817,171.90596432531055
282.6060303625041,84.79221592657106,71.99365630590442,167.8638757579061
279.2729588257118,84.63680160468245,73.66831235327444,164.26553949613523
278.8816681529654,82.25643171040639,75.60412114723066,161.21344692918808
281.2155329253468,83.65879817192038,76.85751844496662,158.6511313565715
283.18176932338633,85.14447195073942,79.0341130889206,156.10118705797237
286.13975061712506,84.34085329661988,80.33521154422868,154.48034981558277
296.21473392881137,86.60319348710482,80.79364335835609,154.5972323733031
296.3469852601256,84.9422692141877,79.60334490219431,155.64759654413731
299.3345224298729,83.52905098789553,76.75149649005263,154.24181520802537
301.13291673743686,84.96841578079747,73.96974506583882,153.114805931479
301.24062955244085,78.2948476910208,72.28154540705285,154.1442035780123
301.7714792879269,74.52130137698245,70.54422532059833,158.15883503970718
300.1271556016013,70.73674707247115,69.72884971351328,164.91660891953515
298.72589048615134,65.07134711205083,69.5390241208963,171.38269660206402
282.5323359720825,66.07286894058149,67.91272830284261,172.98112746854702
284.2133136817322,62.83242866076317,66.7091593524305,176.42106464401311
288.09544621895805,64.6731213038155,66.89377256624792,176.70843841781445
286.7018050310526,59.40071720965841,66.60302292530463,179.1616852886848
287.09509298852254,59.472380234320596,68.57366179498689,178.79494773890647
279.67857640964917,59.62605838174436,68.62738854099058,179.50818711380535
279.1420651327594,61.226009251861996,69.22207872425041,178.8533405245558
276.4696760090384,59.62313869118174,71.47892486185972,179.42149791331133
276.47595985528864,68.63087225540951,70.65909158965873,178.37489141107648
272.5333386381709,66.50196432653911,70.67342004150277,177.29565301619277
270.64729941052536,70.75483060623647,70.24668648888986,176.39217866221188
272.59846324997375,74.65264738696375,71.75109136919721,173.65429103429003
276.8416228255178,71.14457393005245,71.01856784188834,174.08734525859848
282.7283753603203,78.40133514633393,69.98242372656806,172.01010689128208
286.4401496298691,68.75063118344204,70.20878849847503,173.51569458085982
290.9527093115946,71.9478098308837,69.8021460026998,174.0479706439782
296.67362921445306,71.05858260099242,70.67117064553025,175.87198409280876
294.16306637262414,67.70462350966838,71.5316613346813,178.19711218680328
297.35033276495716,77.3461345769525,72.7674391045197,175.82848443089716
296.7229222215234,80.36268005627815,73.07142138714215,173.40628386073462
298.8642204384028,80.89807030893007,72.3158358710469,171.24811722414415
299.89696422568556,75.59706821391973,72.05623742612005,170.22383776853496
304.3137998806612,88.12085466923108,71.0978093031196,169.68890294995327
306.3535680675029,79.69398849805472,70.6841660072864,168.55144533564095
305.0532962258383,92.58545449749846,70.09200692038242,166.46974624690972
308.17644974136476,92.22435402492826,70.4159027167832,165.2239436806213
303.8720435788392,93.3691855621228,71.80081520052562,162.03803292127662
300.40506962899997,94.92408912674372,71.19349713569608,159.72179940996995
290.2386074473965,94.46632720332867,71.66744322741877,158.65065717346417
288.441028578633,96.12414934407278,70.9936042494001,157.57162258931788
290.29210998322816,92.5826152389494,68.51332366429268,157.8825278852885
290.8786087193048,94.45871035768016,66.74941224074252,159.31884282055648
281.7543576461346,96.60462898821194,64.97478969225861,159.96339405207715
284.7111519705126,97.06312334085497,64.17944044627355,160.1015489415329
334.8309532041719,110.19791626416706,65.16821627485344,156.73659375591947
331.1198068193371,116.00173341563347,66.16237555682162,154.6910016893148
324.13133875557685,113.27937146933793,68.84261597511369,148.25061663415195
316.52988219986025,115.45525448660774,72.37976523156632,143.68977847167406
309.0192088546461,105.41119771699096,77.04351743194346,139.27771462748478
314.83809797320544,107.63375316669749,80.80080068774465,135.58342925240186
308.87212938663845,108.2374405089305,83.51867040177217,134.10832141125476
309.7509067908019,111.62433184973432,86.34387354327437,133.05484846399162
300.0134745951485,108.50165730423942,89.16779417847762,132.97461600438328
279.5407338164698,109.95579176434094,92.35734006688975,132.07496233953606
257.58549457905383,123.08597378284628,94.10670861740529,130.36850569693456
250.91659990983737,127.57215444091517,94.15351666311355,129.08220051788174
248.5941695881976,134.96873019660387,93.98897770159577,126.92594609360148
259.1767741692699,131.05077220838183,93.9618357849346,126.82963684268961
257.60406085721644,130.4802991904549,94.48094443113618,126.3732959389225
252.994493784569,131.76296740050753,94.92044982276903,126.25703021087962
247.9734175271252,130.2157751435648,94.57926340943392,127.83959643500832
243.60541434762823,131.43090432175597,94.76038295049575,128.89630325806937
250.75733804593227,129.69708282994196,94.38609144683195,130.036662620863
255.3857549614,124.54541610643824,92.72157090553883,133.08396264730771
258.010643633691,117.88465186490544,91.45914569375405,134.35462023498758
258.53321525323156,118.50427910897794,90.26422079542753,132.82667732559318
256.41107338169047,114.58993741512575,89.86590400216326,134.13913442164107
256.4367653740202,111.98759469858173,90.21658362567338,134.7018692474293
258.6984516227505,107.0935853805627,90.34206252286607,134.72437064866511
261.97074347582816,104.12156902655187,90.38145460864195,136.59135791601295
264.7840008347882,104.34638055719716,90.90764985165933,138.93397332861457
265.61562450588434,107.3612942281864,92.25141630722699,139.13514784057898
269.8806079327534,109.93923152647594,93.24837835516126,139.78493826017421
272.4060765222431,109.01977577118764,93.7814212596474,140.9780281994007
275.67775434999606,113.08091522109493,88.03978813069186,146.49767511135371
277.7327187585461,110.19178223496579,84.8209065528953,149.03261632698968
280.830052654135,123.16956913073113,86.62042468624759,146.01998038641113
277.98553499163427,121.34891664038398,86.0038789184145,145.76878568181797
274.67732941195754,122.65847827965439,87.08186272486267,145.54594388406633
271.8575450577082,122.93717374068731,88.51302212397422,146.00211480682623
261.1529851172314,124.69758526967976,88.5680808782188,146.17575643237404
258.4680636807745,122.35776534284751,90.14368279959456,146.4348611984531
239.66566063395265,121.40585245308226,90.88556622478121,147.63313559210408
235.23070861203155,120.12823240880296,91.14050578345497,148.68488606712967
230.79264607301974,114.86108756908422,90.06572601528715,151.44910948527564
228.63444134201862,113.83311781196176,89.13444909118101,154.14586842987183
227.70166781528764,111.93368139379731,85.9677862714435,157.36760856432693
235.1149043321484,113.09888714542781,84.55204264598612,159.75283665228298
234.12499493783767,110.34488519627467,80.9792105061103,161.1114236270663
241.36072956228972,109.42912998350666,80.1222899403727,163.27827070798068
245.22003226312967,109.9948034729821,78.21884624370986,163.2599551163589
245.20527635416698,107.04181865758869,78.06764390143132,162.66625090376192
247.61270028021602,117.45403748706646,78.71901452086036,160.4195033693181
258.2912882989655,115.34863025103829,79.29292979195506,159.09214655002313
266.4237775766807,110.15961635407258,79.13963412837039,158.7371859864106
266.81080225674174,104.74065893165555,77.68285325903973,160.73738472864457
263.8608615693235,103.33240220594924,76.37590651650555,161.8066829090611
260.61335036524565,103.45909840699362,77.16997591791684,162.91803290523436
261.94663823217644,98.42136690325569,76.37621770038218,166.49306008354762
264.43639037755406,97.15775521039407,74.77464881917281,169.06216549621143
267.6015599614219,88.91935091611293,71.89257186609784,174.70981148711746
270.95686314326207,87.63751352113738,69.43002477518355,180.6505028214106
273.0306329158581,87.58822460093018,67.70650909664496,182.28199434667
274.98310812037073,86.42125137888323,67.39107461207344,183.84307007133106
275.3871874523368,80.83698193675686,67.5994238121398,185.75900351735137
278.27466393584444,77.5486109082475,67.528794136903,187.53074336184568
287.3022125489601,71.2362468140543,69.14203377895784,192.49011825204482
286.2296223017359,78.81152198686544,69.98757051844711,193.40789294914714
289.03608925669056,81.9068766916804,68.96622892039697,193.97936672890933
292.36527503109835,84.80492544875963,69.81974921346973,192.21843500149402
293.11689870811665,89.40028402583842,70.08146179080676,191.69344355534426
292.7215146083289,90.79010622512143,68.86304849090102,190.27445768319882
292.1691270564364,91.2561178135732,67.70511206972262,187.75655494201
290.233397817535,90.87634676801409,66.74192670673571,185.68178769360492
287.33618718399504,96.36087208254463,66.75336991595432,183.8059215356742
286.47600041348926,103.1153188445456,67.4848227087321,181.93065399586416
285.426610773067,99.23333241323792,68.45911983473033,180.43565755153372
277.66547379573143,101.49442064910993,68.86063096438936,178.83492168113858
275.0507381080629,102.61183911585042,67.23091616724109,177.68902763305647
276.3719722028062,103.44132294948037,65.69947378799611,177.41294804448614
275.7984565732907,98.63669230052297,64.76819408053544,179.72388618795148
272.28990213092817,102.50499038876076,65.45876535616017,182.2441259489759
268.73045935099515,102.78909741604772,66.58965481464685,186.03121899660533
267.2380104417946,103.25459487873441,66.54916200804793,187.24553542682278
264.8403708501552,101.29005574375243,66.65129114783917,188.57578228161034
261.7392041967664,101.19636996690602,67.24665032970829,190.24931220627485
259.1815444980974,106.66036202363696,68.97272922373507,190.34337990403122
255.60899434484412,119.3560933488309,71.54214784384035,186.21386107078203
252.59989615876236,124.17211322963163,72.33402013458296,182.3999370203927
253.60795036183538,122.83764343937565,70.96223233562228,179.5595077044203
254.62678349348334,123.30144372602376,71.10891131768767,177.72065993731076
256.3317931904792,132.49733641429043,70.16041211870339,173.3865098680894
254.7434426910021,127.46067142180756,70.29054925390321,173.28152278304785
244.14235041247957,128.5061176889664,70.39959225516216,171.28451795036074
239.9732686618758,125.67187761208939,71.12201021193606,170.31672710420634
233.91784649302855,108.5484670287437,68.52134865973804,176.38246840639576
231.35020616301108,100.28683739106762,65.66252159653686,184.7778666587987
242.4514340564516,99.47063314258398,66.61494824068606,187.77948563740966
241.2760746535208,102.4520558448,65.93105319881516,192.27243456738924
243.37049610505647,97.57389893399207,66.49072447115886,195.973400469541
245.4161644399793,90.04138453023302,66.94409414591767,200.642119424459
248.26414155518705,91.7215260469637,70.3565764999748,204.17086923172639
251.30444731125357,89.08882562770722,74.82214952763675,207.22666723744516
256.64844194200714,95.1973898408227,79.85362742921549,206.5206805882528
258.7020315830783,96.05317416645693,84.40884362436813,206.4592428049424
258.9133666112818,101.29271385084577,87.84932893295142,204.4135359337233
261.9958315572921,107.40794709150285,90.8091940009527,200.88243888295113
267.2950876943898,97.84610128568664,92.02016334754592,200.9012167830357
266.86093328652794,101.07654589759147,92.17504688460602,200.7260250194006
268.8073416334217,95.18340228255884,89.97774844605223,203.7281935971221
270.43472797456553,93.00780807688334,88.5016922087337,205.88580233470603
269.3060442571819,86.096869281029,87.22844359850286,210.3951866021349
268.2098781970938,85.38788472912836,86.46596796034775,212.97295194388175
272.215831638084,78.19284689004016,84.26691012316711,216.01656251127935
273.51883270650853,78.54467697392877,83.98205590501924,215.30577992652155
274.09003947532756,86.715044399766,84.61578854085836,212.8067313236264
274.4144757902655,90.02852469719993,84.45857185676039,210.77857377212402
268.4401225352134,87.99502026038071,84.53922111588804,211.3123139556532
264.46847387640304,84.51622858892165,85.45250439542276,210.1995828912227
260.4584582482047,80.61561738862021,87.33890680660461,208.61056939094667
256.77765591471496,85.35376330045506,87.06360532658101,207.28383181990148
256.90223365171175,83.6115280306505,85.15709537851961,210.15589497320764
261.65467809048926,77.01985033754502,84.9194699134402,211.0269706581857
280.7769315887364,75.73772204104608,86.59784499702415,212.977741557252
281.4012472108256,79.66589692019743,87.95735660562887,213.45898106286532
287.8661598958581,79.39378338150843,88.98653659139883,211.49561760794046
288.6734486965858,82.16014276249463,88.64386441215417,210.02980720549564
281.34762955296816,84.21712472655685,88.06360439158911,207.45799675503997
280.6520817687309,73.71253529204702,87.64175495178569,210.45035280911821
276.5834881383868,69.95291789645842,84.00263892115312,213.83467129475343
270.6527268602659,54.1614996307767,82.89572618991944,219.7536227095397
261.8852344870331,60.171212526816106,83.5363379963215,217.7255938214526
260.17640111533206,63.186488957688255,83.42950556179085,215.59764625488958
263.7361677600614,60.590994030974784,81.97307108443545,213.80329312888537
267.82628923193346,56.75092520065104,81.05306678815225,213.73345129353066
273.8152791529232,61.28776902417039,78.58705841986658,214.93027241266628
278.78638123770764,59.82507454189894,77.11593789135,215.1868173926053
277.8488195330267,49.07895912664999,76.1058989471963,215.3970944114577
277.33189648165285,38.15201612928581,75.67362039612772,214.4612522415132
273.8600623241573,46.11259437342321,75.75624811892521,212.78178734259387
274.39635178232953,51.60830538364132,75.57110106255084,211.42115412525823
273.05793478981633,56.415551868749304,73.47740768475373,214.262486007032
273.8030111265156,63.25286461705072,71.65664816335368,213.9714073396528
269.9808563387083,72.09206481181175,71.7506976719823,211.93505101751356
266.33802326679216,73.67523470644745,72.86063215687898,209.95682992445492
255.2122753269121,80.52386280638211,77.41297604384124,203.85123183997257
245.8462388437619,86.48304718710719,81.08096018873053,199.2154959062812
240.31484900899804,87.62515870511773,81.50011555253315,195.90708232517804
228.0375833827477,93.12820485524423,81.75714428733362,193.26939441335276
201.4963784049612,90.9017657155181,84.57611124974258,190.39889699090074
198.2575436445446,85.00623685224316,85.69919369248129,191.45280261784123
201.8611181398848,82.29543407740785,82.88096453212316,190.10305539956752
208.30727907825667,77.35353271652579,80.36069580174168,190.70978426116318
210.42769221446858,76.61537776980849,76.97643798501402,193.44570754933503
210.47767069186335,75.54561461272922,74.53760740542282,196.8034186922518
211.55876258373794,78.50520102338247,72.70627127244,199.16177749478564
210.9742147066525,82.57896746553706,72.56710324792435,199.0231996123075
207.11601976974228,89.98781949436437,72.24043472635906,196.65288515731402
207.97000723929037,86.86936327250655,71.70987539662265,196.70945111207703
204.6421923246259,75.2625213024429,71.71278811245665,199.77633977937717
200.95751677036483,71.70505238840498,71.63824960305891,200.1710060200812
192.78819855272934,78.40796289599106,74.16568875744612,199.10128081484555
192.7010704424087,83.57009670284518,74.48378862890526,199.86851062240197
197.9754453033584,86.8186101605161,73.11827789016016,198.6237062450545
201.28554108669812,87.97914425679528,71.43809877846728,197.888455270323
204.75111804335864,100.63692454311209,70.35130950824319,194.61713374187883
209.59184617333622,105.74229768975104,69.0248051068085,190.37709248094956
212.69387294238706,112.35445283224104,67.90578307810625,185.27660631553744
210.68705426467642,110.54096642131933,66.48216600466402,182.92851009136035
209.1444968818937,103.52815248444226,65.75394201366814,184.74994198885716
207.72846835230652,98.86231270032593,65.38138872509472,186.8166412409277
189.68322022126915,90.04144979009894,65.88421942930816,189.55075330710923
190.1678665110896,89.37747968037783,65.29371591693557,190.00984418945046
206.30484196005833,84.20747304976294,64.30318558174231,195.9601684820218
209.12478226109084,81.47127862211906,64.08669965970044,200.0150468278186
215.40678925566291,79.10610294664724,64.13445534676482,202.42740859097842
220.84056139245303,80.86092922958728,65.11178450152934,203.6613697450385
222.15986688073426,84.00860254809712,67.11200323306622,203.18341402675054
223.6310892543173,92.24319983070565,71.08084245577932,199.84135569200222
218.7895559728945,102.06358334585275,74.73828951178895,194.04744001058498
216.4578425176524,107.94353826369881,76.13765759391924,188.33533262316556
215.49566763274095,115.16089486524336,77.40993207306227,181.64797392752274
213.13107913461067,120.01819018989391,77.44592278621124,176.5192859691091
207.69332031209493,125.62570490363342,79.14540455020021,170.97654925098067
204.84314302948985,128.2809549285484,80.46614619274189,166.42806132521233
207.2643379802573,134.9023624511176,79.53731954270239,161.75961380326726
204.08630964747388,140.97081543416584,77.49308858009539,157.11170672709386
205.01973637192566,151.54116715690768,74.79266512768234,152.24520753576058
206.05634053035917,150.60361274986934,72.27731483088252,149.8314073914022
205.90385095876792,153.86221282639852,70.76052139868659,147.94249741473544
207.0263528722224,154.25287955014983,69.1535889895862,148.19225267706403
206.0998956877632,151.81914827282108,67.29551817478878,149.8959714973618
217.93231640854316,147.28554602513,66.64966438886847,153.7701928422618
190.5831014128124,146.1334852201049,67.67806950850382,155.94999214222196
191.9262351876094,145.42797432719433,68.15279648863397,156.5973183899991
197.89615337304954,151.61403417342092,66.97633921473853,154.3148440832881
214.83582017631164,142.5692575248964,65.31138015045067,156.19168795345726
222.54453756824608,142.98033093265263,61.679137856205756,158.3399476702324
238.84205247547322,136.51462182535096,60.53561751745953,163.41891646772146
244.8577871486583,124.29947205402466,58.91251342072316,171.38379051904107
251.17207456710503,124.29952117433591,59.111149010160275,178.19949532941345
266.8016361926134,110.08660217829086,62.67995239488576,181.90706778805628
268.4863909463261,106.14248471549882,66.68023248783265,187.37655862642112
267.25275912353385,114.92602989136597,69.34321434733292,192.55471325454522
264.08325717045955,119.05310805165195,71.18340843902843,197.7374656558971
266.2830669552403,119.18382766628308,72.87054748305333,199.70239556916718
