275.5,137.5,23,26
277.2584901970996,134.54045398086222,22.95565773598876,25.67963538468057
279.8628982817249,133.8258848485092,23.06297506588378,25.442715943507423
278.6392356495685,134.07096535396965,23.029465130840414,25.0606197181862
280.69578759252454,134.33229270953709,22.86155334354589,24.713547848090045
277.41556276980424,136.9653513299111,22.941353517703586,24.71068620350291
272.9502107294353,141.3201047521474,23.083244007437948,24.439071319174413
269.20780500526325,149.13859115424378,22.92052776107998,24.160636188931775
268.56839591214776,150.86299202704163,22.476026178405245,23.785298360114673
268.96464975583444,154.5515554329293,21.97469638967737,23.83085287997388
272.6284922860732,154.14684332855333,21.784694243933725,23.700285316550925
276.0671149939399,151.89749684926963,22.064605295637982,23.86917290097286
278.6248801977248,145.00364503007813,22.459843778449144,24.695505117541842
278.6548542754927,144.37505763183384,22.24706160980881,24.580294054541042
279.3885939181207,133.27811304144356,22.399729672003094,25.54906841293387
278.98642099563426,119.1773935724483,22.524868370808225,26.453636165621678
278.026269960877,105.068397983805,22.641258396751265,27.31573897620904
276.4105178502152,87.908467877833,23.02827113629398,27.860502294842497
274.971227802641,86.00998029470229,23.032544075833183,27.6681228506608
275.3159769594546,75.07924341705609,23.342544963980586,28.295837679561597
277.57565376125893,67.10003680368062,23.948008254903126,29.157619856202665
279.66900445433527,58.74610776991895,24.369748698431874,30.19859445509809
281.29584284260295,51.72502916991414,24.40608761937573,29.981995971208796
281.85655562253646,51.42854921521662,24.207848898135577,29.235336601696055
281.3463531320881,52.414927308324856,23.945290126285688,28.672976872198017
282.8077618124193,56.75742727158874,23.595462229429497,28.038627542288914
284.88443311851245,63.61134146037213,23.36114146210707,27.27244669432417
285.66253609603814,70.62838461563288,23.323470763441456,26.96967218189838
285.6142653684758,70.66736471517231,23.28461378595371,26.770355622205226
282.7278778290064,73.16837719583789,23.435933672326712,26.926415530258822
279.7302470169379,70.02685944481463,23.82858899992436,27.363988710070238
278.6107324105502,62.649767391047675,24.183034977912744,27.75867097892007
278.17764699266934,55.7904474971368,24.361490938930014,28.08291017012316
277.76612005208347,56.55842087716958,24.286271054061032,27.784398154892507
278.4363934590981,54.419239084037066,24.329000225749546,27.948558764930723
275.9689546458723,51.58528014471642,24.57004926943742,28.262638676653076
277.5874560355205,47.6283605231924,25.02475076336484,28.739237795952338
278.8624631571441,46.52153593665437,25.12700779086974,28.274922043262404
278.74390930674105,46.405398980013615,25.080504492091563,27.809010095433216
276.82711321285956,45.06164278370818,25.105955448317616,27.87502509538968
272.93695934183177,41.626811760799725,25.336805163487224,28.53447824838431
268.2693731898539,34.3503906066676,26.072797245885305,29.18131565094788
263.8976361906651,27.272785647042305,26.544580875610677,29.662036548897202
262.55288849807107,26.24791931548556,26.21168827938392,29.173551667455033
260.2534064378853,28.332583538705684,25.913809920049577,28.51770102329139
256.8987103025698,31.974688302904504,25.87996994046705,28.34608133101436
249.82830574573205,32.9939355441745,25.813266198612748,27.974514424539436
250.34552407878908,34.96087199824335,25.280723172063198,27.769464224531617
250.53360930829496,34.77168652216372,25.022297397270812,27.74705417106992
256.43453832707746,42.555949564736544,25.004604742091086,27.271096483446247
265.91442368585916,53.276875329801285,24.908178217032475,26.865198475045275
274.2679875202455,60.741883794192084,24.752741603557663,26.52417843347071
282.7350779798771,64.65510284513212,24.76946171578871,26.467765108049374
283.5953832886607,66.59056920237556,24.46741815964569,26.71748363867967
293.0232137665751,73.4745681320505,24.565788194417486,26.32940483145381
296.9244278040922,84.68035252415781,24.708256817381322,25.84710011584273
293.24580222652304,95.91010789101385,24.866842830460328,25.418543743092563
283.59253383203026,102.34415776392505,25.031507213440065,25.482062687760866
281.91960722590045,102.72430697371286,24.718759856928237,25.50176417997038
273.58577882696756,101.04250220177866,25.5118963529752,26.275389783714274
262.701511983154,91.2346177387156,26.213699541334783,27.27237666638336
254.0788303319322,81.45480762356281,27.19394710586328,28.249551752035607
248.15463846329712,75.63428404459634,28.41186247460318,29.030599253291317
245.46660123110408,74.40253742991538,28.258924735772723,28.838207501497827
242.23593104561505,73.03979315171372,28.259607510162652,28.67408719788527
241.7796291165156,72.91708620141574,28.41886391190634,28.24127426990613
241.1914391133098,71.28550817217295,28.247157918829082,28.36112860300412
240.3133524507652,69.46988704788753,27.923071205542453,28.683135278760034
240.33100867323793,69.36233733252497,27.76930304511953,28.53605727790174
240.83242912435475,66.56574849031233,27.578927631796567,28.924541644913674
240.46453442177557,65.33832624055927,27.38185505317884,29.07720347001184
239.4763314673291,64.95349553171594,27.205761524739636,29.01073164604506
238.61808980608973,65.22856913840202,27.169420421521,29.067376882624067
238.97874536886488,64.5943355224061,27.1497052580183,29.193883136107935
238.88610857811153,68.89358799391482,27.157247221239807,29.030452999303872
241.0568948380874,73.40172388146956,27.058100619867158,28.64780053266605
239.71590091083672,80.65671660438882,26.95025731286951,28.422216980443267
234.6860408382392,88.83538614588635,27.04419433886291,28.220858961290975
234.34218524112873,89.33843267224661,26.982546700247674,27.802829625458877
229.65792654044924,97.98582985218384,27.14897669926293,27.74467047371431
223.395250363631,104.84215144767961,27.25863004777245,27.73560337067441
216.07501101155748,105.03555894707196,27.446639879849137,27.772898367254854
208.30036966096125,104.02520890278922,27.542823330248172,28.147727651033687
207.60703858036084,103.13452242229556,27.361282042199743,28.34288726172497
198.95136195299162,103.38641618921272,27.860886792299485,28.430308305046708
190.33485740260735,103.77485971286512,28.250071506471308,28.56761906028555
187.17569172569515,101.26771376241666,28.339921567571153,28.988005035431755
187.31712034263472,96.78073172341004,28.218980485334757,29.05876133451433
187.583277181621,96.25501857754257,27.95540534538902,28.97204360998339
187.97927600816337,95.60751201674532,27.77211392818993,28.844230441447294
189.92629089652874,97.6298775735468,27.570136515808517,28.481136138147043
191.2362668309824,99.23733727578507,27.451707903203086,28.484519937253292
195.72752877851212,96.69448790554688,27.55243882229159,29.07770311376482
195.90744152816916,95.97063838904145,27.539271761421695,29.080800372559963
198.79120572239458,92.7401103317051,27.896675185257234,29.366129596668713
194.96642278453524,94.78371405634373,28.202671305421696,29.071996755240583
188.49556724771213,98.37735908862852,28.22497167350148,29.09615440643025
181.3023672045363,99.48301667172437,28.143148188075802,29.022800151035682
181.53705917082732,99.30088510664274,27.868933927863736,28.96049712743421
178.44413933152794,99.69129382382842,28.02327040593149,28.910170437176788
178.01168972006545,99.19158968020821,28.29520021128443,28.894854112181175
174.26652516738108,100.52222888281088,28.63326233743566,29.243387346761615
167.50224506337244,103.46768449590705,28.857263791485636,29.353048325159108
168.07807198494476,102.86736539550431,28.880249650184254,29.4314120079516
165.23047544124321,107.24363697754157,28.942447132118634,29.604249550664193
165.40641549809257,108.8083641850796,28.78705733600298,29.925771507353247
165.9643768244862,105.01578901658065,29.18839988383062,30.565524944174136
161.80087016067256,97.61186236323816,29.643463061921814,31.649281952641353
161.99738211914814,95.94272968542676,29.90200123965905,32.16562095290222
158.10509712644912,87.83271858251769,30.50590430153413,33.28432098464811
153.0828745536951,80.15381823895046,31.243867131978732,34.41640412722689
149.75548920390193,71.37639865251828,31.791674197074073,35.477800764690876
144.93412899368613,62.193494663014214,32.56834580463949,36.52961338237087
142.26637939482825,59.47290291380381,32.37859838217703,37.148856458733576
136.5308125931386,48.12502725284753,32.753301207052914,38.16942162341956
129.20195538662233,39.1678398509683,32.92442141995113,38.384459421562795
127.84242891236568,39.08198782651799,32.590485600840566,38.14252246470894
133.76927667313603,38.172635046429875,32.666929620925835,38.22380651228141
133.02291682992077,38.13285233521475,32.518791133986,38.14857506614896
137.15056410847015,37.43180090229391,32.84926146183596,38.20553520986083
137.5948252483865,40.46454610095071,32.82857512093376,38.265282277451995
141.26788680145273,45.55916488764407,32.43367824923732,37.68992390786167
148.65556601568804,55.97230842839055,32.17677723348648,37.101977204176336
149.63385509962004,57.18232836162676,32.19641490500844,37.1483088739588
154.50537956760823,64.90789923285082,32.22904841837287,36.67488548478215
155.92368148738095,75.27204658950092,32.15227195423946,36.36409412841557
155.5961082925924,85.98154932204133,32.14134126642779,36.407563486332776
159.59256764541277,94.5319917697197,32.34365876684169,35.789211092196744
160.23346989078806,95.59686603693592,32.50797716084152,36.01364718529727
167.83612057502737,100.13614740410158,32.74806077161096,35.73684321714026
179.56260897499664,103.70844057492519,32.89671895092047,36.007766099431024
190.38854779526892,99.30452115156902,32.734177324169806,36.28217007828448
197.39304194156523,93.22911417455038,33.07204610250004,36.969902672458474
198.99590288204064,93.04493495430057,33.01067045873184,37.34052056066309
205.33076501026733,85.52645526251487,33.55956650257144,38.31326333046498
210.49340544765022,77.07887794718609,34.17048481603808,39.64534098816112
210.3870993303622,64.46275749523227,34.0987723748157,42.097756681497465
206.41222462908163,48.002441629510635,34.52192856906386,43.932193420875294
203.41180212264578,45.1259017053339,34.6987388910786,44.39013538699609
198.36223921832422,34.21701091242766,35.51221253907719,45.47949290054295
192.75395728843685,25.53206708975922,36.29401630516296,45.58812337424897
190.13640201697885,17.85056148130964,37.100257600642486,46.31700125221991
186.91652281175018,6.841366560284449,37.422133282523134,46.861603786531035
186.6605976614838,6.673656703575556,37.232366759382685,46.33360593412622
184.9406768470119,-1.2389410006757196,38.11877616214544,46.974733616493516
183.92819237441063,-1.4156448585322963,37.35503546684504,46.531514764366094
186.0306342390811,3.619132377712127,37.108695514969895,46.446094012275196
182.48117725483147,9.334959676818773,37.25102169202631,45.40701086334169
183.39540109608976,9.683834554872448,37.15840634307451,45.27073602655349
177.11453383822897,15.176979257120504,38.56403581729216,44.00498476140064
165.85097676301706,30.075939347641842,39.043782871768684,43.48940749112457
157.6454322078387,47.63585173183417,38.49113830902972,43.331821034507485
152.07679319195617,61.15966146961842,38.30013589188121,42.843789037576684
151.47105455368683,65.6232513404764,37.56419245213421,42.748585232750386
143.7692549652436,76.05464576035489,37.366170954887366,42.54566654069848
136.0307933959058,79.91489138458749,37.44095633721528,42.40998268816834
134.6268056533981,78.26403595902477,37.23486727183091,41.98862387147761
133.962130964709,72.48437320576777,37.64838210311994,42.27215630243008
132.87479428700814,71.48647321814417,37.54809565589407,41.631965181180696
129.5336177621459,60.821832820405106,37.90739629930753,42.19894930002309
125.52384872294866,49.11293141792407,38.38254846766786,42.79583306811993
116.92179375116513,37.81156522939362,38.749214105815,43.65272155785172
111.85520429014184,34.812540974171824,38.522317077239,44.17883574975284
111.89917982950762,33.7309638853274,37.77014894366354,43.53877871528348
112.04211470293464,39.45699539959738,37.99757299954768,43.45598505777623
114.5489963637712,45.56271093559445,38.032077996050845,42.63026470202964
122.27241910895366,49.74180277739852,37.85340667713367,41.946916223499635
130.51913287682524,50.95563851130257,38.06461476150771,40.8879238023224
133.60509402881524,51.78734338730485,37.84319246897175,40.304571552110744
141.65084715805534,51.90860214522324,37.64273845658531,39.58066144408226
149.8688397708627,51.50427090722803,37.74122855750867,39.01794800168432
159.66457921784752,47.17694955470877,37.32428732223049,39.31709716119061
163.48695145397255,37.692045605986856,36.942035506688185,39.60305763126628
162.7135950061659,38.48816055942575,36.22372064084216,39.38730246250953
161.5758737182482,30.701260809958736,36.36581069859585,40.2466387274958
159.25882875205528,27.089094192142976,35.92858105090356,39.87111606331653
160.66036791637558,31.199127570073763,35.126785652637125,39.056447676290404
163.19119003963505,37.08460917115997,34.47551557069949,38.1183940581634
163.3092823210722,38.21795725204265,33.745944530593164,37.83096918908449
167.39747124568098,47.384757591162995,33.22423978089349,37.00919216501862
172.91001473252103,62.40394082080501,33.05441651723534,37.156977210251185
176.29511050909127,72.84508957102051,32.55113837809631,36.53108267918053
181.55474129838677,79.63797450661696,32.373908278387134,36.31347687048764
181.0731536552237,82.01429865694693,32.02645455451279,36.348971250949525
184.32746413379107,83.0758736133554,31.851509935573887,35.96607180638669
184.13046552357844,84.5421510623915,31.648241256817784,35.85921647610927
184.10198841456355,84.8784255858283,31.309357810243334,35.637352930334316
182.78898358824762,84.8307825307428,31.273515818359208,35.33579125598614
183.48756929573224,84.88468875844728,31.2422602978983,35.079367180508584
183.38842540865156,85.74605092634773,30.805244276722014,35.38222992661687
185.17355710899116,91.58913941173479,31.371229464604838,34.83634703085496
189.5964698999395,99.39883597243421,32.17896452113587,34.062182104646546
193.64193751105506,109.30856110684047,32.48436776173437,33.65331342457915
193.4370305704821,111.28223919444198,33.03073029612524,33.62562067863638
198.2990000654157,116.63880521242744,33.158591271162834,33.28214043709906
201.68688546096254,119.37650466625104,33.23567663927933,33.05546885107661
204.0695425144436,124.76423494948966,33.98007761257843,32.78976246550758
203.37909345013202,129.0083249635981,34.03067529087659,32.65229712082336
204.14091700076256,129.4379042156356,34.25331482024605,32.51301806516226
201.42606774754088,131.76508698555085,34.219959623381264,32.31225722351293
199.00251632514443,136.24518010063463,34.6117287584574,32.138623422544555
197.08434342010415,137.49155254468013,34.56978296163487,32.28054259313885
194.61477458397255,135.05941897503502,34.221111261949844,32.830523023597316
194.34063769750827,134.29788579618744,34.167135531742694,33.25725098998843
192.4420476258244,132.25831645601556,34.007068179459196,34.433769831617596
192.59846444202017,130.88970332915423,33.695912871372165,35.5467511569803
193.3495466641283,129.4413029491626,33.60837955546711,36.97530927169984
194.34119458685333,124.9823790303279,33.958072687449246,38.20316325103185
195.24813602862554,124.97909494433898,34.83699366361557,39.22057493840583
195.93299467200066,119.53398828860603,35.4437007132987,40.47620382299186
199.6663491466938,113.494059869761,36.442042461239126,41.44729601224441
202.25763583338056,105.89271153587241,37.18841081455017,42.780834888883895
203.50030773957363,102.57566284102407,38.93540829168429,44.01003744978421
205.0117412396209,100.84385418884628,41.5176509832096,45.131571538426265
206.69170578884808,100.58001872919594,44.623179324177855,46.10187888799046
206.56147583640563,101.22968331551132,46.91873349023214,46.84209930451679
208.17648260728174,102.78361066612032,48.92014809484226,46.958179968975685
214.21735779987006,102.34060168951171,51.48519775086436,47.440175794803
214.71071059526233,101.40084207119287,53.87770906948838,47.9576809761886
215.98984593347495,98.47268647946328,55.73928826565226,48.14642252234921
221.30713119962073,94.61948741744901,58.48944997975961,48.133733045669736
223.47334325511423,90.21499850077777,59.60955911385932,48.23363399760354
229.40108027676308,85.63230450813609,62.22299624152104,48.119953989722845
232.04637283280076,83.2896177844129,65.97686856505364,48.10298492694583
234.49888840086606,78.02761438678121,68.78061724078214,48.463020774943566
234.1213377660355,73.74970211668936,71.99150903015762,48.81021952167023
231.34764235906553,73.37964589101256,74.22668237011379,49.40854299861952
229.22317738887241,77.27063196598858,75.95821276101577,49.72226252957566
228.52767000044315,76.88818531916894,77.43587386376052,50.24263915251106
226.48893501683278,82.63331904781698,78.17906596271038,50.6764458681886
223.17573137118174,91.67053322810848,79.83883659629765,50.907130346350726
219.93640413589057,95.47084807512402,81.09001399321056,51.51192305374787
219.79335510895402,98.06417763105674,80.91547090137752,52.34661480247816
219.7684730308485,98.63146997518444,80.74206286978333,53.06943553834077
221.53885071299618,99.43733590023191,79.73723790061436,53.785965063673075
224.69850083500975,97.11701413836545,78.88869752520903,54.79879071821959
228.33012649496982,87.87669519614013,75.8160737802095,57.36733257911068
233.98514236710787,76.80059925771508,72.91173604380694,59.6790493735633
236.66243371972598,75.64340131972621,70.53719984926715,61.64924362514759
240.37562174551812,66.42744046057686,68.17941634605322,63.32637217633204
244.28555591795498,60.51451342127111,66.34142199028472,65.75733546972624
247.30193876762354,56.937524760159576,64.31146152394932,67.81378433430771
251.07190551356186,52.803202723874264,62.279401567228945,69.6402935497006
251.34732028344672,53.536562448104476,60.86189432598596,70.93240894010736
255.6104252524189,47.770493037088364,59.40079268729699,72.54719985411957
259.05959537021914,42.69972258153895,58.183363515844455,74.12831882155385
262.2053595809973,38.37762722946691,56.94979512770491,75.2376832470114
266.7522854732894,34.11676411019352,55.68502249427419,76.41601377556673
267.6492164178921,33.30871929932158,54.5940618492324,77.20822814887845
270.02603983770894,30.60195845650715,53.616685875992715,78.14590211340746
271.7365834925588,31.30265077162757,52.956634723901004,78.1594050306596
272.28344635959445,33.80771272347015,52.34454822604151,78.09889565181574
271.4979699637581,37.56609616019691,52.120144863272365,76.92341305341715
271.2888004425721,37.81852332052618,51.62482588276389,77.03741373230085
270.48485908631517,43.85023166955155,50.4110492687244,75.18497458857141
269.2370146518585,55.471569956379525,50.442603206073365,73.7400885422592
268.3025702538662,66.34467621175675,50.2208023429394,73.12793212281335
268.3530865369564,70.96402929900073,48.853705371317574,71.77409838484883
268.5776623858751,71.63701301396512,48.62846504828757,71.10334530514359
267.5867934877686,73.59523503080409,47.410695846438465,70.52933210146747
267.8563564523394,72.70892552481698,47.55390875110576,69.93025535652949
267.8818682559247,70.89993266758134,47.68952619630046,69.91735308577125
268.11648368656284,66.6770337212986,48.12147101280054,70.38908090616266
268.9160363006756,65.54199535239933,48.10413572781227,69.49985350196292
269.06059088758906,61.047357087551426,48.247041972991674,70.02700043876321
268.8905923148266,56.712861817275,48.582260502386234,71.16226428711636
269.1238898472456,53.3889137543367,48.947249473898545,71.60373283883524
268.28535344442184,51.21364714575313,49.170613869282946,71.87137173074603
269.04877618140677,50.12974882893026,49.131712402232964,71.5534126824002
269.7700323804673,48.61694595344309,49.09437700129675,71.23187692908681
270.6958969142697,44.51149017464211,49.497532415121896,71.50864494344536
272.011461554374,42.66062454120372,49.66806367263297,70.90247244369007
273.82981552750147,44.621591743144435,48.47513138021724,70.37581935465849
274.69980635860975,44.08775049772785,47.749913788511606,70.20596398462129
273.885011000479,45.35460401605343,46.93179828223886,68.8942416920421
272.75212549424805,47.18110928204986,46.065953655967874,67.48405404556254
272.06721927252244,48.65017545941771,45.26738464685863,65.2045930699162
270.6522326190661,53.564323473428935,44.52801748631829,63.87974075985029
271.26417393214683,53.70681989121006,43.49872767877467,62.09069647737338
267.20106033113075,58.33251718006837,42.590597809883995,60.554069355711434
265.80256906873643,61.35472580142471,41.75746244145369,58.89723679927805
260.5476642818606,63.54305914057528,40.931096096626256,57.46119626538609
253.48978047042488,62.220001731137394,39.898642703567454,55.00690777539346
253.74146376001792,62.54003808245383,38.74458235015807,52.65942962480068
244.6709433897272,63.26292187305599,37.828896635051,50.65817143061267
236.10585153069954,64.31354971027329,36.824213638628805,48.94732066602721
229.11705532431301,64.90792558893693,35.75961740699269,47.53902975810426
225.05946113249695,64.95933435495456,35.30897746726057,46.375473066484965
223.66552866643895,64.21393819771087,34.54637323929657,45.178647602194275
217.12161771226616,65.84658065643416,33.96566086877255,43.62800938179208
210.06648989452492,70.85540131116637,33.499877189984986,42.54903441601662
205.29731468413388,80.27713486659574,32.87577777403612,41.489724104474284
202.96085129848743,90.24406868582142,33.758768002818044,40.10899901363035
202.07501455956034,90.84060255936367,33.48827620128376,39.89760808348616
201.43904733068456,96.91513379782796,33.310314085014994,39.70805640978023
200.79673040467677,101.36119671314317,33.32748008062341,39.53451368614444
202.25182989840977,105.78516599642296,34.562835158861716,38.056947891801656
204.1598942716626,111.13943739056529,35.59092705063121,36.86910746557756
204.60099637940553,112.07459167006724,36.62359178598918,36.02552574850022
209.12647419436036,117.65850235790224,37.232359437939834,35.42906496090395
210.75382920148917,124.42808187754429,37.60809085091306,34.70509242216918
210.47102464589977,130.13172661316838,38.05984934617325,34.10519983965388
210.8805796948324,133.66206651197155,39.2489747028673,33.438174865350774
211.5118911138117,134.05855567925008,40.3927465849862,33.05925679561954
210.36813776007975,134.61957760467038,40.9384628785936,32.77419436052756
210.72212138511853,134.69485061160847,41.21849876324353,32.66749898834898
212.44662360501047,135.5499326223579,42.58855274173357,33.09277841587057
211.14513412154548,137.4101603425366,42.99867801946981,33.6682977069584
212.7052043838257,137.36888041457982,44.35310395456514,34.4111176441632
214.35996932139284,136.80982640018283,46.04119370833711,35.56299394312188
212.88659868695808,135.55356461754258,47.76774969736046,36.983887287989205
211.47382927285344,134.25757250821178,49.0258458700064,38.454155484159344
210.9286312465537,134.01740734039933,50.04754201881967,39.77813777014361
210.82617398110006,133.16253439724505,51.050244037233824,41.05791124625009
210.33067803011681,135.9529468318475,51.76942862623489,42.23198111047415
210.69561010689557,138.08963966410994,52.60382292890758,43.18064992745566
213.82090610606082,143.3367087994591,54.08072517038421,43.766429564472176
213.9583226619755,150.28155704427155,55.277371116820504,44.11602998799422
214.4711031368059,149.57693391631454,56.6096712091824,44.645258307678574
215.33808297839275,154.89833752028068,57.65012248906719,44.9735461848903
215.56389012242522,158.60671830026726,58.846895394682065,45.00086831556045
217.19431384748864,157.17184965916002,59.33457976294511,45.0071171620297
220.2507818957318,155.0262215460739,59.387553433609725,45.011151002795415
222.12057660827622,153.8286692439046,59.97645378894684,44.92628372145287
224.19681568341832,146.75986450061183,60.45199163368828,44.61857975436415
228.32346020379714,139.1816752688161,61.852801103672846,43.58308466754058
227.6408759348057,131.48980894881106,62.44078181740642,42.79409735210626
229.70488184337162,123.62801222961181,61.35790669041438,42.30781377634463
229.490027756687,123.37007072684614,60.16315082874945,41.98039119410741
234.16596622821754,118.24809879057884,58.893674207648786,42.07841335948869
236.52311557412332,111.61824588991112,56.89711199845747,42.63079322546037
239.78432991455892,102.49806410364772,54.660250124379516,42.546501265150255
241.82459488673206,94.60054365149071,52.18467168092587,43.76591198147601
241.69797567672597,93.50232531019893,50.074658414841835,42.80384203220835
247.3724803865553,87.03154750988068,48.37479316785163,43.10961157632629
252.75490282966854,80.94663780766183,46.52256691871013,43.258209819875326
258.0527977346633,75.35371436795768,44.66055034022705,43.39111633063129
261.92159599973576,70.07822659429418,43.01449510036527,43.379733021757126
261.6715619563652,69.67006170825564,41.44249282692262,42.60889684210537
263.9995347100348,64.44512040085894,40.31210078447295,42.38793061046323
266.96452436351746,57.739656590725,39.89999285735995,42.73592907728873
268.96002566736576,54.806522755879755,39.00491844180207,41.8083406030278
269.763564101768,53.576575541445635,37.87151101255171,41.38322049789945
269.0536075771526,54.310620169352084,36.9470253248288,40.809899599363476
268.8444274152361,55.67772532501024,36.25926911538236,40.21491500940641
268.64861812718163,58.3100942355282,35.65651001881907,39.477027411911756
270.1809865082269,60.81967213673164,35.172087892959006,38.24841945725268
275.503824208664,65.56358520525477,34.86193323640845,37.682911778763554
276.07942158154987,65.20058493900288,34.56549997192188,37.213392148684946
280.62381595616654,66.6610618292303,34.44727415756399,36.370540956883644
286.782052197274,67.52574211682813,34.39691400292473,35.76572941294563
292.2336885540706,67.94673262400562,34.47262707576959,35.51293292121943
297.5302053385025,68.01445231421292,34.53878845319484,35.27032921002434
298.43158392696154,68.52981227022897,34.197632772019546,35.163804408790085
302.53573528829395,69.73254156138276,34.07840418418138,34.751084192609525
308.9870931306822,74.25944667123025,34.165402168228134,34.43818068830761
318.985213350633,79.20989091531459,34.12177174419575,34.13606711011208
327.93769129101383,79.45105987645294,34.29088202554345,33.83170877634398
328.20327719942594,79.86812393953275,34.1470212500743,33.650272968147014
337.7688799797818,78.76432330202863,34.729431106843066,33.45148095358921
343.9352161471903,79.46605240083966,34.99337551702116,33.26978958545783
351.1371882300479,80.58243252176753,35.48641354429908,33.19062121486369
353.68178257202015,80.10213113585019,36.194333033725044,33.26978978450417
353.2396537495939,79.99609233844683,36.36326109111796,33.49374888724401
355.1519376901793,77.35966840052414,36.66530301219325,33.887905566647724
355.35788820265924,73.89379796586434,36.77806978670619,33.743962842217336
353.00691279347967,74.7472295377543,37.212615571953734,33.415665725125045
351.1392810689851,78.81505741294804,37.10279125429558,33.29140542914431
351.8287931058899,78.77983209600353,36.853633661313346,33.08966906848072
350.2478699979104,81.1487730217254,37.270761087217906,32.93763125695394
353.7216366500713,86.45092190219927,37.12761153762646,33.177881721409065
358.120947848566,93.35985736595782,37.04481517518288,33.001543691841164
362.67901236007276,102.29369543646962,37.07137394971568,33.49434118363008
360.0952164601555,101.3057394977163,37.6382257936482,33.992217849573606
369.85399159636836,118.24345553731814,37.779311614362044,33.48015094370977
375.272633126097,130.5609043722339,37.86101773642339,33.158111855421254
