142.5,125.5,91,40
140.38787112631917,125.00858395201408,90.80493024987936,40.33425634299829
135.12613039792762,125.9336050081319,91.27287734386945,40.51353733180632
130.2056027506956,125.49380782794118,90.92303660409283,40.48512430884123
126.32615192945246,125.70731789215574,90.83653362164011,40.64759733589154
121.87434813555771,123.92764366607443,90.3807118499936,40.70295442262142
118.82375785861439,124.66435912503042,90.13548022202598,40.74681040141509
113.43059777341689,123.07161174300259,89.55209900692293,40.789849110783216
109.56662249882255,123.5900847304473,89.38134121260575,40.72118678915309
104.24428737691964,122.52012062713294,88.72088526622602,40.522053973977
99.057634856123,121.38645110172331,87.69237584706491,40.28002603566051
94.90675439994496,120.14375313466884,88.59242672600425,40.64831577050492
89.67993151134283,120.678846576322,88.22300960648,40.403996182463814
85.12889990601087,120.05470908136796,88.864843897161,40.6316181629572
79.24296536960088,117.9263608473692,89.00012201233939,40.848024275272365
74.84715051381826,117.24419417916846,89.56669889034748,40.96453997613763
69.91078355357006,117.11880566216726,89.64528722673745,40.9347428076025
64.61574792089368,116.6195951490094,89.82340456600379,40.952177954020144
59.24711507410157,115.64711047296485,89.47091520129942,40.938845761919794
53.90386278312284,114.89169718327199,89.78727970757329,40.93864750858002
48.66870209502345,114.88477423260562,89.39416915323008,40.94867567327587
43.44932678167146,114.71084077629737,89.23761910549558,40.94411802391498
36.8672853349501,114.9659327498608,89.62793738864778,40.909473612072205
29.621015873637553,113.25926624797576,89.47201973778654,40.97779657365172
24.49428227017974,114.28802728871604,90.26659412243654,41.10564732160842
19.273686959088487,115.2386695869923,89.70156011235586,41.10043451670474
13.643297739844904,116.29827737539253,89.72867594555738,41.198030358437606
6.510803340760816,116.60346196702159,89.53327465278318,41.52835127537253
1.2771365103597816,119.03929683699917,89.14042173674198,41.29625701683217
-2.4330508633126087,120.49716080566759,88.4724833813646,41.264358434735186
-7.7912291633674755,121.41942995635223,87.98637492410128,41.186639014400754
-7.337347756290612,123.69791361025354,85.64253928356206,40.61808504049097
-11.223549072209579,124.46226765049641,84.36501897228476,40.171678099836754
-11.887946369034431,124.91245410989356,81.76478863116579,39.66926629091909
-9.597447501858838,124.32757066070515,77.2070354994203,40.96163311141649
-9.006543228222142,125.26114214946946,73.30002319962921,41.91497286475335
-7.434468942517796,124.96079593840149,70.30861242452713,42.24493312250635
-6.643948075300287,125.11303488251002,67.73162952798273,42.48524317765248
-5.679157722341159,125.59211465268551,65.66148676456936,42.464873256270465
-4.368386856733583,124.81512090585593,63.94290676431124,42.476351313322255
-4.986212288323188,125.11492199239743,62.356842272571015,42.50721893928102
-3.5496735041589105,124.84052140021326,61.31113892413687,42.17314915149282
-2.9186915901982218,124.33336221764523,60.938368750275856,41.63636213657058
-4.565095917509218,124.14903880107912,61.009426907079856,41.28829202453148
-1.8923305095424752,123.58862557591036,61.11577463881483,40.773374976066805
-2.929219663871379,122.58370487286302,62.128143593262735,40.406955863133774
-3.1614420012055575,122.75185097127945,63.02783318580066,40.052096242033386
-1.2228282418102907,121.37447793473189,63.664516437426386,39.745277631214336
-2.0795708951918215,121.07392206991416,64.73797833386917,39.85269290966264
-0.07139385324468606,119.2082556449046,66.06190335230033,39.817021746620256
-0.6794268579511282,118.41484852892637,67.57253876464634,40.121674265930224
-0.49410558409833527,116.28245107109882,69.17666354424941,40.46557455878256
-0.7315133109786345,113.5473079386824,71.03604458982214,41.03414697550143
0.5876232253542923,111.91292734994832,72.54883257520072,41.6399495309908
2.650004855423944,109.73554979056557,74.02828541384682,42.076803610632766
5.621382892055912,108.31704085732777,76.1361312998114,42.41001703184165
7.836596766384275,104.52403438649728,77.17901259122425,44.218622327323416
14.033581677612744,101.76792944916784,77.9003868163137,46.147278887773325
18.013574413954146,101.1594349967253,79.29300525598441,47.00184681649645
20.823757126177668,99.24721528992836,80.8035330619756,47.88381114960019
26.552796541861966,98.07301120419768,81.87540914088532,48.510535222817865
30.81957173136083,98.10598586239274,82.52404774961953,48.415763475086926
37.08528479710289,97.59009136637135,82.99120541177555,48.6827495939951
40.47247079103808,97.34116042449364,83.4102962725685,48.47731499518751
44.56653801881764,96.58607023640205,84.00510935729258,48.674623676805844
51.0594556418559,96.97080617905615,83.67289673847436,48.700879163667146
56.39653544777999,98.22430189305001,83.11418512467306,48.14690818913248
61.07372689750674,98.73383321985341,82.73243463336165,47.869943986186414
62.55150554736535,101.17066189548684,82.60201876354554,47.301652674195644
62.74668712058577,102.72475483674205,82.39997732673758,46.915873894270064
63.7831646910044,104.4557382657459,82.21134614048253,46.39690568395222
64.07994381101174,106.21949427187704,82.14600479890916,46.08649262302963
64.93519649793566,107.71075772060068,81.56057548058807,45.73089071719002
65.3503818688981,108.0323190188928,81.22108513860557,45.81644014819366
66.79091213577426,111.11251157161152,81.42351402288304,45.54965312243765
66.23672575880968,112.11388595773826,81.03727813614141,45.873150850199394
67.13779686831137,111.95048124938481,80.88026071019071,46.5143541150871
66.38189810832415,113.32648934764283,80.71255109382025,46.712435002616445
66.14753992883745,114.317043007371,80.01190049703652,46.99035826368075
67.13336921875819,113.2200413051146,79.79299159866783,47.44514438685197
68.07550899820271,115.78620356176376,80.19628203947359,47.21146813557762
67.84974315722005,117.43078495766454,80.6157782328036,47.45042133155373
68.13806467369072,116.63974571681386,79.93273279525593,47.67110659998301
66.32488525288605,118.28469580863064,80.21367175313726,47.70346655772212
67.12592586230289,118.69966755041654,79.72888258085048,47.944103914261134
67.83079812641935,119.57900691580298,80.40768814340737,48.27053227157724
64.57379509489925,119.955377438091,80.17091648504254,48.6699724947395
65.74003919770666,120.15462232876502,80.40205552246971,48.825624115636046
66.83403042491565,122.5286593666263,80.61954343929807,48.41847001137955
65.7355927302505,121.72927486500045,79.47002023663313,48.565176407819735
66.84240204166494,124.28480116472075,79.19402213439598,48.01773960732933
66.79326661658504,125.18925239553906,78.58100226743086,48.077079290277354
63.403017054901184,124.2016521581628,78.0326048682766,48.43794708909604
65.5410775550905,127.08843552423605,78.29279454065798,47.98051433293223
64.49500546999752,126.2210486108466,78.06959318510233,48.44633948550915
66.02415934100355,129.24971649509166,78.40474214055428,48.13445516736694
64.0486013832787,128.42305906978015,78.18127652829403,48.89446751774199
68.29600572969983,130.5261197468226,78.05201024725595,48.665486351874286
69.39257786627688,131.81898031162328,78.2736468292807,49.04399742861749
71.51197920559733,130.86002591613638,78.34596323022963,49.02239623176017
73.7211170423565,133.68263836321714,78.67685786005602,48.58196717500099
74.94641012511528,134.13032739650146,78.93742257916678,48.998498187984055
77.05884067233691,135.05076254536266,78.86679494038147,48.48138327375317
77.37839873307092,135.21204037147766,79.21894024154754,48.79144515473014
79.53748459137714,136.69903011500006,79.42205405884016,48.509071474036034
83.49903188580589,138.9877976704645,79.22618286628393,48.308750794869894
85.8891554937674,137.91070578767253,79.24578945208819,49.085971898710625
90.49309921447552,139.21312411866288,78.93866266130672,49.313665496815965
93.69713039495974,141.6466758193761,79.0008628278041,49.51233033727184
98.63153284972189,142.29916673161608,78.32569862720314,49.826014446400876
102.36450721443899,143.37128506412347,78.55603991394328,49.95845491303895
106.29397757309115,144.11098608961512,78.03590296479689,49.98258384121215
110.69073835872203,143.6984211311562,77.91676360331296,50.07719428457726
114.73850758940128,145.28040509986644,77.96412370152477,50.26464698810226
118.94532575757691,145.39542380255386,77.90137180273456,50.56624969512748
123.27261982977716,146.30072382704805,77.94383089191561,50.392043670034376
126.21078706072235,146.60529185693463,78.37840903912556,50.65585834296914
131.438237216034,148.96499126659083,78.14393910264778,50.303176385381605
135.96604108723125,149.82201893767876,77.65880312386415,49.993446886063126
139.6175221802348,150.78948541434187,77.05160357213433,49.620541744741
145.07802468758103,150.76979853407647,76.33709479615038,48.94760101876818
149.0277341589551,152.73746951910488,76.2929614979335,48.451000017415566
152.7604944719862,153.07960189124984,75.58915771452267,48.23464311909965
156.89997582884223,153.56845895724172,75.3833313304615,47.628814704031015
161.10222718026432,155.0539400913558,75.44280930236098,47.20536925861782
165.33255432346263,154.32428225637287,74.95006387521727,47.28632918708278
169.80197941956965,156.50997926737455,74.7070163716019,46.73161774221262
174.2214294528101,154.95037038557,74.01844684863904,47.06790775428054
178.58263933105474,157.74858722280118,73.73313417833138,46.581232456893446
183.43196078152144,157.1493826169931,73.58833000725639,46.80914829225451
186.02103092467186,159.2080892370402,73.67833623584814,46.499167465261486
192.24059466823803,157.63038778247235,73.50205474175779,47.532542500404325
194.72529519139795,159.95554823371992,73.7658881009555,47.347321409463106
198.09978829713458,160.50770338499595,74.30994407240459,48.1601216692356
201.5791223230122,159.25086081652037,74.13670311415521,48.94833948192985
204.80077148313023,161.84783508177236,74.15922653693062,48.71809363010631
208.26283906163832,161.39836704062398,73.76025789145012,49.56371139069817
212.26750684396316,163.35169032816506,73.65308487868032,49.33603610620442
213.78036017666668,162.65394861721924,73.54101084457515,49.45116157120975
215.6110063137857,163.83272117931068,73.73561504326801,48.87482579665912
216.63604258167473,165.89541525476716,74.38842479737643,48.17397077448457
217.9785797030779,160.45345788198583,74.53547931776892,47.62710129458338
219.43066473823367,163.6548998262617,74.55814454599562,47.28088950228406
220.43041308171507,166.39788982957447,74.42886744731257,47.07388736659973
221.9629777855086,169.03716132660713,74.21223781465834,47.026138325476296
223.21867241969005,171.32931493572588,73.85924550560026,47.01358127127076
224.38604469980618,170.95938633374826,73.02689240292571,47.77293763743804
226.2288871899496,171.708082131078,72.6534046310434,48.67762157187709
225.11389684935943,172.10189201757495,72.13213289942769,49.04948654295511
225.53603411485574,172.55088216796446,71.82804310468691,49.11824977101899
224.28228801584532,174.57654844097027,71.48596765095905,48.93020419705329
223.09956030422433,175.40808652430317,71.04233126778934,49.113635937301254
221.62849673230178,177.07723408696484,71.05226656287955,48.79456497884804
220.39709547382205,177.2764477399861,70.9049194578755,48.850655067109784
217.86759242312164,178.1022844315557,71.06506605839134,49.00541524243466
217.59597356381192,179.4857130067138,71.60695378256365,48.81475214004625
216.69579225432068,180.76975460720772,72.8568814545323,49.02876556343283
212.0120315402357,182.8664546256609,74.16543624604452,49.03454088434505
212.55335717726624,183.45076867499358,75.27282174566511,49.16216622844401
213.44932011176212,183.06676718718145,74.8095366952692,49.457620600056735
215.35542644844674,184.26480145647767,75.06716540678772,49.8515648979206
214.23149883876653,185.38889167210348,74.94581682022462,50.64609405567349
213.88699281764144,186.35877788697147,74.75242727689592,50.35397651695159
213.0379036694796,185.0366889501936,74.29318469957764,50.055452335529964
213.58530643584464,185.3657450586071,74.84234262300139,50.118420660313646
211.9690111447196,186.426016220567,75.31290141165715,50.285261892759806
211.05100876885146,186.0855221763809,76.05415015619887,50.098038771358
207.33516212536256,186.64462073589686,76.51417519976852,49.63720107357926
202.7677728093862,187.2910747028895,75.62498704247561,49.36339809717456
201.104923456856,187.753762179729,74.56962419358089,49.274531238760034
201.3079851767479,188.02302919318203,74.47718760148388,49.49966843120286
199.87467660687318,187.1852088658915,74.54833545717572,49.99589791291708
199.4950188553051,185.0909867044266,74.35670832477571,50.11155971936739
198.75377903366433,184.26383531264955,74.9912459137855,50.20011238085119
197.15592596468696,183.3983212774673,75.33339541874467,49.827338485502196
195.28781861844243,183.71990788061515,76.10072421264366,49.868408242997354
194.51866437901344,181.4121783863412,76.1798942980995,49.73790842646104
192.52312968701455,181.23409339370897,76.49254742996106,49.380934943822346
191.39374779017072,178.85743406873536,77.20223252072209,49.67602119096809
191.9374904764656,178.63275545756798,77.4481314235687,49.24267159233801
188.78365468185166,177.13630182286687,77.9221848487341,49.27456864407362
188.99802639570842,175.9021395641024,78.62729545258338,49.5367590807157
186.151139616296,173.6526305603907,79.0981447789253,49.83069276425608
184.7977468391321,171.4138586730067,79.50133002197384,50.20161431993837
182.3270507432401,170.64484419409285,79.87920750428513,50.118752779604755
181.24005632686683,168.96921269509113,80.04250302534042,50.42746735956315
181.56760834273558,167.4484369137979,80.15590903722396,50.74963806658929
180.78672985110643,166.16679639497198,80.21158789643596,50.83619877114175
178.87012368324514,165.95304859074716,80.69644827674469,50.77783987309881
177.9134908825408,163.73595586655935,80.59746607732639,50.833908713808384
175.79078177669643,161.40229800843667,81.17289875625447,51.78249302670295
171.6461875890842,159.9549928297714,82.85496137235418,52.459665163055654
170.49444908864325,157.57843386404545,84.06006484094084,53.24686097727432
170.86282762285205,156.41752243138183,83.71450783813604,53.822566131534344
170.76945384170463,155.23552857935513,83.08660635496352,54.14714586706661
171.73544374442162,153.9955567237555,81.95217687015484,54.56730421220756
171.06538960749907,153.4665207411028,80.92240852084629,54.51863248416119
169.2662647226826,153.3987846389486,80.77984551200635,53.60587594777748
170.1731258232577,154.7234137310723,79.70123103075434,52.693501999865845
166.60250491489685,152.60692468762542,80.0388773045683,52.8053987345257
161.84325658901307,152.33291959243056,80.50995631564983,52.69028895316324
159.53698677911146,150.68206422219444,80.84272556115495,52.92312533450461
158.89195993500783,148.87821316499335,80.75213933866428,53.35675685221183
158.80622415538176,145.94623156276757,79.86466703023305,54.07176947988118
157.1814899482124,145.31776109464985,79.80142658989645,54.13932667092312
156.12355646566346,147.69699016965075,80.24793983146836,53.66137894648896
152.39766112596823,145.65599482775247,80.66487657561706,52.904686978765774
150.79567338659842,146.51413515692374,80.9679705255023,51.84810766777427
146.9313873315466,144.7821412308324,81.21959199015916,51.11069476312107
147.61881347051113,145.48602919493936,80.92123607491631,50.81640166781576
146.56056276604838,145.90259828346024,79.92684518800439,49.89288645801716
146.2524544530794,143.7677737483985,78.47994478665964,48.88326583285867
147.59753918484964,144.22799994668898,77.49460763856412,48.436356037147846
145.4862414274291,142.46023522917662,76.81593276384828,48.32965305411227
143.491357929882,142.48278197175966,77.0216886333779,48.506645193879436
139.98673736351628,141.8452278902645,78.28596182863986,48.736535604413056
138.3226825772561,140.64145196874398,79.39885333399104,49.22749091558616
134.52518747106654,141.36639404020264,80.79936408088557,49.32526318956184
132.30890572590468,138.97572984515998,80.79795759669143,49.38983380529413
130.78724769922243,141.09107682966504,80.1589625920115,49.115039313288996
130.8914429738217,139.19193830552882,79.96355537799501,49.184794537678364
130.62859297297157,139.043170604551,79.45060522462784,49.53586857500717
130.3013598114852,137.85946327462696,79.38716411885915,50.00180112960008
127.6144927368046,137.97999687016568,79.7061621308302,50.081172979183535
127.7959640504559,138.33237713854015,79.17303878045652,49.99031173299625
125.75382375900438,137.85448986029527,78.45874682307634,49.844142081340856
128.37113991766037,137.63975285511188,78.31707152557027,50.30087310949892
126.26029310448922,136.33046015134627,77.32654305260839,50.32913125415174
126.15311147761744,137.3932506772313,77.8740983270066,49.91131852341898
121.57872960579186,136.04128665565352,77.63009893284038,50.21206167582743
120.38397146943541,136.22362559984848,78.93155387285067,50.481292118831746
114.21821670437195,135.61181989028572,79.25098797878323,51.015522713391356
113.04594081883242,134.0952566489283,80.05072385192071,51.74682343431111
109.3462851584708,133.47815025418384,80.77876432532337,52.21193674984683
107.18097641721705,133.55611033679776,82.22491992810066,52.19881469546169
106.23557345210077,132.5691398388846,83.147059126022,52.255812260387444
103.05301786849736,133.1249864859364,83.95328567256227,52.33064860266688
100.06546722627078,134.40089136454068,84.50607612785285,52.25652310487299
96.67609019856796,133.71828145507274,84.37196978973432,52.11932416732391
97.7203832169726,135.0323742675729,85.45298996172632,51.81481107535886
99.74284698566616,134.1169656948373,85.5248436590804,51.62756586769594
101.6138532747976,135.6408245198597,86.02850664462979,51.35709779231236
101.91927209776111,132.2374103812328,86.22391492174508,51.39617342216626
105.01098429067461,135.13337864258872,86.56904259127694,50.998815356333054
106.9551000995177,132.1125970069816,86.65972881073371,51.19702392555148
111.82650062782895,131.7432457292573,86.42446941060537,50.8932526879703
114.8760089417744,131.81107086142936,86.13650510510215,50.87171753515602
119.8652154563927,129.72933639192968,85.32292800573614,51.00180978042979
123.80071681273309,129.85518383843095,84.92258311852535,50.72811166144502
127.99461734170563,127.19163762407216,84.0764976825285,50.60987251667629
131.44075615571373,128.05038549948097,83.84018729007748,50.29880271877004
135.26066457786985,125.34487067122386,83.54682411245227,50.24855155253036
138.55739624805796,124.84042253873,83.26335403913536,50.22447572012123
141.79134456083253,123.49028851824357,83.4189472703062,50.397495140107125
145.11637368294757,122.49244575573206,83.56942947331123,50.64746778881028
148.16753013680398,121.30717741661485,84.20666667927642,50.80407839015567
149.3670579528394,120.02069029223232,84.70240980285132,51.220607850941605
153.25405143638184,118.6481503499843,85.26243963569316,51.489808066248166
154.66479708387595,119.90439119515219,86.03191122751525,51.0090474910247
159.31810411655061,118.69482031690251,85.80925197326215,51.26559063759975
163.1719040409588,118.65536319029206,86.06434867672235,51.09540338613716
165.70927017011834,117.17209749530917,85.90151312403071,51.11721999148074
170.14265147240855,115.55916143464873,85.64751678531947,51.34023275878248
172.02431146803082,116.56063153022619,86.04800657038106,50.987670318024264
176.79031670590092,114.69674007408207,86.459458466467,50.99412568705383
178.48369739570472,114.4777886970335,86.82517115645479,50.85699346514542
180.54391346448554,115.05592831887844,87.32613603732574,50.437404563881834
181.0854335409596,115.12593315495621,87.99194706445422,50.43349651013547
181.4381008669918,113.61697101351675,87.89980020230684,50.54225350328049
183.9922705751362,115.89943075170278,87.81305817142453,50.21994162044481
183.85409881172345,115.78243875570496,87.90341425551817,50.31307520257509
184.90560102846905,114.62831163022727,87.9579115195672,50.358422186913614
186.09211605223012,117.53702227368017,88.63358824198832,50.345961627699495
182.5497916004353,115.54846644561408,88.09468339267877,50.38565005461413
182.59298005350234,118.78922280235118,88.62329391950138,50.40848991072003
177.33606288846772,119.44789699188726,88.36818160192661,50.45111973065298
175.8729939404157,120.548829644738,88.54470025250146,50.538605173013615
175.74890620457847,123.10820539364731,89.037461372355,50.78981875164155
171.13381785510796,122.96425711134907,88.74002157044151,51.03456054386699
171.52703312456853,127.14707849320408,89.00225405165433,51.1261712362727
164.4647885405974,127.9663700889594,88.53746976683783,51.673252460121546
166.29818478294783,129.88387996208945,88.959231187624,51.815885025186496
160.77331381669984,131.67124184317544,88.76845931854528,51.779735481764504
160.5067122742435,132.85653455571205,89.21147861641006,51.82204478249088
154.03174806503438,137.2538295669343,88.98911814017501,51.5183986687378
153.3317090754603,138.60507122063015,89.24814446927584,51.411045566500476
148.7482842887016,139.84580320780424,89.21572856275176,51.363631913731304
147.75621681531896,141.21253851011232,89.69457753119981,51.2811465500514
145.2884094673123,141.36412942932915,89.5037707756445,51.23400522513324
143.89694178122568,143.19197721069423,89.04847186627785,50.913000233234335
142.81578453674194,141.3167150759846,88.56186295818108,50.630045765776174
141.54198230306346,141.73587611036388,88.57519904632666,50.46331354839701
138.72661184500961,140.5129686962526,87.87139291958766,50.24215740837309
136.57913530704198,138.58572713350327,87.24783079013963,50.030672497220166
135.58565259986977,138.26001097217394,87.46753696433359,50.15650265799453
131.24219191178375,135.69796395392885,86.74857550511747,50.43789907409284
130.91316103601292,135.41946946212465,87.27876185408937,50.4000566506311
128.59939237260278,133.15195104517773,87.16343838684226,50.735628686551294
125.3165453014289,130.57429685113385,87.13290536015313,51.039539083458635
125.7719767787378,130.08210390178397,87.28712674372352,50.948829805461614
120.19545442424058,129.00755273070777,86.57012292976873,50.82781152688646
120.33515120639368,127.15468440652708,86.565508893842,50.72176319256658
118.55054575745424,126.70680400165335,86.30589050323817,50.766418133497666
115.64386890636857,124.26002875717867,85.90923033898497,50.72827745270826
116.17054015520517,123.90138243806021,85.91924829396372,50.71039561384481
112.63579364345149,122.82560636045285,85.85684768267495,50.67392038716255
111.92697903295856,122.91606857720055,85.41158856747919,50.49256550941169
111.01365245711267,123.6554940097896,84.94715647594587,50.333717319290045
112.66782232067939,124.23948865644887,84.9020885574367,50.37188213401898
113.05302413149576,124.61896439942073,84.88633844923548,50.50658827279679
113.93543417570864,124.42754510044124,84.98965345545238,50.49920688431703
114.5683003067616,125.18101411607168,85.18309594558187,50.44120769964429
114.93870769815219,124.77239317501693,85.23487893349161,50.51745918143945
116.03769929649118,124.21347575745605,85.43034671223171,50.516013439855286
116.23949354612635,125.2103980565951,86.15410747043055,50.59295031092226
117.07673458416886,124.13734398850886,86.2675986790669,50.90304071924287
120.1429167086726,123.11445414628066,86.04940994046592,50.890735438947075
123.1218704459435,123.53498469087444,86.09702185603034,50.82776923749299
126.75484466740096,123.67895512108159,85.8347436287221,50.7624453774201
130.60972252598827,122.65232272665934,85.41564447816735,50.73522577600583
133.4732353461926,122.3764788894211,85.27357262270132,50.60918336701674
137.02931707051914,119.20789228407124,85.3548376904362,51.091257853351216
139.5431331575111,119.40382620830236,85.60718236123982,51.10947139145511
142.63570794298843,119.4706606046336,85.8374790717183,51.18946565528547
145.2236291251302,116.47244989435491,85.85282838071355,51.436432577551805
147.82723370770665,114.19510946849348,86.00441771943639,51.6970865776206
151.18318504028423,110.78195339097097,85.79934479289815,51.99401507330284
153.7628894962796,107.75513624384263,86.34297361970748,52.323708518255344
155.7092553082083,105.78880173215907,86.32809586624191,52.49150379856518
158.19422479057778,102.3515776163075,86.0760624228958,52.48055841073099
160.57046882640927,100.00429785382407,85.6852071751769,52.50369545416097
161.30852045075153,99.81591707787463,85.8384754503495,51.954704068266125
163.1429699251693,98.8691605418293,85.47684369053987,51.3844033586185
163.01117812016236,99.15005057276635,85.14620946369692,50.92649129695374
163.5040846423377,100.06185690998402,85.34239789086571,50.51774495075783
164.1928760902784,101.86310643860202,85.51084325140063,50.17735970310741
166.03043840827866,103.74926916916787,85.4429213837259,49.87055319339171
165.71072794550048,103.14177119581932,85.12523238115112,49.88483538638858
165.90366182854933,103.82560616328814,85.37378989753176,49.976404576702706
166.72666423029347,105.22636174590676,85.49749694611717,49.97406080610353
166.81771047167902,105.39754270197378,85.51099044435746,50.08546440548223
167.69176538834625,107.21732551236906,85.40771000345615,50.208986534172894
168.3457469421116,107.03930534104659,84.50825165023039,50.22879183043111
169.33570608015177,107.99524324903834,84.32834858525534,50.48099162746946
169.79922102550714,109.33206040429324,84.14081337590295,50.51663089369609
174.7097024218613,109.80866354411144,82.30258049499884,50.83618548213221
175.69320408801138,110.46177225650897,80.62460926432983,50.82806328362501
176.6548148816878,111.55968828809341,79.654933843397,50.29706130907151
176.76142754987725,113.57069389117564,79.90895965881822,49.69956296606624
175.43840942364534,115.40727540868008,80.35977329508637,49.08417471323815
173.8187962585334,116.20749640229569,80.421489125356,48.872767950921485
172.98284357920176,116.3620178131905,80.39016159961224,49.18743737078148
175.5178034393017,114.71343573328065,80.06210083861039,49.79549935774965
175.0064788336701,113.63571471672932,80.57469194488166,50.19382519231253
175.34436014510192,115.08040812007454,81.12852879787863,50.39473513092242
175.0815497521678,115.2493697796981,81.13416700737659,50.772702398051464
174.7673398905548,117.05299134262147,81.87246229040944,50.580157157718055
175.05693389013942,116.67943408321415,82.72967208214905,50.76810095357125
174.56162456411755,116.46662545156603,83.46642900886242,50.808825037927676
175.39784713614557,116.96636097820412,84.04429953100508,50.57805136567109
176.0933996560246,117.60434285836072,84.36799866376296,50.30401831901145
177.07588912136848,118.29325295649973,84.42277390444661,50.177797196143466
176.75499255338195,118.37773596447917,84.79194552800662,50.05854112237642
177.56879665744663,119.10124367936791,84.98793498947876,49.98541025127662
177.13071269108164,118.27540928703174,85.41240199638167,49.98856512279436
178.363934274837,120.2220829720273,85.32871959203932,49.7566831592211
178.90490955475792,119.72073856642425,85.33718462915945,49.89424220157877
178.1106980708883,119.67820613714062,85.49497452881396,49.75465034415693
178.01028607717103,119.96979579360126,85.57533243296027,49.77101978831188
174.4433415079684,119.24095917084493,86.11242315141318,49.7772935882908
174.17970378949633,119.50098994907174,86.2554091150621,49.972705445304584
172.9200085228896,119.76605516577428,86.42414743041057,50.08014473741299
168.44955134897793,121.72937108080075,86.71834184567776,49.688908052776284
166.58904335064005,119.20877911962836,87.02954205408446,50.07191507616477
164.01859212851346,121.91986334128359,87.08796216038598,49.79082224396883
160.57644853599214,121.61363084426341,87.55930979693616,49.690660482771605
159.28319829031264,121.89811490013122,87.50281850706047,49.613911372090726
155.9545712141969,122.33912190511924,87.6511643875024,49.44174958074261
156.22080593869435,122.22728537983231,87.56016100176848,49.21981493931324
151.98417683119732,123.05169702257979,87.68488749374009,49.291872996706154
151.81227742093907,122.76581764740088,87.68104448858065,49.154570362862934
149.86936238987457,122.61240443764689,87.50571493996136,49.0248946237291
147.47796498286695,122.9718372267514,87.62413063410354,48.97676500075839
146.64472536484894,124.15704998890716,87.18107346076152,48.92109157834509
146.7963822318914,122.88386655134003,86.03102341476401,49.10013863116794
143.70425433859748,123.24192596287435,84.73926220306092,49.116689340398366
140.92289864928765,125.9523402503133,83.60570311582974,49.35145606810224
139.6241687546668,123.74942553710757,82.58523988375488,49.93918218106766
137.01613926235535,122.56492015498658,82.05773235531629,50.37708840448474
133.67747972783786,123.00500409675192,82.85122898325015,50.0429892489242
132.6575906471016,122.06723354038242,83.57190426138375,50.171519534598666
129.00620747075385,123.2511215850335,83.99360381491545,49.77449711503529
126.78003260435656,122.87949638412488,84.62220877384527,49.52699517748941
123.91819371013497,122.71668835172396,84.99044308465783,49.41457673763924
120.90802660681057,124.73337512933567,84.76207190419117,49.1975810606049
119.30882060894211,123.12449386218672,85.04381691536997,49.42364580666427
117.75878854452858,124.12121541736978,85.03002449016564,49.530552122567684
116.46070681050045,122.22521907353092,84.66119901130725,49.759637352893726
114.74403109136281,123.08217603550926,84.80848272535464,49.75242828390225
110.51471013301204,123.86209134704838,84.32631539217823,49.59458855132695
107.84752720064613,123.93120266743846,84.30337096180509,49.75638073422195
104.68826099506359,125.11733539079397,84.44355864640765,49.66585666820246
101.31874893398677,123.57131975398164,84.53042117035575,49.48105726860934
101.71079378062109,124.9253547577373,84.46351524583633,49.47580422429381
98.14761054717505,125.05021762632656,83.7072041576442,49.14698876358787
95.33468961643649,124.90198784924664,83.52092510466207,49.24081097314893
92.33171869709544,125.4823036813502,83.17008784483343,49.20644638448045
90.25352595524522,125.3938403402936,83.73608526891778,49.385186016486735
86.93483602568791,125.35564123292198,83.45043951996965,49.43092389998071
83.66315844420447,125.08029118362604,83.23133874268996,49.42945664255833
83.84587787306114,126.3811514392575,83.25322800306247,49.48936819230008
79.33936054170374,125.1391685081057,82.8073774729062,49.6000871464158
77.61258434038915,125.29781031180164,83.09920626179635,49.62148186920695
74.03815208455066,125.74944071259954,83.10820156036907,49.5804378382601
71.20221470789926,124.65862444412299,83.40299158161622,49.95582647872883
71.40716452986828,125.80367334168051,83.68165677465707,49.928527946614295
64.95456571142523,126.66582434855289,83.25737900871115,49.6058706395956
62.77029788844405,126.81388538265452,83.64864142888922,49.65283678102139
59.74767171257753,126.8993241927425,84.31909929743745,49.748498168270736
58.33003161663822,127.48737155618075,84.510569932355,49.73402012440053
54.89294190308247,127.66531795674479,84.62596411166376,49.67785023319982
53.08400214114572,127.7998150421258,85.03492005727495,49.57829771771601
49.90324398105012,126.84304345717183,85.2249452313785,49.70489482935061
47.839390607766454,128.37317151363624,85.41231813471462,49.786554276190465
44.26271575947713,128.07330047732154,85.23673077761285,49.39445848966612
44.92967828533,128.68578341933437,85.33212784943464,49.303299549533875
42.42090020751587,127.80097276882645,84.5849888375214,48.88353400591473
40.33659612731605,128.11354481059004,84.81329176491933,48.81654069066758
37.68069233131936,127.32231529793327,84.77639501883898,48.75507738703215
36.46727766363922,127.371031642552,84.95766227763065,48.793703758487496
32.90707023910592,127.55460753865535,84.97398500557298,48.8742377444218
32.285666117583354,127.277934873901,85.1743494963293,48.94593483741735
29.03665880416984,126.8044620815907,84.99929798393514,49.08178560153854
27.95572884544461,123.83359564434838,84.77366071472483,49.47049466086816
25.26472210625166,124.20439653217824,85.04861519118812,49.49534334993393
22.632559753580956,124.00575305342474,85.08992029661498,49.372099785571265
21.962552398161854,122.10495635806197,85.18418314969561,49.503105875042536
18.4709024777777,122.5920513317194,85.23011841221685,49.709409640152884
15.589232352981597,120.94686273023244,85.16119042374143,49.48915790445189
14.927568724822677,120.30569960942337,85.24608181561072,49.40977467055276
14.63326566571456,117.87826033447989,84.97342567195943,49.47622062232571
15.846009998700275,116.14742708198936,84.93370017432296,49.54446190109521
17.074319218835996,115.71788099202658,84.88420005451661,49.51053124576612
16.35841551132561,114.97223152494803,85.10833225095523,49.4730343415672
17.667761157112473,111.21242307347077,84.76156617033426,49.70738579881247
19.091945289297797,110.73056701565335,84.72418370956774,49.38116959737734
20.092307456799446,108.45468781050201,84.68374849523858,49.40971509798152
21.317661566582416,106.33302516470641,84.75044936190005,49.63287399247799
22.5486209058665,105.66120807332166,84.87580928783933,49.44097093235809
23.232665903585783,104.77251559122237,85.00291432356684,49.37278604754236
24.483785263662213,101.70388148948054,84.95101015236418,49.8666917289008
25.30137580250205,101.84406297162532,85.0694260957874,49.818499122911454
25.254811187886148,100.66326053320395,85.40064978896365,50.040186387678375
26.11570242628656,99.84212409250094,85.44422993251652,50.06421569398826
26.42157489531352,101.01261972995184,85.20087555461275,50.16425539824297
26.040213449990596,99.53263952167865,85.51301060637043,50.34253284664972
27.52537954769251,100.715269258564,85.28755765672466,50.375128177871666
26.457670784642914,100.38006964790848,84.73291575937719,50.12317943632642
28.670432286616837,100.83140487209256,84.38175074187954,50.00540369277697
29.48503907463394,102.17303343961538,84.21932724591584,49.82945909397097
29.184536934688104,101.93488705404343,84.52453668118012,49.71693569919079
31.7231703836775,104.29326499943245,84.71150146502507,49.497002642427645
28.04154051754771,104.06097905606309,84.46586303444285,49.5749922738029
31.47508846238449,106.45700296732875,84.51254020461425,49.42863203138023
31.881499005163633,107.91020920044602,84.19098149536441,49.15325203203412
32.12013025198114,109.2893005042541,83.80295431496612,49.148530785349365
34.78932405723294,111.75564901539667,83.41230964345787,49.03478298562892
34.42213853763198,111.1937582966916,83.93039828515117,49.09465298505078
36.46439796610968,112.77227732491903,83.87782084207517,49.363184939734815
35.9667200335789,113.2706852032839,84.70176817308673,49.83687763923524
36.36946180137848,113.73119440745157,85.40435760978525,50.18974138154992
36.453286578049806,116.94613299085358,86.20566309642062,49.83082616695536
35.332459940716745,116.26434160054619,86.4817851411139,50.04323452149137
38.198905127134886,117.02476571690556,86.78197963766239,50.2908601523743
38.77080540855553,117.87714074874529,86.8682404866787,50.282601568568495
40.2441416604479,120.0761411279885,87.47686058924772,50.239457301170944
40.8721881249513,120.90112984819106,87.78307191858748,50.10944252918472
41.17224086990121,122.26901990438591,88.35771151154289,50.209298078873864
41.928274695159956,123.58739122404097,88.63976155015808,49.98419179210282
43.46637101807296,126.3164768937531,89.3802977346696,49.77545587748325
43.846462984190396,127.47843392188828,89.2409380798357,49.64638249084484
44.79361520277408,128.3859741472092,89.14714321469745,49.436777942760415
44.942121148549916,129.76995111524892,89.14167251210108,49.30040555155706
46.12657591944831,130.8729750569687,88.87273998675327,49.131359516338314
47.277308076153425,133.05847195003545,88.6000413517488,49.054280525126686
49.95153245134766,133.2941320194547,88.75050970417405,49.07466154218909
51.698909834434325,135.2554579601459,88.87652300822167,48.8703440972234
52.476386698436684,135.64463246245575,88.93696935612942,48.95347723600577
53.65352070134672,136.69417782672068,88.94670906171987,48.86764782568268
54.591939601312305,136.75169571462084,88.72404415912757,48.81328363270041
55.560751532647316,138.21595190555752,88.83081669690921,48.65464010153508
56.81532488866776,139.78566168464954,88.65344326596573,48.5831269230507
59.1967921563182,141.15178763760795,88.2489624812752,48.701798078504716
60.63639021197589,142.6278344581768,87.96283139338206,48.78867300044685
63.02169858423731,142.66109126717868,88.91719023479672,48.14949327383487
65.72930776275852,145.2759625503257,89.44889084214029,47.039146440420524
64.41076480900416,144.88744545752104,90.51270237564083,46.12016002284989
67.54908520009782,147.2636545330182,91.64933492795669,45.90566425421023
64.09997222672808,147.75046823588687,93.2610513608412,44.368674965309474
66.39410965546378,148.1892057346302,94.06438521842716,43.03296085949873
63.98093702675562,151.10839751809056,93.52756128257566,41.39745433725581
63.747638033530635,152.45679246660396,94.57716165750296,40.50751320464853
66.98691971947392,153.37554119346103,94.43613319009638,40.545206962634815
71.20445822508836,155.23066393510686,92.95981548672881,40.536475246585624
71.76882368631385,157.55335791503202,91.76733501995533,39.93396734502388
73.40659522627539,159.34737432771465,91.73748180895926,39.6727568005424
74.97999584622526,159.54979148370205,91.58518883550849,39.86355140578482
75.13045647547358,161.25244091121388,91.34943964578655,39.368710877100916
75.36998901985434,159.91495579053162,91.74377274180134,38.969320747829414
80.62640907976666,159.61972260157378,89.72309341909586,39.41318836943178
85.45988096984223,158.62856132874242,87.58812204723937,39.98715246039025
88.82904144748046,157.53191475319073,82.57821002464877,43.6968820691276
92.48392117881906,159.16096153813095,79.6946237721156,45.32549437464387
107.25506211983563,160.54660385063616,75.69172291730418,47.14678482287565
118.13899033669051,158.68487346880823,72.00286886396547,48.9079877244404
109.44123957257241,151.7808802663636,72.93584025609327,47.68858555663684
103.5970730903176,144.7982596073582,74.00215631386466,46.8402740182023
102.33001012311279,151.9684270556309,74.61760515667575,46.08500400965738
103.12500904452841,152.20612653891766,75.64656173393423,45.3993944664304
107.134472008199,145.7391228166424,76.395084231886,44.77744220944284
60.76269227576219,146.4625562650649,77.81505055711119,43.80272417805918
65.70837414508253,147.58415248860024,79.71660502373174,43.220363301613816
63.67369023570289,148.4156188384542,81.28323627404009,43.00002548773198
78.17541774044787,155.7684656558159,81.4300059502191,42.35010177335774
87.8877853383008,156.01062601452955,81.03055456798978,41.39013894105273
97.03264215829668,156.82996471976995,80.82589914027828,41.520586872941
108.21167509796422,151.10634058573794,82.3205516142147,40.868318272413745
112.5281566090238,152.92169272989184,83.87075604967613,40.35738737201481
114.36391480039251,153.29033852098192,85.21231692600242,40.053633720084875
125.29881339761266,152.37521457202902,86.90397450451132,39.415369082895424
131.49128365728996,151.59448700994926,87.50681360246631,39.097106141793134
144.19729856510656,150.5630444811562,88.02820587545615,38.83062785327939
159.02879484029552,149.6683698840602,87.75808518176768,38.646569421319334
163.31239711825089,149.57053741838388,88.63038715661867,37.55077503069628
174.97579533106435,149.02748155229796,88.73382945474663,36.975497650395596
186.50549505719744,148.5833898221401,88.58005820682614,36.72826400694392
193.00770063129963,146.87128778588962,88.78730553640497,36.34876310240935
205.56960465238842,146.5790955803081,88.87955813265512,35.82512780398531
217.6431358320998,146.43091543576955,88.55324887076651,35.594193516894336
227.8979956058141,146.39210916617998,87.93678837179988,35.34306343274429
234.0206135011196,145.49801696732393,87.44502109467759,35.17439742094865
235.36972732633762,144.69629409667402,86.40152877100857,34.88844530267512
236.2647803243147,144.2534207722704,85.91932284619851,34.76273689243083
241.57930054976464,143.69233683567154,84.63683333676589,34.85033657505393
244.8090758739886,142.33689658313904,84.0337079736573,34.93257213688163
243.13244062732207,141.84348194883415,83.9680925207166,34.93188458506061
236.0304880281431,136.28227635148454,83.95558612849834,34.89174199252842
222.65662069060167,135.97857603292124,83.6975129269943,34.964787764104045
230.31596863241626,135.15568861280002,83.33619638449062,35.11168150273821
235.3230318187323,133.92253930003915,82.5825070235773,35.34411844346075
241.00659086956978,133.9010100085831,81.59656491677539,35.581814608078865
248.82890726960088,134.95976044182544,80.88061539765802,35.981757636934184
253.37656761057156,133.99256522124261,80.3978578489564,36.24990035261305
255.41526470784328,135.5042940075951,80.04487800301523,36.4804153102731
241.78046985382917,126.72638312703268,79.85489396531592,36.61188633287252
241.37227079009642,137.83869592580106,77.78683283565553,38.64338904649297
248.29658509474686,134.76864836979078,75.78214305386933,40.60278671741245
219.0979283506712,120.05713490410014,75.9083116750773,39.95008809337384
211.80112262208854,126.1156065140285,72.69645743400041,41.96647426499661
219.76550697211925,125.01079097473205,69.65553949535258,43.79609917927716
222.82416322926292,123.37268314922062,67.4550303410506,44.60062679814972
229.3993629450323,123.0393171333469,65.27638116891123,45.23329314373088
236.9941970475351,122.66715976021246,63.564540036049195,45.583928837408465
243.4681601066688,122.42611440970306,62.20357089562603,45.68580749967182
249.86761245588283,122.055476037809,61.017685186760936,45.78022304789569
255.01322891220758,121.77454680805462,59.79130022027845,45.821886678894145
259.49572604077133,122.03102849869452,58.57167778169342,45.61123385378765
260.860534564738,121.77279154831771,57.39320569130262,45.0738095392474
265.12956435671987,122.10341004439923,55.96748608078844,44.75432749021677
270.01809501237375,122.25190952581752,54.12279066379832,44.78707468431112
276.6332844885081,125.85712047353863,50.7665123966493,48.449041628590564
277.42461660350676,124.34421020431644,49.62699165362853,49.694132754002425
231.55265618652757,117.35025155374207,50.24675935037991,48.60018951285381
234.33789100280043,113.49151355729242,53.25682942120333,45.301206994400566
243.26205443806234,115.10553581908,55.89182087953695,42.453855042226984
246.4378901783323,115.84939876323565,57.89742631550094,40.32818785304671
255.7321598515161,116.0454216454712,58.865661108537694,38.91365277926471
254.1315493666023,116.61956927516333,59.40845936985393,37.876749667719515
256.10892395780235,117.66236725405696,60.620269883651325,36.318916599794306
266.680101606843,116.69166167958025,59.76855064819213,36.803776435347466
258.1154686547129,116.25277762003739,60.09749306612417,35.84239007254536
257.3920206627047,114.82187234725697,60.28125385536217,35.23672997220166
258.1187740641624,114.75752654356353,60.43712276770249,34.48859702180734
260.6601257383244,113.50812854461559,60.05167646130961,34.08791386893112
267.02672034524926,112.20845682333362,58.35432823561905,34.68290188089203
272.21412688045007,112.21104867045962,55.43296203029925,36.010273957514045
278.69742596342314,118.37615151331866,52.005676227023955,38.90675284210847
280.90690967492816,120.08364254166712,49.36399128043914,41.622312586864176
282.09719266439396,125.4706833047115,47.459177148536256,43.716679318221715
281.7422434888862,124.21412964906897,47.32725704767037,43.85566329462214
281.21312985351693,122.80424779090288,47.31518993822086,43.86892609924166
280.99682262272813,121.9417992996403,47.2986042464477,43.88705337694811
280.88970029562097,120.77067807804146,47.29144686649847,43.894815772919834
280.73536710074626,119.45871902271216,47.28566695597981,43.901107216555715
280.72334517155195,118.06982103975987,47.27813644961681,43.90938242287777
280.6880424735598,116.69736959861302,47.26588577162551,43.92293536010311
279.8551630901704,114.52087523412153,47.258380630971786,43.93003213657144
279.23301188047117,112.54890970719417,47.25477338526251,43.93324597011976
279.0702210075689,110.09264584512904,47.25038140360242,43.937149045202176
274.31365810132877,107.7745799920141,47.24900087605579,43.937016904080984
272.3681717676202,104.846276467297,47.25087489921639,43.93327954357257
265.25369911082583,101.99201497389612,47.26723667093499,43.91774533280352
261.5906967218265,101.76118296908561,47.31647467189515,43.88523352088179
260.5040110820936,100.75006182054076,47.333103855413526,43.873781550698546
258.8379771286958,100.39251326016765,47.35047592709571,43.86271915844811
256.9268958733368,99.3546964446829,47.36116101509949,43.85688611461291
256.6665152290525,98.37004378503258,47.37237864636518,43.85070491696103
259.4740435336133,97.49627075550745,47.38952990772693,43.83844958822443
260.4117721580197,96.98841564350852,47.40282237758031,43.82771692682343
257.48896443382864,96.47020957287114,47.43629306964519,43.80688560172091
257.4786738623258,96.08124339884256,47.448561306512254,43.7998379507127
258.9824739905306,96.18051836211254,47.45712654502149,43.79467054067608
259.58529406080663,96.21303255770577,47.46548710637377,43.789131187331144
258.3105517317265,95.835595139057,47.476875336616594,43.781828736096415
257.3627706236581,95.8009077339851,47.48327739650332,43.77792204947703
194.4120146853557,156.20096194570277,51.00531844791281,41.04333486627603
201.15002566138682,162.344456331172,51.36630974047948,41.45046936346499
216.24078672055185,162.66763783542882,50.10881601875585,42.707535982369905
232.9941660250909,161.27759241003142,48.565878820810624,43.620663804256914
259.2647257560269,160.1743606723421,48.909711904104654,43.79514104306331
273.44554406701525,163.22799254219805,47.56938418105371,44.79026282428644
279.1068101723366,161.17813648939975,44.86192994282306,46.40703640182215
275.4415793137971,164.1488338659682,44.8564069530234,46.40725913754639
273.6719404975236,165.15517580000943,44.862645730971366,46.401018054726926
273.0689140689429,165.7038119909827,44.86493116927144,46.39869098432674
272.89294905516016,166.6207040645612,44.86703977831316,46.396855594341304
272.11849928657244,167.45803412664705,44.86841367118616,46.39570614083159
271.3127734131166,168.33591312852127,44.87025915207616,46.39400685576445
270.4461520374769,168.54140752893068,44.87143145734119,46.39296518204948
269.55850247056884,168.85031478100373,44.872704078057644,46.39189340804402
268.5512611029227,169.25697694229746,44.87351660727991,46.391080469943724
267.6860972562375,170.00954516842924,44.87466336860546,46.3899630396681
266.6925839652681,170.8102194427909,44.87539472730805,46.38927600713437
265.878667272816,171.31942793320297,44.87590317343815,46.38881671368815
264.5390459097122,171.89209052289996,44.87645093619066,46.38838708788301
263.0663612398651,171.9133422299429,44.87685753594031,46.388083829353306
262.1986593493768,172.38698854821828,44.877350947997556,46.38779890850466
261.17614794408036,172.97743664280853,44.87778853062407,46.38754448968702
260.07161458262397,172.90803650515545,44.87814625199572,46.387330401704276
258.9325132686795,173.0593409907804,44.87895458514596,46.38687495819104
259.2687644829999,173.22851712460718,44.87937631746236,46.38656489014913
261.0990410867301,174.0075051099737,44.87952796115261,46.38651271320882
260.802905970695,174.335648346824,44.879817318684324,46.386302372759424
259.5603150652228,175.06167956391695,44.87998826727819,46.386126234845776
259.3868954064402,174.7158720061121,44.88045256648524,46.38581910304566
258.6580747027894,174.55270955970417,44.880732752473406,46.38564435491995
257.5864010937582,174.7715483446401,44.88097184103446,46.385514349554576
256.16024802069353,174.95251762888415,44.881180714290835,46.38541304894215
254.6199390498752,174.88857136168426,44.881367671430446,46.38531202946505
253.15326721187657,174.60473753019426,44.88154603561436,46.38519889973188
251.6005527177364,174.759625260198,44.88176638856447,46.38508342741252
250.1446944691327,175.03147584405968,44.8820100883781,46.38497059997157
249.02011090728274,174.86229433901096,44.882154251415145,46.38488872147726
247.76339348825218,174.82996218104873,44.88229248531981,46.384810181674034
247.04900810127288,174.75327379327175,44.88243862930402,46.38471524893025
246.100923252158,174.83681242250287,44.88261807503895,46.38460818385407
245.44433495512496,174.3467223487918,44.88273951144361,46.38452593255647
244.47523353317987,173.8406028501391,44.88286252134941,46.38444059667093
243.44217502599656,173.2683224313719,44.88299933971686,46.38434024607972
242.4156385047625,173.32867425926162,44.8832042543621,46.38421649610825
241.52299045918488,173.64776217763756,44.88332263784523,46.38413693230179
240.688686551104,173.12893501968202,44.8834769990357,46.38402038086515
240.12786688599684,171.56036545573318,44.883859381732655,46.383688071308626
240.01856673726962,170.05912837572475,44.88423272484612,46.38335819041661
240.0383438021838,166.5884651569941,44.884248133104464,46.383524902688734
239.3955286507737,161.57009349647555,44.875033927753506,46.39134137436057
241.03130296937834,159.35332213394196,44.87579364015362,46.39056841797024
238.56989995531725,155.57112951352735,44.876584954988466,46.390285957078305
215.2805707348612,97.1869817528861,47.83278398427948,45.733341915372506
215.3569189172519,92.68917649197888,53.548536353781536,42.38298323705264
216.35315268937927,93.68170888650045,58.21371069719159,39.943300441064885
223.6413026066636,95.64346831583907,59.99869511860433,41.1316518712365
227.48839247027794,95.38161298359731,61.176315814044145,42.893740106825994
234.10446756660562,95.60665474013088,61.0030798059591,44.831143051583545
241.19046701732134,93.2028095752523,59.87618016295049,45.803122617409414
246.9864455424131,91.49213131833301,58.46986058682707,46.89154737427476
251.2318250528091,89.2376476979937,56.126734641749124,48.269822132958744
253.63922680061765,86.37385550199514,54.271284354673945,48.625089687645065
258.7281548988568,80.79634776434725,53.86714127007306,49.2068839562758
258.5251865818451,75.76141422996926,53.98891901861743,48.45274780542731
280.982135674914,107.22313518631034,48.772107166708174,53.565514999190434
284.4772309280123,102.33513119020272,44.922194999897506,57.92498236869451
284.77979422906515,102.52243547474323,44.48053523877438,58.53593469362594
283.81931620267596,104.58484909622439,44.46511483910676,58.553080469309855
284.1848224717444,107.00837577372465,44.44711356577087,58.57269104710964
284.4959961928601,109.36190055896992,44.44153615260741,58.57893979738935
218.05635007372885,80.76654211084336,46.86846633032309,54.88867143363271
218.7365728472496,84.32191284565457,49.99086942753818,50.963088216726376
219.96103048861906,89.1513859390864,52.49784003194527,48.535062344651514
221.61051463082904,88.61950017828933,55.663171903164944,46.470905370838544
222.62333800628375,89.83293573885736,58.81710822491788,45.61922085992436
221.85093947676418,90.04669113898728,61.36430723193217,45.56117773535038
220.2267887901926,90.62510543437162,63.88675629441786,45.92499178278819
220.05220301011775,91.33361436645349,66.42223433116055,46.80130530328327
218.16874375290877,91.3197776798223,69.00052762909448,47.49535616134408
216.20178930446212,91.36672503058499,71.23928650824942,48.13586954039656
215.41342668948477,91.6235417587819,73.1802113169662,48.613241623896826
214.32828201044148,92.10410490908532,74.89949578246507,48.808056332811475
214.04743053657774,90.48700351650729,76.21804670783081,49.05107130706973
212.5125163066453,89.72428746791849,77.2510051649491,49.34650338517385
209.83037588276625,91.143665381799,78.20909418684053,49.670840170633035
210.33519955255397,89.96950055642435,79.26019327861576,49.70597149336412
209.27992562316376,90.88085171359019,80.68284273995053,49.785646903679975
204.18521231148335,90.38743623751975,81.48948261251788,49.590295901436996
204.84115146522606,89.75988332270236,82.83553944754952,49.6625469594577
203.63803281545512,90.47373163709408,83.53575996814548,49.61087016614638
202.53835754636472,89.80147707663855,84.21441183975372,49.533382693582084
202.76831158858474,90.69736377460912,84.94182231877501,49.40162571514432
202.14189333636526,89.60803965765085,85.39420182248153,49.4989870418648
201.84832781164823,88.949771769112,85.89689483106301,49.495368748088296
200.9136200461752,88.88082182972599,85.98508289256486,49.42508635156508
199.9193889243802,87.91918709529622,86.10509807080146,49.3070495631767
196.9550219488416,88.8091242141919,85.73624367348998,49.23265244387748
195.0707777249624,89.47532171937624,85.15077160717976,49.07080432281391
191.3389752430659,89.32419566074137,84.87561323860581,49.10198286029544
188.94675904355813,90.00119533458147,84.70623351527637,49.16232174370195
184.95264649960058,89.99236765708437,84.34813082151425,49.202278617985776
183.93606767965122,89.50214290022312,84.65927927943662,49.55766554683126
180.39750714110826,90.06126609439322,84.0617525484476,49.540463098081524
177.33371938734047,90.74016591359465,83.89469657481251,49.5214387368164
173.70057338147325,90.77994605106383,83.227795856597,49.660525941889034
174.39981895643376,91.78892245736506,83.54375923834559,49.53746820603828
167.05557856030197,92.03188413988052,83.0832427237855,49.76772796698012
161.96940173312154,92.86852225670121,82.51737807065122,49.54844386171092
156.8834898988393,93.1621392806884,82.00905933656679,49.61454407372344
149.64560506789493,93.62434297380015,81.79032902897306,50.151091115219025
144.00447116528278,93.61754517094096,81.15037183572325,50.34227260586613
136.24015292054094,93.99542267164215,81.14637263642518,51.13626483308619
126.89097610520271,94.83592692509379,81.56367844605674,51.65354309795718
124.66040916197326,95.51902317814854,81.20017205846779,51.62572556419113
117.19879732278241,96.48267800226697,80.3348978120448,52.19026486157197
110.07370300195609,98.75712015866199,80.30403386428095,51.90070128471332
106.3150280574099,98.89775105438888,79.62603882844655,51.634776571160295
96.3597776537582,100.51560927631172,79.28880747327437,51.98639356809526
90.329146400798,100.06617283154165,78.82939718103805,52.05527517660282
86.36169686607468,103.39507801665665,78.81560202135869,51.989801937873075
83.91970724902797,103.93436120472037,78.95450269176196,51.773404708283394
82.81455780565202,105.40866259725065,79.93096802710697,51.3501725210622
82.18488572934179,106.87262000635158,80.80089316050518,50.74902180961084
82.68573233885465,107.35219811689346,81.86527908118893,50.85753462253129
84.65891994742358,107.47186948960456,82.30226615729447,50.89028600762516
84.05882575628812,107.41693585006615,83.1819258237165,50.79725107396297
85.35283403717582,106.94139950513657,83.98961281609449,50.85331210038524
87.03049720226846,107.92504658992914,84.23208364128946,50.63601197033562
88.45222180484491,107.98664697650773,84.34103035212169,50.57292575223933
90.02027557187563,107.3173314888387,84.68683471571956,50.62759400098434
91.20610399030053,106.93784513772462,84.89769407225964,50.595359628093476
93.38398197735904,107.13302847442526,84.91815307922171,50.498334442338304
95.87738769969101,106.48765673306266,84.76979874210173,50.35234432158602
97.93960473951482,106.61134921412003,84.66083087568043,50.23991335004997
100.18122236552257,108.35887325517774,84.84522438877113,50.12373265570613
101.84794737940622,108.638589286276,84.97555762516399,50.12630873598092
103.87849622441712,109.87357046526859,85.05607246489683,49.80343180623366
105.01196925458447,109.33106745091013,85.52869940642368,50.236884025307816
107.75275898721326,111.40921940795688,85.63674339239904,50.13987576551117
107.5825996811132,109.84403545501397,85.83017616251428,50.674631145457056
109.71506418043128,109.56839981556911,85.89337502490105,50.845380888473365
111.50734209307117,112.93962471246353,86.18631901842313,50.32951648286811
113.02389121420919,109.94127238132387,86.17259395462919,51.14021316861546
115.35017823804876,114.09279987606922,86.38412846941954,50.60770413859741
114.99215045112905,113.65146932948214,86.42042448124339,50.47984322382936
118.13402326116116,113.25529243233116,86.6496431098364,50.58995057152183
120.24201525737368,113.64230742885286,86.99157766599534,50.38616053962575
122.62218021400572,115.79637254570409,87.07890400273126,50.03509636503581
123.84173657076904,114.79880393884235,87.26268700682547,50.0078844595729
126.7049515972493,115.46510338278891,86.99599091687766,49.766914719209375
129.6137881664924,115.25294637563869,86.4192817142435,49.5633337359131
132.81830205950092,114.89646455257261,85.9558992605629,49.40124218814417
134.37612591990205,115.22632684680293,85.66785583358389,48.94174359367443
134.86544170805678,115.5389132957038,85.80521215419367,48.63343777918379
138.67275025126168,116.01832436295496,85.15443078403146,48.28010418342353
145.8784470282234,117.48244218109984,85.18737888965386,46.01724473350461
152.52237282089737,118.27537956659145,83.5484454561614,44.7579027436455
158.31993986581597,118.42169325728185,80.28135339665872,43.87977083040438
162.76747834678517,117.99203786253636,78.0255629528172,42.96271788946474
172.2021862568712,108.37827746314557,73.47061456275993,45.00378010059984
179.07454901837076,105.72823435747875,69.08841784072513,46.782639905836035
180.56318918870312,106.60387510773737,66.26285423899972,47.888652487960435
159.60591105770106,93.15456243339491,67.7010501799589,46.36977829440901
162.0211790482934,94.15551796106827,68.6894863095225,44.4113957288308
166.37110044269417,93.71669889180876,69.81170982778882,42.10497305535336
170.56924765350763,93.36459452041669,70.28256475918924,41.05552529159912
174.63159121243737,92.69137747631012,70.80398245395186,40.019645651479706
184.16682506344756,93.53053451585744,70.88795277073032,39.378293604703195
154.93206148910429,94.7969148426995,70.9363411559891,38.24402683701305
153.9541109221805,95.75304300304272,71.36094830160884,37.18093720762985
112.53021488957756,122.4086361640235,71.16935743224441,36.89030065983821
123.61471811152981,113.96305524334181,70.96649936480473,35.85370142332074
121.68048886620485,114.15391145140288,70.8093774492657,35.10589331527927
122.99121073486742,115.13496340021655,72.78136995309045,34.53717208614711
120.51720396227708,116.04023616414736,75.7314969597656,34.22447685716702
117.7257873037581,117.11821051434345,78.4831916659637,34.68506501247247
112.79266252976319,117.29398397255663,79.99456183468106,35.25379742010083
108.63502927694644,116.22440762066039,81.58142381837243,36.08973414336353
105.75722517119591,115.80348000834644,83.52506656432783,36.693560841685255
99.10443383006071,115.8893596630771,84.31387602272126,37.50865322442367
96.22962129029477,114.52454239947302,85.91086457423802,38.27588743443974
93.03776633934993,114.75519570845469,87.42260382259376,38.70285065814739
90.11746452552777,113.7702080030536,88.62783671888435,39.235870616984236
83.92720365659049,114.28724718740716,88.90176723208847,39.716850527314605
83.67062939065418,114.28810474074439,89.98358204327704,40.284661914189485
79.48960648493768,114.39086369041078,90.5517411931805,40.189823469958185
79.48791352087514,113.21535810755334,91.05902598032964,40.94838640111496
78.26819056050535,111.95854725342103,92.07732813085133,41.20660363702851
76.93607831493883,112.54464836379485,92.77323725905407,41.31967794845403
76.41018715789497,112.25818884059876,93.53832972543404,41.4264969875506
75.65834484018926,112.18718124616969,94.329861939371,41.430336316361405
74.14682707613626,111.48452313611918,94.80003339276996,41.69891316325531
73.83095032187698,111.09520237021027,94.90647483521033,42.265414969388026
72.55977143883321,112.25140106141913,94.73074921964505,42.36517011573311
72.25515802486899,110.67680449962495,94.91300026088756,42.33426804355123
73.83690746950111,112.79931903433372,93.90976562523964,42.2401565041935
70.55479274224516,113.11520669013379,94.3404253623443,42.022765080837985
74.13985943750575,112.44499950628853,93.3409238573517,41.576401475353464
74.15728841386169,112.90426014918623,92.41773979618414,41.415233256956114
75.40850040270608,112.42353732228872,91.99847764939747,41.176087227363396
76.32778652459297,112.08461725360935,90.45761177120902,40.63217114485823
74.67668513757556,112.42011925469978,89.51029948863373,40.466081307220506
70.95592965911948,111.50256054928198,89.79272374129177,40.847106930717864
67.46314860787228,111.97203118185654,90.65483794873607,40.630713017882755
63.30970352668018,110.37916643444396,92.44416905960662,40.26396086140175
57.02150128118956,111.06936852047922,91.41663735521433,40.16944023520679
56.562582282788554,111.47447474785707,91.75205422803486,40.167501632322555
53.49316439382078,112.35481788108525,91.78028810396236,40.33343739898542
51.64644431200457,111.6184299049764,92.31521758262774,40.71162829012983
49.8051983224806,111.64244614535544,92.89062910208095,41.038771374852935
45.32878205390646,111.33316589917226,92.74746287519115,40.899154348374694
40.79951831233563,110.45984260409301,92.31425394628447,41.038760294841154
41.63134138106417,111.61292394351237,92.83638666510485,41.301655795857776
41.36310116702606,111.81591011837143,93.58129887351936,41.329648115844094
39.845518595910406,112.00044859957754,94.27217232873895,41.251151485711084
40.23026461171786,111.80645735810234,94.54145502589907,41.24095905692406
38.585592235541846,111.2905268373021,94.8668548662943,41.604600472574674
38.378726851903856,110.98952430875644,95.42428659086856,41.794775849461594
38.624928664595295,111.40879063345767,95.73341189614975,41.82155035233042
39.16005214898592,111.93610254728085,96.01919121921573,41.70411091808997
38.01322159315459,111.74861448971896,96.81956023760141,41.72082586521066
37.10026735457468,110.66316875016702,97.12770533852526,41.95204523184964
37.98108443172207,111.2187239856834,96.9901390867955,41.69525862480005
37.60301862822003,111.37974162630677,96.95404396202238,41.95359192198728
36.80073255886144,110.28469268531565,96.9560583223811,42.245654992949625
36.49826291032492,111.51476614376779,96.84450031739878,42.125123421046574
36.45769871764684,111.31310118526768,97.07233891975399,42.36980963041375
37.09006724235807,111.18175239905423,97.2146086109016,42.536930119312615
36.46277804398483,110.94135268549486,97.70327143500481,42.6664855140484
37.16001029582435,110.99224545420108,97.66565993959603,42.71177887816526
37.0136962777098,111.86234424398953,98.1743753618372,42.69076080965861
35.024465807159466,111.87674728952055,98.03369663161219,42.49147707498753
36.80288236124893,112.97495435085646,98.48932089419131,41.69358914402713
34.84054006432318,113.71908703155428,98.95576593268393,41.33452495641385
34.84924098936604,111.0884140107215,98.98405786755038,41.69940474289143
37.179299979219934,112.82771781622598,98.74050816710894,41.2625628217323
33.888666353478854,112.0669444595257,99.04088638431986,41.29468089572093
35.40185761084319,112.44602586156014,99.26339879947706,41.34792404839719
34.00260615678104,112.16307849886562,99.3374685239313,41.24293583349392
34.3106297664463,112.5595231731933,99.2991651925021,41.078054433237114
32.4747020891457,112.66522552322267,99.64719137306155,40.940456257455104
31.276201404667667,112.66778248883377,99.51725716462504,40.94117296387791
30.681607610369817,112.36971188051528,99.26592744689292,40.91564411320454
28.35452928191249,111.94068877096215,98.52843724177754,41.43001445068657
31.499338254060582,112.85615851329885,97.89373987548429,41.16044557720397
27.963328402538338,111.91903781104651,98.17807656842746,41.236999689609675
29.426449567667156,112.14577551584401,97.8041854745132,41.373969381275785
28.323839841593504,112.79378931244892,97.51271417653844,41.4738175996428
26.32701195357398,112.36810751523213,97.81789410533322,41.54484314514146
26.767072085106605,111.85376723784027,97.76202835505484,41.39104765622401
26.09084495046931,112.62201948488847,96.93553422192464,41.59059066846001
25.490977989781626,113.65040635958627,96.39171164381881,41.474465832447876
24.925193040106763,114.2582161331033,95.86912187806081,41.432107570241996
24.156888403785317,114.99363189414753,95.69142372329739,41.35697495314472
22.66272769266363,114.25141260579738,95.91655988286071,41.02452531668734
22.361374135765374,114.82920771590236,95.5030820706242,41.03472875378025
20.558562203104465,114.02882060957177,95.8742422442346,41.16897776941231
22.0610554194461,113.99353424647127,96.51826027093243,41.30151016833255
19.28004227746323,113.94543229974201,96.28601031741037,41.78679279809633
22.113208758670012,113.99386761268015,96.67952757090868,41.991798836381726
23.681795580009812,114.61436023682403,96.8815174700229,41.85906194109841
21.973750430142225,113.67746066994303,97.32743059614357,42.159499082024396
28.90722269174455,115.67501938283993,96.27301754419136,41.83103457409253
28.742315970971475,115.47735225185065,95.7862868105895,41.76857560029231
30.536042816238947,116.98657649660302,95.47950614709313,41.373276982613746
31.4750784387057,116.39147723259559,95.74513168713277,41.54956068709649
32.78322344472131,115.6330424264857,96.08548954802636,41.78225955251299
33.915527252242754,115.41119320530926,96.13430818916328,42.10633501927802
39.0312831475105,115.73613006609173,96.66608203552964,42.17353813572957
38.51740021233225,115.52241521524158,96.82114936043021,42.16780565486037
39.625957137931806,115.50894109476468,97.71923745930434,42.37609469454979
42.68381444463323,115.7050465787941,98.11375529447938,42.3870230196848
41.430639375539265,115.04547383210883,98.59264295021491,42.87279615854789
43.4439668347837,114.60090128909778,99.48750397334591,43.40083717342968
46.73948306981424,116.58707340960419,99.49908876707877,43.535614876844356
46.567298718460584,115.3315034779079,99.93405780389396,43.99187435960645
48.617732041281684,115.01280572151234,100.23477196879864,44.19916862675586
49.29981143403197,115.50817022327186,100.94648155144687,44.263231073737316
49.69670325085044,115.00938211941468,101.80135976969287,44.223189240413156
50.99316730630187,116.30751751564156,102.6337303495859,44.16742123459573
53.2551715944946,116.44798974124186,102.35248290830177,44.07724223876035
55.00512976752909,115.60652706734663,101.98556860500317,44.04729627345569
57.768019434518905,116.33925334996644,101.43838262048033,43.9807828409065
58.01658116811173,115.8258293397405,101.61973858635437,43.82280031497929
62.78074169775763,117.09652882930394,100.9683954475948,43.61817187036782
61.382753965348854,117.144155987537,101.17162966142052,43.49489014793933
66.63670225781509,117.15405372283794,100.44172818604616,43.271510766276165
64.31687217968131,116.66334819958436,100.8196629165935,43.368123464833324
69.3887143694059,116.92540022620305,99.98254572922195,43.27650210121502
67.83665053633285,115.83299065593414,99.96836032125613,43.38305843581412
69.80768573320071,116.01236224037238,99.92836974815333,43.44138535770835
70.17227185028253,117.40381345617737,100.68395922892499,43.742410557476546
69.46864808764536,115.24806111420656,101.36132356022962,44.198315838036834
75.16921853316185,117.59988584756839,101.28199053052474,43.9692218637143
72.81671121409752,116.52082152855886,101.10786717579454,44.174420528131066
77.30900084275376,116.86315316651135,100.41569304696104,43.94318453718206
76.26093789536847,117.75876463194267,101.16933041443366,43.67488638716506
76.97017726369761,116.90621228950987,101.92951087844372,43.6597927983719
80.01239730908217,117.46113488510207,101.60220617890994,43.76770876613067
78.57601030457647,117.65890743048335,102.17238385727865,43.84768264704971
80.90706403658709,117.5872713525832,102.00001628812434,43.73207093916248
80.92058476793609,118.9216973679239,102.48089503101946,43.612806873492694
82.7760631642251,118.23354532478032,102.09692979651638,43.650951398622624
86.39038381019701,119.04300891619462,101.33788870522565,43.200588296986055
87.13506680801939,119.73805980211426,101.05391209003591,43.07600805148344
87.68297751672056,120.35313354879449,100.83024502768271,42.909095125765184
90.00281433104517,120.58186537524463,100.9509311631326,42.698880003252775
91.55201839881502,120.66789128259,100.77157872789503,42.72199838247265
93.00115647185213,120.80350436556643,100.89716923526319,42.71985336204479
94.19499208393654,121.26666818723088,100.98378575943117,42.563041471508235
94.13403467811608,122.04801679503527,101.4754196293473,42.40929518077279
97.26523451194589,121.76313146836858,101.35238849577581,42.538221924127285
97.96584469448797,121.56856227106516,101.67739767914594,42.681664295627584
100.54964357578639,121.84635960926295,101.24653239945926,42.49547858434279
101.2096551235545,122.07115767316363,101.74825577246705,42.524974994898194
103.41321515090341,123.23848637315399,101.59787342681463,42.546471559913826
104.3629072686445,122.30150812022707,101.42187869767245,42.81611361931837
106.25214416605537,123.4999591318003,101.18893426839028,42.76544591776616
106.91746746137584,124.83871815137147,101.11961208341953,42.472293198829504
108.37293398601055,124.99829671455085,100.83929784480378,42.220420790626605
109.7210050203488,125.74762687371503,100.77969976530879,41.91455896759091
111.3544896235718,125.8611949977323,100.5791048607732,41.85616497393278
113.4353601306234,126.05405133378338,100.53862735069835,41.784892701238974
115.32264880913813,127.21981983130829,100.21397398582585,41.812664902661325
116.59316453901552,126.82776689597206,100.60400570127248,41.65606714288637
117.18597979310249,127.9574776702058,100.06932681701518,41.5285840519079
117.99564618175845,127.90744905807063,99.65416653173055,41.63012683184384
119.20122786156162,128.55060730194845,99.9691503469594,41.53877010380038
119.97456656688539,129.04009741980047,100.06159542242635,41.64006862233066
