122.5,51.5,51,61
121.03597470872938,51.15768372066083,50.86942774547458,60.5073719660985
123.26642361758178,52.61906590841639,50.44889943842042,59.93321751490379
122.48923092721944,52.91497255192533,50.472527034301656,59.57624098506898
122.29871043864152,53.90743075895031,50.51188474291044,59.47758913362583
122.15598535384925,55.123455849304676,50.53962621398385,59.75863294896507
122.49088975263668,56.09102426675865,50.53217659447527,59.70860637311321
122.51854501113822,56.697356402140755,50.21146006493709,59.842409001267164
122.79883149674176,57.67864843219082,50.21526833552841,59.872451250561866
122.83521797409645,57.47910491276099,50.177823649823836,60.07337771558139
122.40597652077872,57.47011421333282,50.11472200989328,60.089816320035965
123.11998763793576,58.35047024803043,50.072643307569265,60.1948605239104
122.49579772561326,58.392084471899814,49.60481884659262,60.71869137611746
122.60616623127962,58.992780809304094,49.949069971551395,60.71981060793274
122.5589091913038,58.884808285971175,49.8755799112452,61.04110337736736
122.59020271896907,58.99119841964697,49.8057568441227,61.46418045368948
122.90930387987245,58.89027195959369,49.99154325799173,61.47839997860103
122.74740128780427,59.40048379231349,49.4304681973962,61.94787904791791
122.36605060369418,59.24436626076101,49.40184560578897,62.12301897259226
121.4335150624463,59.193317586028236,49.05058854421121,62.390212172883125
121.82486449448359,60.03525169433539,49.19862252639673,62.342793293274426
121.95710126207459,59.6258443963162,49.257594192134825,61.88771644033822
120.92997813513136,59.777373411944964,49.39400687935562,62.124623383007226
122.24372639763695,60.655606044369875,49.29187952167234,62.1003608864832
120.75694647638026,60.38432932087097,49.752923104038615,62.32154221190852
120.2311440470352,60.63235906285813,49.87166127018571,62.30175909583696
121.15702113877002,60.90988350929598,50.109845727310564,62.08534981992751
120.18767878923884,61.246872706615676,50.17619785343591,62.10145212759295
120.29001400568957,61.30824336182645,50.26030453349526,62.10491740889675
119.38927131060052,61.03523852561652,50.260968619352056,62.047966315954824
117.17232686781776,60.82735406298968,50.79900231654783,61.979597706113296
116.85623133432739,60.339708228252526,50.83629593451202,61.4492604321443
115.32035819803065,59.393341070211726,51.41175176177772,60.67753671180317
113.6698191619266,58.94255909661908,52.094900852204844,60.32488661060284
112.35036966477124,58.3259679714929,52.363644512042896,59.817873944130035
110.53373042070517,57.924279855387695,52.17362812216904,59.5108410357536
110.37572954647209,57.711375067627706,52.43323768524523,58.83345315586739
108.26165403632872,56.95378254770492,51.94353372887789,58.38461830111306
108.63918151925783,56.87745994764616,51.43817673138343,57.846300173345895
108.35936172878246,56.29169299340576,50.97144984008993,57.471918478189
108.17326750253537,56.84708398221632,50.77938424709765,56.93708408328959
108.73245638272417,56.8014391437296,50.704515016383134,56.64796654609829
109.39629205319613,56.29939056222504,50.93101416475044,55.80459592899418
109.27566975916432,56.178552372439356,51.0096024455936,55.46391162369389
109.41189142586184,55.46905317021651,51.2383137137725,55.0334121138253
109.97071017024062,54.8402488916144,51.26966494876982,54.394189516206225
111.5062334497759,53.571730192191275,51.076565481755516,53.71656603210265
113.41663913706618,53.271788964102164,50.88219510906706,53.73747465853462
113.98809795408948,52.990219786928904,50.89553081288058,53.293378439516886
114.76244254498118,53.93071575875821,51.13504522816594,53.33134825924024
114.58550980340232,55.142316490052416,51.819024390494306,53.68812793297384
114.52620483410804,57.0736555675533,52.28290004539715,54.223975969683494
114.15244353780976,58.10679897476116,52.69996033125583,55.12384754531294
114.76658577807055,59.78333799969852,52.3512984889598,56.63622416920532
115.29234190614574,60.97820797150719,51.85682167897641,58.53069013913168
115.83494683039075,62.743527512813756,51.41481121469889,60.09985545791625
115.7741083321061,65.36021337653004,50.857554233187436,60.920596164870894
115.37864916683178,67.11682035072977,50.362303392402765,61.079848256129026
114.96897557078628,68.53313162554116,49.9135858471738,61.50592083208609
114.89469515342213,70.27788158870749,48.95408596431942,61.87989718215111
114.06902159679545,72.26537597397535,48.4920454928865,62.13679098378945
112.896903175365,74.35083571421954,47.72507794998994,62.781156232305
112.92116152250053,76.18946835417367,47.609360423649974,63.03367501192127
112.78628952949798,77.93282326723237,47.70773043139789,62.594011847180845
111.79832676781413,79.94252095669566,47.89887855188776,61.84205464154832
112.45670711632442,80.9162280352059,46.98085096410295,62.37888983793663
114.07319381971729,81.15895989296834,46.0800027442374,62.73409027074247
114.0254635656682,82.01898991161329,45.53228461053945,62.49666048629071
115.96593850912996,83.76632778740988,45.431201895857164,62.21887840764064
118.65101709905962,84.41668683368287,45.260949157831334,62.263506527481724
119.77194957118076,85.23879034061251,44.985574243877764,62.076484543605964
122.57426448063352,85.17294714194858,45.189008408889464,62.38493961638032
124.0159540406515,84.5380836945042,44.700008427800036,62.76856162950567
126.96180662599073,84.6658146821078,44.63205804456662,63.02771161375585
127.16860878459927,82.36626789812401,44.636411480292594,63.51097189925272
129.7823443425325,81.00595742891849,44.932781268661955,63.92787880072221
129.52317970572858,78.17905057587782,45.2709054355346,64.75751762582213
126.81811084596592,76.02872722247082,45.59639597641002,65.56393668485474
127.17318828215068,73.9761468224352,46.053622748289456,65.33202988086107
126.73532429703884,70.7213550710648,46.40756730701029,65.88800820858353
125.56443519332262,68.39143706662512,46.925770733024876,66.84432248894727
124.59541389557485,67.22433093902248,47.01321666218437,66.79239511288121
125.42240856177048,66.1084239892538,47.00052276283754,65.96717714253026
125.93627101101993,64.81540359910059,46.703724020382644,65.09432748475683
125.28321346544308,64.8170986468388,46.75966697332223,64.8389002515336
125.36735304695678,64.76302811415343,46.61517257254324,64.06186436025077
124.59554065424429,64.0352640956249,46.652199719838016,63.89154696502632
124.195868223106,63.50314859538406,46.470890759692566,63.419280611000545
124.48596003749529,62.72996192373235,46.208020384793556,62.822619496143574
123.39116206921966,61.91620888139816,46.378244096537074,62.99608111956164
123.34181281291264,60.97619686535158,46.24809346636126,62.749507747174825
122.03877638585462,59.5687020101649,46.34161453596191,63.174761282011076
121.51668471796503,58.943911753864946,46.3083483115757,62.911112305284504
119.27797936662418,56.82637417071231,46.77857260144611,62.956111120424005
117.051698413064,56.07868989436064,47.30988106580218,62.83887779686849
115.19591641639732,55.235704567893194,47.5652940505296,62.34696983156302
114.26264505068723,54.237935072453794,47.471469102353836,61.51585963344647
113.03764886590768,54.378171072098716,47.328489670155115,60.911599021075645
111.51778871004171,54.269706964956676,47.068895721404274,60.344143819183884
109.44729519702119,53.98274952024002,46.647245895180895,59.98219569058131
108.63642239714352,54.81936084343522,46.21210553721834,59.48430284861138
108.26034681843554,54.8695345315552,45.75732474597251,59.42543881501897
107.6609949628794,54.45268195533987,45.32749366323102,59.58740599852796
107.34421513366141,54.081422821156984,45.098103652305895,59.149503629763004
106.44261340657977,53.49041710712136,45.08172643229772,58.85683999851572
106.1506814697691,53.16900754096383,44.8467490869707,58.57557148720741
104.98972224229826,53.18680682336789,44.938792692592926,58.31724189837243
105.58055850020091,52.77720706425184,44.44201211595083,57.93181628690481
105.70491369033456,51.99092710125173,44.13369794027433,57.71878508741676
106.93040553696889,52.90618176402603,44.220872425335145,57.5948102667586
107.70685373828542,52.92481084395491,44.067549944859365,57.99920473270002
108.5955104452083,53.425591049561305,44.156288443321316,58.26719619469432
108.90220597577186,53.33202240908733,44.22241173070113,58.59311697524077
109.40574643553857,54.666770730532555,44.316964598322876,58.91659675942857
110.07795192494844,54.96487118591058,44.4246580687753,59.293456635396616
111.24393759165729,56.11580868606967,44.4407754766601,59.68555756052399
112.59804777737187,57.45522828243985,44.217343761465656,60.08272764131269
113.12759953384337,58.47416455841976,44.17289846118441,60.90848633782698
114.50899395723644,59.9601109729829,44.410934065844785,61.39809558389601
114.31253342017784,60.83712126857243,44.330621708384314,61.80199606853787
115.18694510164653,61.248452691205216,44.66083315074479,61.700459481645574
114.98882799214911,61.521356116192344,44.76248550943575,61.05875942000854
114.549408715097,61.889952008726034,44.94459619164512,61.01873676002127
114.7804303096994,64.08626057816252,44.769650814139254,60.72855520998495
115.47915456262044,64.36785751189205,45.08410993349553,60.92616313467068
115.82390337513799,65.03533785644377,45.12607246251699,61.16627008491812
115.44759825715929,65.53684755401632,45.327444340453624,61.41893184688515
116.11920104180012,65.91010065657268,45.44189098236119,61.48560149883954
115.30254221197954,64.91115139437156,45.607618429180405,61.93551995312767
114.9523523368799,64.95964975704094,45.72884207862974,61.74287005148122
115.25968104586404,65.28635666976919,45.710928959596366,61.61756404796609
115.5273966170057,63.914051510358846,45.48628460100828,62.09981212504177
115.10601093802434,64.3240933216001,45.73777430652043,61.76090446166953
115.12192709845742,63.82322120620829,45.581704232203414,61.76878010305191
115.3811859507488,64.50651705104943,45.570792914759025,61.48339640401599
115.47879211867598,64.74422730975593,45.70154705629875,61.55885459019721
115.1616860825214,64.40426267788013,45.83313974288861,61.68445982307266
114.92190459118686,63.88149107688555,45.77579135718766,61.71587493611068
114.69838195958341,64.61088745727176,45.83268526870423,61.401169489943996
114.1359737928303,64.49432208139176,45.9119015455622,61.54369414084672
112.86777803384706,63.85263130410388,46.094149682409906,62.016414975550965
113.55264892570611,64.07030447847421,46.16317700078839,61.50131831245538
110.47915616197074,63.479827132156544,46.68712566683946,61.91843769415476
109.76262866990335,63.33125628588679,46.77373914363474,61.789439197523436
109.08292382235318,63.13694449905832,46.83818869755314,61.457087550976965
107.34175369631978,63.088168247773666,46.926168884159736,61.479466906523555
106.73514842305464,62.92875855885002,46.89422719565888,61.8175853761421
106.30152450205742,63.01936442616302,46.83293927820431,61.932661952997556
105.8169819329498,62.74716631709516,46.73042874762683,62.298716693023934
105.96039802438568,63.09850054999728,46.61694278620207,62.2800433548976
106.53261502609405,62.85512476431943,46.53975688878813,62.411868280497536
107.01231225053448,62.656838431349975,46.55361038521596,62.415834181404634
107.4049848301972,63.46957940151143,46.62973157406176,62.45724405435992
108.32745388528369,64.00486785309454,46.85358723753989,62.55040778611192
107.52051805353027,64.22385651043696,47.0531744333496,62.53320591474258
108.71809422172912,65.50990707969575,46.987328222592765,62.24707760985843
108.04952503678048,65.25805112908063,47.41622752588924,62.60131019640381
108.79319848363002,65.73900002612973,47.47326737668935,62.586654662284836
108.692561761137,65.28755637000239,47.64571590929124,62.900100377077806
107.72217921839817,64.74249323345937,47.88448085362511,63.153673791811194
108.9710248483297,64.90353974649477,47.925875220364205,63.12857819368076
109.47028339119926,64.737973950415,48.006352170345934,63.432675912937924
108.33336308284849,65.02006273009192,48.04360812365635,63.82209488592889
107.90640507365397,64.58471442504842,48.14862271525326,64.00503024885786
108.42947001388507,64.22262290712828,48.24681284592998,63.92553864642677
106.48553355217251,64.76894270666043,48.44050623444299,64.4398065342781
108.13205951153408,64.74221566394866,48.54820805221581,63.90993547207286
107.98389690928269,64.53176222960609,48.52886914415069,64.06356214957489
107.80240173917073,64.40077392092672,48.623840046584704,64.2903141392302
108.43059596818284,63.673584792254594,48.604930560041794,63.91009325926824
107.93895486062164,64.16943067246325,48.50835411446627,63.94485737806236
107.00014755825163,63.56127788859397,48.45690361090705,64.09093186574567
106.42787964806786,63.39014309937103,48.4376925974733,64.04197396044216
107.15652653753679,62.67422232986823,48.31228868631801,63.46218162646193
105.85252580979041,62.82766550115781,48.007519870509526,63.49158781894938
105.95844038377876,62.28554244962586,47.694880231984214,63.08396304188632
105.84678898334607,62.737010870544594,47.421751622536924,62.44176740407221
105.13803356301231,62.42829854539702,46.91810736810404,61.99283837566405
105.24254930259806,62.050888923330525,46.56255683893045,61.65114530213957
105.26008660672073,62.36167269542391,46.250376392624716,61.426544930575474
105.33824372947723,62.01203247790608,45.75667765495285,61.11701675278765
105.51791064694949,61.661285759195714,45.22964858082205,60.725705400665234
105.25646953722143,62.651993743165136,44.85753505128142,60.53127637978603
105.56860553080101,63.085295131844056,44.52965502808102,60.30104956611608
105.69064931708455,63.2596792561265,44.19947951339052,60.04395321651225
105.63868428556779,63.495346517431074,43.6242342591366,60.04598441798988
105.8684544346222,63.52219676503364,43.40932495344034,60.10294160728972
105.48497937122536,63.26613973201296,43.10442609170098,60.067439012736145
105.61334319226776,63.49435106085201,42.936668343369725,60.25507619192251
105.81209554815008,64.00744507345576,42.80733598511117,60.216415000726094
106.15545871592806,63.582399876171465,42.654636093513474,60.17241521966602
106.60083951597407,64.29918143207789,42.47143026429549,59.68259742292811
107.1682026761395,64.6570262535877,42.30779992317835,59.51984254572419
107.63591389802556,64.71639194646659,42.19975539478861,59.42942456577822
107.85201847036126,64.90280028625432,42.09678219128885,59.31223244870466
108.44340882866699,65.05561995508226,41.942174921332686,59.071364405642576
109.21569555044024,65.25478711744066,42.013641469164966,59.1225238467568
109.25000270367181,65.58214559254948,41.87257554140781,58.759468576283865
110.03622938383856,66.02878311180615,41.88044277776924,58.5516623902905
110.77891294651826,66.12257188258451,41.928927395154304,58.23690167960727
110.47960165343599,66.57857762411614,41.91574853583468,58.05197536967407
111.13096753076732,66.9029987965954,41.78398793633862,57.84354793026364
110.13989650934334,68.30699409785205,41.84445298581652,57.38310700464547
110.86792776284679,69.36563492137049,41.77648073168593,56.98122176187498
111.52540512794172,69.34997783295546,41.56135245661234,56.46995336719851
112.2022713286901,69.59803057035607,41.39303508464134,56.06081591200198
112.08234281426608,70.69196684191273,41.23039461330817,55.76211771104411
111.49516794024059,70.80166326982868,41.29755554052022,55.37163830545332
110.6054440435447,71.93472921107048,41.35307822023403,55.201086047145736
111.01910362233528,71.72385377266959,41.14905168760329,55.08382210766334
110.28311079969362,72.9487582219636,41.297281591767224,54.67417410346923
111.1459901336671,72.78243005266523,41.11402353894019,54.432283151263974
109.7343928353035,72.97060166917997,40.87713856108243,54.155016360654976
110.08777814778105,72.8433605822759,40.905558923714295,54.2161324390394
110.19474270575687,73.71304811096503,40.78858241748052,54.33224997351906
110.19764391908785,73.27414373904571,40.68159641989713,54.30478897534568
110.06501647525315,72.65310427962886,40.50252428096091,54.156836794859906
110.58331373710739,72.63148253666293,40.467639218464605,54.023003672849214
109.43936706665686,72.68094663463268,40.36933308503094,53.74036378421887
109.79239991539701,73.0019849973611,40.215839041870396,53.75906868069498
109.94975297034674,73.40236188936217,40.029575755857834,53.549740017523405
108.74442175137833,73.3224350150101,39.905169920250344,53.10940074254588
109.22731176268113,72.96618822049354,39.674705697357865,52.97503082335452
108.74971703760417,73.31328524940146,39.46690433902484,52.55136675096654
108.7443504409917,72.57359735821237,39.03210741569171,52.33300388588379
107.46036135748604,72.41761563991213,38.93460496899454,52.171142881051296
107.50325780281912,71.98163488266003,38.52288711556936,52.074143156694426
107.89729306920172,71.78280125966666,38.158393682842664,51.91551238517933
107.17251002314353,71.55005876477543,37.84699132822749,51.65537907213969
106.83413189168826,71.63578476498336,37.77839574015156,51.22590452495565
106.67009408597559,71.9097548839213,37.634410253954954,50.84677969125646
107.62378451189592,71.65006268101565,37.557983119346055,50.552633473154934
107.14549293826924,71.79464547286027,37.65571304565978,50.510177206434626
107.31346489685629,72.34455213360155,37.64710886709308,50.68840512850524
107.63230671020112,72.00739606131664,37.73149021232725,50.96261403186984
107.50487028314322,72.61107449338272,37.771137936123466,51.616274037282665
108.21189957165976,73.32970854984798,38.09214601138835,51.88147169698092
107.39316108253968,73.45155441740127,38.375495582554564,52.50443793421017
106.30372053852899,73.14485801489064,38.576648780561264,52.59346704265626
106.29136677882012,73.35754546753435,38.76647977755718,52.97960490563742
106.01269405147274,72.94983628184606,38.976789645417995,53.477941497772434
106.33073482863153,72.80440263935854,38.985233499845215,53.70674574067302
106.1460551725379,72.17685159953662,39.15702828464009,53.99539635423335
106.43864771553478,71.87847806034125,39.278028062690524,54.01380826664659
106.09083163724202,72.28361573848483,39.404876578414544,54.45634589196497
106.23340797355281,71.65810397136134,39.65624802278589,54.63222537370646
106.16404651781278,72.32722185957067,40.012184803360825,54.96165031048359
106.23623447787534,71.94179823427227,40.088528325007196,55.38841264258142
106.7910322143756,71.29181851127312,40.12152707026077,55.27008397689301
106.18962655900825,71.25128282786828,40.1723253175647,55.459550383737934
106.1618039159315,71.6892631890537,40.3433282262224,55.86449002052084
105.65878301359535,70.40409408069293,40.2234937234072,56.322765783018745
105.09710705932245,69.0932793847501,40.19130516564442,56.68306671611839
104.98976271572965,67.59536555802377,40.28841554752597,57.124920933215456
104.91540243953963,66.52879944553969,40.41831958037739,57.719086860080296
105.14256222228134,65.20812561738289,40.4979020639586,57.65486787172531
105.26829371956539,62.49907861394587,40.53321421134492,57.93557364922924
105.37253356404679,61.29397606473673,40.77751971630225,57.54604773148846
104.35660813263979,59.23542660449243,41.22955852925053,57.52861944555616
105.16158090689818,58.201953451406986,41.2489672192439,57.138867572482056
104.81407868644862,56.29950413639019,41.32201692104924,56.89890440899758
104.36764883356474,54.44795183078205,41.32148883232237,57.096677742366566
103.6149188990452,53.53518754341461,41.58572572372323,57.287200008545845
104.07762548324945,51.78454078017393,41.820751092912374,57.19387259195776
103.77077198595869,49.81198454233515,41.86899019341657,57.037279039650684
103.37301679879741,48.54164787126934,41.77668276769411,56.544822212867516
103.09275439814036,47.51886589769383,41.891752613907215,56.23057890713463
103.4670136780755,46.19473436987376,42.1656576790293,56.04210289951183
103.4781687934705,45.31995447654404,42.20718514783141,56.00785493165467
103.75408136275163,44.40244215153581,42.25142380197467,56.180784988623024
104.68714693341698,44.4262935440013,42.521869074752246,56.07147855696664
105.3401065511022,43.322019256283106,42.70988232496228,56.247717361818914
104.54504859844764,42.92901283683511,42.801099247269676,56.265137962288684
105.17582292451209,43.8393012589155,42.93120162949594,56.38066851520738
105.87383785703403,43.89177857086793,43.15459133918962,56.71084272912639
107.14733212385397,45.21220318220407,43.20112583106243,57.19306517698634
107.43899301330597,46.36488171453381,43.17733699254615,57.72960440787435
108.39533495086353,46.84050055209305,43.14773574568117,57.559579181829655
109.3358156816554,47.02524974908133,42.918424116822926,57.088519323483794
110.38315189665596,48.223093688424974,42.82266199470605,57.03554408555884
111.0681211893801,49.05257818308564,42.784848119340765,56.666312559234946
112.57187104716068,50.45906881364177,42.78267896637115,56.25605008054761
113.48034219642625,50.88383354109478,42.784915010659226,56.17016079097057
113.92649097946659,52.28820981723775,42.51612762648237,56.01094222572992
114.259101318157,52.94769812376043,42.41067836767306,56.391639980589225
115.84833775137095,53.75560534320535,42.33226977889407,56.675367158139196
115.91011607305632,53.33385392157796,42.149145691496884,56.999542897302334
115.62259751769469,53.40173122728045,42.170918005486264,57.48242507283507
115.84615894041467,54.54868903947092,42.255930408230505,57.9773886045668
117.27762791192069,55.116208010318104,42.686345784386546,58.28606003634655
116.30121084899113,55.81984392778249,42.93104382855011,59.062570778932425
117.38808242604125,56.91310346829108,43.328691064846,59.40660027045554
117.58404780762599,57.848914676821856,43.86828296908451,60.13549369583173
117.25118326737056,59.26812996909018,44.39431437865877,60.72002935313162
117.60557378009179,60.33178337234038,44.974305220968404,60.822438609177006
116.89717113878723,62.25752587989517,45.058215701484016,60.477285753109776
117.04367171293563,63.740974951599014,45.189262947151974,60.58602399657344
116.58809936534644,64.66681071030024,45.070756715740394,60.833080659102606
116.63335745195302,66.98452910147664,44.9165517651401,60.918179631907286
115.57857152844448,67.98853978203445,45.285430996648145,61.18858754058232
114.69625569836445,69.82276750431183,45.472609162736234,61.2933535887949
114.72218156294825,71.95187477600624,45.858304312621755,60.88848992316792
113.73827163869068,73.52260691823807,46.27949866617993,60.895947128419834
113.19640721115505,75.30921965193232,46.63749048597668,60.56835883945235
112.31054272223628,76.29391476911707,46.70022161816452,60.1554423370775
111.68169120673542,77.46651055548412,46.29633025829709,59.89071703479014
111.7025253879059,77.66822903581047,46.21580644759093,60.08474690057635
112.91454034628154,78.18999134872156,46.4569002319352,59.97509837195648
110.9425082974521,77.87884597251997,46.357099125736674,60.578001946236654
112.38238790138102,77.6845509786923,46.35440271542521,61.07170337639833
112.58747876445125,76.49963394839,46.81824484401726,61.970778879683294
112.58435485304877,77.45171233045785,46.468185249667926,62.072332002098484
112.3692549132358,77.68292486662682,46.41228681000178,62.58980949523981
112.8906169226204,76.92389662585686,46.21798382842971,63.34020988890438
112.41094252283357,75.12345366829344,46.1855976464665,63.953062270934915
111.58259725869854,73.93315524461929,46.49242285739188,64.58804745065017
111.38385201415893,73.11270833845423,46.76331354290418,65.09280687691765
109.86843764548385,73.5477074849065,46.72811583105083,65.62162278536809
108.58335569590439,72.83200888708146,46.659176556000176,65.87670276605235
106.88234155414341,72.05888417610947,46.562966514403115,65.98615588043253
105.7300314981228,70.62688676412117,46.671247019205566,65.96934044363645
103.38916127731866,70.7383867327856,46.533557586393655,65.90056186222265
101.78356049319757,69.18868333155177,46.244434666949715,65.71887196783666
101.37011917244726,67.70030571560048,46.0645444326645,65.55093358668688
98.466259939808,68.89849188308932,45.44623846099234,64.68015572459431
98.19893581027164,66.23162094111385,45.67317949974913,64.36423749807165
95.30301335713287,66.33403430974583,45.492216521810334,63.577408240246456
93.45042274587448,65.74885840286977,45.28962424960668,63.584918733960734
93.62398025660679,64.58214729094756,45.24854796543913,63.380278623744495
93.16894776142026,65.88641652012537,45.460387755635935,63.3880455166462
90.72687015074774,64.76503946384737,45.73719644225196,63.24385962676077
88.88233689651878,65.00877688315518,45.806060409358565,63.088166026462666
87.73829177115601,63.13381285339557,45.63871824507556,63.64689764433148
87.81659403288887,64.50797267148675,45.42121746653392,64.11386497828767
85.87547011623732,63.139287961727334,45.51919167541682,63.99055906287609
84.23324766245854,63.68695063827378,45.52114418375871,63.90782280680621
83.21127572095023,63.348179656903554,45.2024846407957,64.34633734389988
81.88265345700644,62.858647106816036,45.1025794723332,64.22352368182973
81.34059692787216,63.869148316557386,45.1710407085116,64.04565030115776
80.98543549094565,63.83987547601323,45.562807780257764,64.15585814419236
78.91870949413688,63.57815259698211,46.10725644936664,64.0087918816667
78.65924817632393,64.11184234617004,46.12575380585208,64.00417166349561
77.23156517722524,63.09208577849087,46.42013709988687,63.819377738612246
75.52764532979961,63.109664021745054,46.83718928863459,63.27130105127914
73.88024843779398,63.42166818473273,47.125178129561135,63.01776730225386
72.29807283100013,64.44873054569229,47.29592563678899,62.49463365775786
71.1115193015005,64.28696487701961,47.2676810054959,62.22698914089712
69.04144073033565,64.39679914280055,47.6031537472671,61.83828229868823
67.68213801970461,64.42463239504039,47.5502664488789,61.45429764535713
66.37315708919601,64.22220119469668,47.59307615115892,61.015573899213045
65.26128712328253,64.22792846233108,47.41797088721562,60.76358736805172
64.01147677178949,64.44665732612681,47.23164512566315,60.464835028171784
62.679283402991004,64.30440342679421,47.084108836221525,60.454115865462704
61.564716547957204,64.32520222151099,46.747119537561105,60.164678318553484
60.33130226301116,65.27701774602997,46.15847477981647,59.795067454986096
59.61362502079578,65.33945229691787,45.87551175554973,59.41794499961457
59.03401762447605,65.15130462495883,45.734216499322905,59.52395244236957
57.955838779436164,64.31533831011492,45.80933472750389,59.73748279601824
58.17142511188022,63.07018836662397,45.4284216900176,59.77099438153226
57.23943628027127,63.36769687424406,45.33314294263674,59.68065317186077
56.5286548969969,63.90649150810036,45.24338094588745,59.308242403369974
56.27829365294848,63.52412205044368,45.04819113244392,59.45212789461107
57.4648528896166,63.07135338008132,45.012447346302494,59.74094718151804
58.4258172022562,62.74765174499691,45.263106830993394,60.27270095268774
58.43069756362087,60.84452508430827,45.67406865245733,60.823727661973955
58.814714670823534,58.81317769110939,46.256845204272075,61.524390034889045
60.21709048399374,57.97119463649726,46.95453021581008,61.55444109646774
60.84687513185161,57.67955435453212,47.14219412016759,61.380210461877354
62.475300005092365,57.97647518099912,47.50335799406266,61.093977145153616
63.543918051477476,55.86703548479236,47.591966046113605,61.43716798471068
63.752067451803555,55.04384701357965,47.785554726197226,61.8321073823134
65.05385426649471,53.22487690110387,47.88377286012057,62.06383337005184
67.13256104732392,51.18640459982939,48.02340452932764,61.93201294269358
67.31588982796002,48.85700510242968,47.8067074263341,62.35301324669709
68.76381778097213,47.772557651517864,47.88325456977888,62.23956642984702
70.16605186447453,47.32567903424768,47.900892764163245,61.92613768072955
71.05735248396772,44.84817183768628,47.94029763155352,62.13354818057232
72.18326665668354,44.52153214664712,47.849796886601,62.29194015105626
73.85851792632994,43.46627199482856,47.92850143387132,62.245062469234995
76.06315686320642,42.20125779079202,48.194217551970155,61.93504923988742
77.15590935496324,40.916673519290825,48.40538958566842,61.95662752715251
79.49864687220966,40.59292640347151,48.64351093331669,61.36184568628901
81.45532213258866,39.531209961460476,48.76889294124523,60.70329281057596
82.95694715424743,39.05818414534297,48.714210288369564,60.29020058962341
84.82858478023431,38.61312468732067,48.65791909859065,59.549843507743205
86.74802729763519,38.824979622103854,48.538778269263744,59.0207527975773
88.67675080459345,39.799635519375286,48.48436484566398,58.74188775653633
91.10459274556457,40.000444414491234,48.427024622169,58.39902844119085
92.97824569987706,41.46219132747912,48.39279435136141,58.57376521557214
94.41955977511373,41.80675406870853,48.387367281210345,58.57427316216376
95.82292476452439,42.608514258117395,48.331121292104605,58.68975729517923
97.92206300542955,43.855715150174625,48.18558681468879,58.434004402513736
99.2009293238986,44.07731350138891,47.90790421704209,58.584117519783504
100.27106186413552,45.35559600549291,47.85025379683132,58.829267885568406
101.32696655453273,46.549364872433365,48.02316078375845,58.95236338189686
102.41882449346605,48.28991503831235,47.97514608539619,59.428681968748506
103.21384750100212,49.30024394732779,47.88395959505092,60.01208623110092
103.8920491388898,51.364262169986645,47.70437469009464,60.53821457689039
104.82017524544914,53.6504541135847,47.74231505338437,61.29979360702216
105.273040599229,54.827907222354554,47.65355707836858,62.05172203952213
104.86152421354554,56.978435439757035,47.65219610049846,63.18831390107338
105.90025251065211,58.92266824063287,47.60315685514699,63.612767916020914
105.26509534051219,61.72395664694875,47.55221777650442,64.04464497225513
105.214769265103,63.9756639100341,47.6879418516516,64.03256965277998
105.36688515413266,66.64562155891457,47.91266660607063,64.5763742761311
106.36249192753175,68.95215088044279,47.922780097083724,64.83961119963352
106.2754047318063,70.5344184165602,47.75150784232109,65.03850162063904
106.46537626531469,72.21373226321657,47.51366630156469,65.3916749794198
106.51935706178887,74.80069081872415,47.29550869188744,65.977907347317
107.01175894684236,76.92734706727943,46.82639816909872,66.84878708806045
107.22205322546644,79.22804135933235,46.65891349392492,67.00097287529249
106.96764687481401,81.73355385122666,46.22970948256424,66.5666738512817
106.16841155834705,84.35069732284879,45.40049628523692,66.38511126945714
105.80537689849692,87.93328953010322,44.42123666359198,66.00851394830151
105.33842436333698,90.52782442294414,44.399276648786866,64.88494156099617
105.26891004627016,93.97509414260631,43.96366763147703,64.73887195123115
105.11313802762541,96.96621949965484,43.723955131329106,64.9935072616092
104.78101227195584,99.46895235447477,43.56040934900519,65.18359247054845
104.63925569210781,101.26945251757382,43.723306437775065,65.37853349719455
104.95576018617788,102.93818128367087,44.15529869894829,65.59075095279341
106.30309039895508,104.31325407011755,44.8472919351218,65.83908856089984
105.4764417275307,105.31637916121653,45.26634147428253,66.86200960711068
105.4580772480512,105.82719459049247,46.03442610035578,67.67398677983168
105.10760308703655,107.23752666136978,46.69021082819877,68.336213005585
106.49029992925003,109.08987519413836,47.226006327960654,68.76747461161766
106.10204805514186,112.3975055886635,47.764366885435436,68.91861845132105
105.37736572132994,113.56679866574846,47.98170604894704,69.02723474122766
104.74190741496395,114.51946099176001,47.96849816808009,69.03222596044326
104.13589659912071,116.48577163705389,47.84642241436007,68.58019596700517
104.6233826685003,118.10395582908386,47.66591098946427,67.80464468156279
105.14574147932944,118.93065270358791,47.40630556997349,67.50586650166937
105.78552244229326,119.38223045927793,47.252592294978186,67.68650999484407
106.22977372357857,119.17073210667544,46.753214394091586,68.40627256394447
104.95630386563111,124.68929337352307,46.52810968974419,68.06740461551533
104.15809386357918,125.91583010066475,46.2306242926182,67.55119649097442
102.70035185811176,134.0555468740386,46.18004432726521,65.85238275623843
102.62852075339525,136.89289694295218,45.733200519490104,64.77457259109804
102.51742001353875,138.58513569664564,45.27015070363654,63.853035299775584
101.14917223034419,140.19809810895688,45.03256284641115,62.859100097269156
100.37494513535624,141.31630763981406,44.70021786207828,62.22664953664582
99.37530442704717,143.72474766654875,44.2463838154396,61.39850921210406
98.6728426827838,145.14285770263893,43.9411884141577,60.80687393873656
97.38896668785489,146.79408991258256,43.676018899041125,59.95079943240826
97.03088697498384,147.8738247737138,43.21881416233815,59.40874644960956
95.95430363945646,149.42274104169044,42.83343570170959,58.623033159185475
95.22139535632758,150.70074901322198,42.19762587178816,57.68002154294277
94.46724978221098,151.66175580111712,41.590445656953705,56.99045666424264
94.03471751277435,152.73694977130612,41.17262905511805,56.284915234751765
93.46946490019651,153.6427435820798,40.60335047824125,55.830111360877495
92.35613965530368,153.63748313924137,40.16905769829731,55.23494951587957
91.80501094053551,154.46160187364688,39.60970750473336,54.55133984944055
90.6823925463239,154.97523926072964,39.247964684620825,53.981437263843155
89.74665219837173,155.84516787390328,38.949480590180904,53.48928883495069
88.4688975406295,156.70728503849887,38.85045461208629,52.95324782698752
87.45409639561831,156.814971283134,38.7326012098174,52.63980157208176
86.72612239754548,156.16981518306923,38.47830335826103,52.38460193043733
85.84669013397254,154.9870589390173,38.11079149494974,52.519637562309526
85.33872336271193,151.63378004420508,38.02417274273983,52.709061639165355
83.86530051172181,148.22727691636473,38.058302056017666,53.054519524484775
83.48285325125049,143.88360890289667,38.26934997928882,53.65616028469723
82.41888660474459,140.67882598903373,38.58628185227958,53.882040809688746
81.51762928724335,136.93236079855532,39.356303611229194,54.0586979782127
81.06386885196534,133.3013498297247,40.23736188773803,54.62349291468378
81.65996225564439,127.87430231987182,41.00083053596923,55.789096113100484
80.52463831999785,123.55346686160235,41.13707374799105,56.7312793434822
80.87595775331901,119.69905444550616,41.031338026661984,57.640965629684544
85.95629941068323,115.52855163637551,41.97351325532955,58.06353329018221
84.13523445151425,112.40574737620855,42.60962548873098,58.121755297759776
81.57863381671828,110.99109708325787,42.58198336690447,57.626254915490954
83.60520318516073,106.92621461659263,43.02873972584476,57.74056269550111
83.65378577054949,103.23011771879801,43.10816371622485,58.47091748275906
85.53044242551393,101.09537563421489,43.72660934413168,58.51094999558376
86.75240176477742,97.99439601766065,44.481282851578804,59.01610661257287
87.59913387291789,96.90528149573893,44.962015117002586,59.10088415647732
89.21623373064538,96.55974400949461,45.26165677308385,58.81918247758351
89.71754836866552,94.96343291168994,45.98772396253581,58.68398866367139
90.66625502915757,92.85531027979866,46.017846652293905,58.909221831048896
91.96569819512149,92.5863593167751,46.031827914131334,59.14306353637764
94.15026004071424,91.16834735996937,46.12073301628077,60.056798078498616
97.25084656664077,89.95259972141281,47.096464165935274,60.976293748525556
97.97218874636742,89.16491875028387,47.395626010286,61.74342636358159
99.9572931617326,88.52133785742956,47.7655684895227,62.90600698367848
101.87956976774295,90.67781364441649,47.81352783739273,63.398000401770034
102.34962629258966,90.44222653652349,47.44772765343342,64.03307421806188
104.53214389334188,91.05902340620624,47.545234985803496,64.42332712881998
105.66469809426374,91.65512880854295,47.18241919317456,64.97896447726086
107.88514788273353,91.30842160494016,47.20447699843712,65.23531983962849
108.94468457263753,90.88000954332398,47.316378292853976,65.53852737951355
109.5033634005777,91.58071016161962,46.990409983096384,65.75516014808736
111.00037309548472,90.44058538435362,47.71536279939806,66.34384871896151
111.05941734047829,89.73174682900373,48.49011964203346,66.76416709028524
112.02093218849276,88.93990616849743,49.29171791765368,66.79452573845391
113.53378329043713,89.40044849540882,49.74969000156095,66.43628214240852
116.29731345163752,89.18762499836056,50.60336984487063,67.05669695435992
119.32400186648292,87.91046165134085,51.74049279774208,67.82168494047546
122.55585696659371,88.09253549058218,52.062909211137445,68.26104858353744
127.60108661309012,86.609312500816,51.93733562981455,69.03736528297947
128.3164815542953,84.83602427318928,52.21347936499601,68.82340101443224
130.7791255808034,85.63660137329943,51.964923375273344,68.84072165532982
134.00034735468248,84.61216986999916,51.61454420816092,68.58794319769694
133.38423817355005,84.35588484935656,51.62007728485753,68.11327667959112
134.2793451066573,85.30989810816264,51.06184243113234,67.52819444546438
137.5336837267111,85.21956623686752,50.75341247877498,67.36273148264652
140.07431789641774,86.20887694155334,49.85665389354262,66.97615430755069
142.98460787903392,86.1805036009539,49.5172426752585,66.73978310792837
143.54252361313291,87.03781816825423,49.55319276605097,65.96688494943241
145.74212894895268,87.82054620663848,49.118484429006166,65.18100284965749
146.85536693563236,88.92825172046942,48.43212810362653,64.16750684770668
149.06448620454375,89.41461659732637,48.000001683571114,63.060403861270494
150.0147138826157,91.9598447866284,47.823082103565504,62.18848481329389
151.55934572825802,93.39580600901631,46.91407525584778,61.6208328744232
153.55584941124752,95.64006058879019,46.972496684729606,61.229850742005574
154.25964098851873,96.92073067660823,47.168112416104876,61.4244860512175
154.8407101786385,97.89495800618775,47.14999471247818,62.39576801582251
155.0140312862233,98.92902354644424,47.021051533310775,63.08351252277291
155.5141606054802,100.13567329533488,47.08287101312119,62.93519691743243
156.50199096916964,101.37317035580352,47.15689600237134,62.4838801455857
158.18654354111095,100.89679326679787,47.35945638392515,62.724078021049564
159.42991232752877,102.12845755141518,47.29021930700013,62.34987937658913
160.96829748306243,102.04568892388754,46.700522178992486,62.55916590819302
162.37897017951826,102.30257494999442,46.26161163105154,62.086069738229334
164.30999610702702,103.66306428555279,45.388223687853504,61.769061070240625
165.2790108110122,103.79882888475379,45.3904271528461,61.06909758929737
165.37230024987718,103.04927366388793,45.04877873020473,60.3951693099445
166.08714546591972,99.820186945319,44.69656420353806,60.13154480396712
165.9903081592162,98.20715411102799,45.02315412005618,60.25744868170137
165.8199836921095,95.57740138714371,45.023854429897064,60.643738930953084
167.61706767768283,91.93568659991757,44.99351993386338,61.32639660141365
167.4806003058024,89.93438105104207,44.50098935846758,61.509208514365454
167.14307346023605,85.80874271607468,45.032771782186174,61.0050883413437
167.6991225217218,83.53235580288398,45.089497378239344,61.11002290762378
167.6913180387878,80.53244675726395,45.063587674531874,62.011065612053514
167.72957112578592,76.99764298326951,45.069319548850686,62.84303659388029
167.82718185639487,74.74564544997833,45.209382410132996,62.671429224397
167.66090373296402,71.15555980573988,45.33495008392037,62.9157637208817
168.03849641022066,67.62939254075212,45.67180610265997,63.15549096249663
169.06513764240066,65.13674357770923,45.851266901544584,63.30507693255825
170.4637495010254,61.481526538771384,46.60289562799016,63.513224194790624
171.18568382135285,58.2272636716637,46.66904974677283,63.488123849446666
172.05449854925453,56.51744249342467,46.766771638892735,63.759034974235284
172.53722005008285,54.3525189800157,46.51163706981514,63.95382741273533
172.12870482655148,52.31577623919531,46.79263036983273,63.91439308694204
171.26048578227335,50.480033007765556,47.038981545280194,63.64126442414542
170.95554031715088,49.18002399814082,47.11224178542734,63.06945178925061
171.49503734261586,48.014808701174324,46.92395492930253,62.48342282278931
171.4741589499643,47.23684832335706,46.24203539071495,61.56117628296791
169.43851964715304,47.68219813436268,45.87878230764727,60.55797697686128
169.36749343973568,49.55686322537465,45.469194092713614,59.71264254717194
167.62825679981336,51.64953749906203,45.57106972965968,59.692204316264466
166.16791105733645,53.59768530239469,46.03475046861134,60.07822539432205
163.37132671835408,54.02018052357087,46.909978339233525,60.41525013255745
162.03899925247342,55.63488277866219,47.31335774113344,60.770338782622616
159.6454667411823,56.61207835353834,47.51423444737042,60.895169596752766
157.18176177949255,58.83148024898412,47.27429455538131,60.9348552048175
155.247667192739,60.65657460642796,47.42855240679061,61.19209785398927
152.1593356416465,62.291656197279245,47.192859132327655,60.918142624786086
150.04110553884107,63.45186291962104,46.47208257112335,60.350368116145276
147.87471359153048,63.78088790265956,46.46840825956773,59.70585045799854
145.73295485451897,64.29686526113485,46.359264638925254,59.5303211455966
143.4881284837817,65.01303113576954,46.33191813570984,59.59107489990541
141.08670578763616,64.83325015531912,46.48343639482221,59.13005590148616
139.93506846655276,64.40625899601389,47.01426559669665,58.53098736827474
137.73022554966687,65.51419270423011,47.1178396178769,58.91825506079006
136.85505691054644,64.94472629300553,46.6754521913753,59.80389839230102
134.72765788189702,65.44752975549,46.37390287852645,60.70487406124994
131.90506435627472,66.24126241428495,46.35635828227961,61.370232573310915
128.68366789162357,67.43566791145018,46.27732923587387,61.874329198456756
126.23351483056754,68.61688313472575,46.01238744081063,62.111836906126214
124.40380535570937,70.43671993075735,45.19015556121182,62.56473886414235
125.7801150356475,71.6881793785929,45.28579398141063,63.57159608388871
126.42201624123183,70.78408216988083,44.99038648629955,64.64549167604889
128.66415670170286,69.13681086786606,45.63919033937481,65.64546574141266
131.20257980474273,68.0436313289658,46.72712570372966,65.83103183901909
133.42005211495916,67.46275712187732,47.747902938460385,65.58469824483424
136.32283810214045,68.565612314811,48.58077348042468,65.84021885223774
137.16141095140986,67.96868905229776,48.92202725889085,65.46575583174726
138.26784862485707,69.15744389211719,48.81961529281007,64.94244782656979
139.3355477716046,69.66555887726044,48.68599035670633,64.23926404344567
139.89481129641788,68.43728109572245,48.98833837955903,64.0139684579163
140.94042182176491,68.52030329969325,49.171815109474124,63.905724309415824
141.01348133831016,67.80431284018718,48.908902108600145,63.81285247574243
140.85038782880716,66.800985582853,48.40169126231074,63.65806089589783
139.89700498491692,65.58517030505634,48.17037373056306,63.8512592825306
138.13323756489135,65.96750536410235,48.422098805752135,63.27574779778992
137.41119939768797,67.01448153483861,48.87508758427354,62.96551356544826
136.68895657271418,68.60935245119006,48.83140797485986,62.944842453417934
134.44755941663573,69.9958464956655,48.70205495577899,63.8433912869219
133.32301196320634,71.72752791238356,48.48939172588845,64.38548585476141
131.1645080323567,73.81172051861921,48.06559825320664,64.61396791752816
129.44554670858668,75.76461694266399,48.37690513803616,64.36117208634535
126.46908838311523,78.36506093368486,48.54609700412794,64.14573294158387
125.28903783529455,80.14376979499139,48.831250742591564,64.44969221977952
122.3218935975663,80.37501909759423,49.6950679312744,64.69842132958925
119.55179816257962,81.13020618761078,50.434176667000926,64.66281125821399
116.13522545937639,82.35696253321007,51.225234995312924,65.18926973744084
112.68967581242931,84.63147486803588,51.34492668498953,65.8733640787145
112.12951750612282,86.99892722048867,50.751329499270305,66.26566522250278
111.23941150481475,88.41424291711668,50.169278299219194,66.64955380681633
111.39342044797449,90.12418518089527,50.07805634912657,66.9987286988911
110.84281697554405,92.44463862215946,50.16225677753083,66.37634884730755
110.77885366325957,95.55906896831715,50.13889314929506,65.970627345666
111.07989851236579,98.29136286262062,50.24430688907852,65.57463067491797
110.89888407703934,100.28420553138912,50.56531029251446,65.52701921090083
109.98361346115585,102.85470396003228,51.07209792892925,65.87682654901857
109.02532695813372,103.44104359661264,51.14770006114082,66.63698702710143
109.3883501591101,104.1478809823522,51.88000574811627,66.6296117274775
110.5383553593611,105.20577263266765,52.878296090717285,66.40087667132292
109.61701050748125,107.70494640890749,53.01103761237099,66.71852528888718
107.8199965428469,110.0167421208857,52.916256862059,66.01021659121861
107.5992277194776,110.91971920550861,52.869226739270175,66.57365577066662
108.20017044507561,109.64217415969674,52.40286224697459,67.67584902887056
107.28129042620931,110.51810810939286,51.69979000359453,67.960729300331
105.31729537426568,111.77982475206495,51.37281241796761,67.80738387700157
106.45247457938902,111.24764218581139,50.79744345054627,67.73252602996311
103.9069064642912,112.78010026095794,50.752405001939415,67.46286768644796
104.43687548560976,112.99841366232397,50.57703094178902,67.18286837483242
102.55610002673431,113.43500390113097,50.54423314280407,67.00700955058451
102.0753315708333,114.13324395307717,50.467107859400414,66.85424544820275
102.04715892677206,114.0125655782179,50.46469606589507,66.65857712773082
101.1077903237449,114.53487221021484,50.03703988701592,67.3119523738688
101.25581965912546,112.59243797983697,49.743287960943896,67.86363277767875
100.82892195976132,111.51128144873131,49.63082602591669,68.1815678453527
100.75262838543313,108.59081202985152,49.20053392929184,68.20779892706982
100.71279406130535,104.79203650478996,48.98561967416226,67.28331247108939
100.27168116518565,105.1797429251775,48.83975165155178,67.65334545398379
100.05006984052693,101.6882822255339,48.85579910684419,66.80452170556589
99.51882695778673,100.73312042485189,48.24704609230294,65.52266014343198
98.09291748304321,98.76987524865685,47.752743015346496,65.24777834921562
97.48911865388978,98.09742652184195,47.26597624513314,64.7798769451565
97.60721842850339,96.12011142961343,47.53808737152696,64.41004090112844
97.5253537037154,94.16682634234597,47.68240543418094,64.27033736731985
96.8695758737652,92.49576401265182,47.37874305075401,64.23505614482646
97.53810868147428,89.76411249184139,46.96890850871536,64.20188158253497
96.55936148974138,87.62618547932396,46.22262414843725,64.05432328457174
97.58245084786405,84.16879731820367,46.2779030280171,63.389545525849215
98.05385687978804,81.63393843183034,46.5184158972212,63.27304551371426
99.96825413323437,79.26995883761981,47.547627867684504,63.555572992845796
100.30991686386547,76.3604694610784,47.53994447957675,65.41647503045925
99.64863244685583,72.98351624939824,47.9751504758046,66.49471321422608
100.85261482943153,71.01345816452461,48.80736667989147,66.91359749424859
100.26001972337741,69.64935795757012,49.31120946224735,66.88062394461082
101.42681639004607,65.96918473006825,49.71017580984876,67.2410576608145
99.74903519925653,65.69996830100024,50.383359422506935,67.70177193322091
101.27880773986158,63.6468393374675,50.68337053941696,67.50050231817215
99.38597382077374,61.434312397997566,51.33483089048631,68.0411398553304
98.73126117964674,60.76955755580056,51.58209544237837,67.91011055637938
97.01263797851666,58.06721181586694,51.90134014519087,67.94956289287504
96.28338645535723,56.88500898379545,52.140473660831944,67.77869738926289
93.34506621928406,57.08509468526301,52.4085559550303,67.29386679734195
91.75211911660428,55.62587118230877,52.52972619188401,66.95887890678131
88.262800089572,54.778710639471036,52.41836981540658,67.077980480471
88.04752168099688,54.905684841706325,51.67474254861822,66.36974493443891
86.9133885670814,53.99447301680713,51.10799634053609,66.19560693777582
86.29541795808547,53.423222245440996,50.636289162035936,65.73488789849972
84.49756011325847,51.79886687979794,50.17944976746143,65.32932869608527
83.92902630728086,50.82651068742852,49.99658789886396,64.63056125675796
83.29873411065037,50.5082032972562,49.67593485678406,64.00607800987328
82.61546428750246,50.59818886581324,49.403941149274345,63.50054528971705
82.97047879382345,51.73164036525131,49.16271756895201,63.00960869670944
81.51768341599482,53.05284334236311,49.15412566164539,62.839784605889164
81.55141135407736,54.108912206176896,48.77309448788625,62.70674519826892
80.40950838536621,54.57394552070264,48.4247068599399,62.39435429086279
80.78543547412485,55.945557743728656,47.86377932364843,61.43299436869839
78.83077310219744,56.784115790625286,47.13380276745441,60.90260440634434
78.624006086746,58.08156279830832,46.646766226934744,60.09706864922565
78.4809001861276,59.783304455589764,45.96777885567474,59.842283426169715
77.85571480798798,60.72354324730638,45.62869031191278,59.861164949754
76.77571039645373,61.79638581932544,45.128049120103945,59.85988779331049
75.29392394220733,63.02265470547444,44.53772154832636,59.776215034135056
73.61766801736316,64.32189383544574,44.49882352405232,59.39288713048517
74.2564521340262,65.47979614882594,45.042369711617035,58.79655562727518
73.19874856337118,67.1181425869303,44.991317292532784,58.08456216245867
72.41033158780544,68.20880501253674,45.20079696986818,57.755081264378425
71.81219562799681,69.85482828988931,45.39902827297314,57.32555731175458
71.26623691313925,72.01682219629988,45.31711412061886,56.90791844264377
71.79181065096782,74.06147057104477,45.094140878398335,56.492456255455636
73.04659475845324,76.9030576653598,44.65571223747837,55.878494503501585
73.95202695345752,78.47750365037628,44.639296580799595,55.2620725213379
74.56518662005989,81.01372775939963,44.39028975284006,54.634402745674016
75.21649685128011,82.35816652366158,44.53528562912949,54.219071197603604
76.81976157111394,82.03613691971199,44.97453913700209,53.808351233559115
78.30097078968356,79.85144404887126,45.38537595270099,53.8253366723536
79.65038140247398,76.4759535443839,45.33244543985819,54.39593781377462
79.6076383000127,72.53205256771719,44.68926945195926,54.86774464610585
80.48074753416697,69.28376798661176,45.01833737204793,53.822806087369436
80.72758397517816,68.06865684810718,44.70942807058623,53.59750124951042
82.52764427224346,66.48764015707681,44.136513658935485,54.111545358499896
86.06670587896963,64.41660105423519,43.62416917778297,54.68902118915262
88.88199066777135,62.6975244057356,43.31469506679329,55.53338633917913
91.48513803440312,61.17237988264999,43.85529087842109,56.651220084065564
95.09339439645922,59.44063381730741,44.57071632569563,57.995303130430656
98.07032018908419,57.01453621350234,45.61447578628309,59.85290161829897
100.54411650687689,55.86863613139983,47.00512997305485,61.47991598013964
99.95097673702364,54.23405250266718,48.6509792351754,63.38169570441706
101.43620007131597,53.46410116850943,49.94507371573013,64.66806971815723
100.3299581872632,52.59191241662721,50.258849021120525,66.86474994604467
100.54796451853221,50.98166201383867,50.6188065600748,68.17611314500095
100.90273320302582,49.84179454264248,50.59155181771647,69.18012319954543
100.8313328084469,48.77179792362685,50.84119098220426,69.73107222428172
101.17681612203151,47.89629490950993,50.94659110622905,69.27481835909819
100.06223925650829,46.62349758250804,50.951491898051245,68.63938059389727
99.97290800193596,46.66638828916792,50.372314906291834,67.67393553435635
99.49783921762372,45.69481039186992,50.247606326425384,66.85934153303864
100.10934975063516,43.965077622521676,50.02028854037459,66.55631369977164
100.15161120835407,43.14019307879231,49.65607926338548,65.8653773924855
100.66070403075268,40.97177831753236,49.39627814436418,65.37904912768239
100.09452515625081,39.95819211042608,49.127744946979675,64.65674200965313
98.33787019441726,40.02139365194758,48.90624928669292,63.64568726569095
98.78388989069617,39.62436635064888,48.346018878414725,63.299305695803
98.00707664958553,38.7482742355188,48.01064589850833,62.62701473303947
96.32053114500937,39.11073516142582,48.05014663857189,62.23694903375991
94.97987641771738,39.84045924741508,47.934075645768175,62.003030174868854
93.8182419093516,40.04193585881093,47.88931673700841,61.972239204741726
91.78995790521302,39.396484827430825,47.979995768234794,61.7289688517686
89.66024755450954,39.41009702293609,48.126435627051436,61.62342792868266
88.40533499308275,38.09068874890363,48.19461178979147,61.77946449704178
86.60011805714822,37.80294724444164,48.224659261437765,61.35593122102313
84.5526803085147,36.75446106066961,48.30622194208493,61.397142012868336
82.99845442733934,35.31678678890548,48.532633680631925,61.46158748403941
81.68529215229638,32.4433538487384,48.528330836995316,61.84131116390362
80.89596681188672,30.73764382890524,48.348454238914485,62.24512278987363
79.77486183574656,28.398783669219387,48.37403015608434,62.413949619407695
78.96420452649124,26.12603453424587,48.27920343147822,62.60560753824999
77.46948619117359,24.091209012256776,48.26548534747485,62.76492041885233
77.62365066201764,23.618418983541346,48.04862008337189,62.284772989672774
75.28500294277815,22.51951846013405,47.740786165466574,61.707087328799986
75.24897233071967,23.64976274621884,47.73277852565522,61.09269808562516
72.8959925060062,23.454884406805462,47.77464181964393,60.72953860720628
71.62548507404635,23.05057667993302,47.54162671339456,60.598784442058495
71.80442602484922,23.44563457170427,47.19915941763732,60.46067892052847
72.72708315366737,22.951178745069996,47.01256112336466,60.75935919095019
73.56209096797133,24.81805383346988,46.735594138822606,60.83403968584232
74.8502884657398,24.605793046302004,46.58887519919385,61.241649228259305
75.03785824979644,25.375174153199076,46.52821680006593,61.83201475532515
75.09399899382761,26.445613301021822,46.53055290559005,62.28970132288461
76.19651449891288,27.53853036185094,46.205574938785006,62.451675562279846
77.61397842007212,30.232524516683306,45.83664312345932,62.50889866313757
78.71490531625953,33.665345960849564,45.50768218768238,62.21565825206946
79.56601564370223,37.14873451673354,44.73004228564655,61.18849448258667
80.27792922388979,39.85354544529352,44.330070811459194,61.417795793649084
80.77146191546039,41.99173810788801,43.990844855312304,61.18173515641786
80.8250394082016,43.61257052753443,43.85247852530466,60.60747115406961
82.0925081371066,45.71301275910176,43.65316910017898,60.01271133044605
84.38893431197512,48.08198431334227,43.516669938003,59.82045446692963
85.39977498696031,48.8299302856368,43.559217837986836,59.66228315489367
87.5794072416441,49.3388932146664,43.92670894766831,59.878399345288756
89.0193262897752,48.975134220572585,43.951284074672735,60.25003310929998
91.51625870561277,49.40843651431033,44.34878095640701,60.504601546002036
93.57430320817717,47.95526733430561,44.644471354964736,60.988824103246586
95.91730241000127,46.30488289398968,44.799478276633906,61.28271365419705
97.6444535871835,44.826284725268124,45.01297324931109,61.50759635867507
99.61461158192452,43.49646724527267,45.38353696716546,61.557458159638884
102.72849773289553,42.473458185641846,46.029578294373835,61.151592247604746
104.98118269964269,40.11044217375414,46.50187473890077,60.870989082323774
106.59584096371476,39.84824836444201,46.83988666382058,60.5452087112172
108.39461236951618,37.7554375453351,46.952578255827966,60.11742130707261
110.89551784947311,37.61476200058083,46.85776211555523,59.170667328374364
113.45636258722587,36.41240235394297,46.55150232754973,58.35250458925567
115.52463359747463,35.240008015123806,46.266270798614066,57.67022417509714
117.58527218978374,34.372302186804205,45.90949089411672,56.964939830683484
120.3436645001066,34.41995380655956,45.94665753689873,56.314005490041325
123.0421147424229,33.61316617459991,45.98691706737233,55.676423708596246
125.07663785387335,32.97068295057965,45.89216503010986,55.431040663610034
127.3227329925292,32.095739001165725,46.027740408315736,55.266823862349376
129.6811446390023,31.682345467314807,46.02940056339807,55.159227895345104
131.47968871109484,31.12998925856544,45.93602459648963,55.281307497005976
133.44337153321217,31.247226363505437,45.91065008117645,55.516313980466286
135.5292159875489,30.755454586339205,45.95368094484189,55.56476633730806
136.71818767140098,30.29355137791643,45.70425615852811,55.60915754009187
138.46437972186098,30.069444050701566,45.65722079723211,55.36583666204708
140.58305884676926,30.149672788572527,45.32141021777992,55.19948640895536
142.99352937474495,29.4383070021454,44.73588462050775,55.200806348318096
145.05263145769817,29.045739453741056,44.296920204509775,55.42813912560011
148.09409503636715,29.18440175203048,44.123239968711125,55.72403364952373
150.29608744652953,28.91649665843791,44.05260866782604,56.138087581082196
151.58552979655926,28.954327176125194,44.2692254383324,56.68786392459099
153.71192895637597,29.39836634734383,44.33734424821557,57.01164027842752
155.8762663705233,30.654269372345766,44.512962384856216,57.15080444898945
157.9195791268079,32.199176976176034,44.786569225497466,57.44075117560931
159.53287050585635,33.24657916694319,44.889014596978186,57.29243171743772
161.36262264885085,35.087265898867955,44.81552124391155,57.25317456180047
162.79245609123012,36.33108330793611,44.49084276247336,56.85182008958091
162.6364660118568,37.35565487043573,44.37822950238334,56.75130968171425
163.57734017823933,39.096598546666215,44.269389022744875,56.751409805602144
164.38066636751822,40.29215261277828,44.11904488984594,56.628071963752774
165.62285084028568,41.50944231834659,44.386027062398774,56.585132262088806
166.46154316773567,44.460655824485,44.27609650715394,56.409538593317855
167.08264426515595,45.43136346910633,44.458759319713906,56.146146403974484
168.0390170120022,47.27090853293563,44.42531740058351,56.226652862543304
168.04218851083337,49.098019711653606,44.33675388582226,56.08107770855279
167.94588199524472,50.77554043600325,44.460030040726416,56.00143165322508
167.70214710498425,52.717143282131474,44.4756151235716,55.80305424237122
168.66639815803953,55.19386908418939,44.154321507832755,55.8903226242173
168.9244472916996,55.776550116926565,44.12339512481096,56.10411941322751
168.95586961753014,57.55516107721874,44.53015830319747,55.778918824430264
168.40154264921398,57.446386087739704,44.591995533172366,56.183365023237926
167.4221404368784,57.76670714162963,44.54896818790033,56.06411967163025
165.7940184699112,59.07494663436418,44.75348721109864,56.335211782581446
163.71349076868694,59.138813015826216,44.50621217302593,56.35136743356347
162.40894249453203,59.95141657039696,44.36836882379851,56.33811358293638
160.34099985519077,59.377228134556084,44.35877013183892,56.616112019960084
159.03624353328408,58.68755106813127,44.64744432426679,57.20310537018642
158.0658213662606,57.407775461240014,44.78163277452472,57.8760260488432
157.07666109539315,56.92231119148415,44.70642929892563,58.24571466869246
157.69403399944747,55.640184274231316,44.360000718180544,58.65481522866199
157.3193923693711,55.51860257534639,43.69846885858997,58.301115952672376
155.17768043567798,55.70756383983531,42.984676024468605,57.74003299946206
153.32281092196249,55.011636208307905,42.34572311159201,57.59918939281166
150.80490121156595,55.87261822645503,41.88031181567976,57.227338748393635
147.38530564826223,58.06432951799488,42.39479305001422,56.85154365249657
145.68641052180212,58.43165963434827,42.35292084642202,57.81462290171574
143.00821637244104,58.026254168844645,43.053369089297,58.45561291309008
138.49016409519265,58.64105838482115,44.10991851378892,58.98286008816985
134.5805341458452,58.662354816978265,45.00588768296111,59.77093716337359
130.7685777909027,60.01115610996196,46.05543811486151,60.640150907362255
127.433582066112,60.767964998658016,47.30026867958571,61.759057858745166
123.84864607560736,60.65497603003863,48.16928311664967,63.073267955598496
120.27052597081389,61.34259822734404,48.99701828702152,63.985456946836685
116.03276076698991,62.58462522635976,49.85403129583525,64.90560612530365
113.04880210081134,63.45351729558893,50.49695024943874,65.19437037246543
111.18034938266474,64.07615895363608,50.619784554979354,65.15587893411772
109.50229008085378,64.12217070894417,50.730264788087354,65.24698896603924
106.95238275421157,65.77285895127575,50.52389514953219,65.580860188743
104.70151136174425,66.23339486352069,50.25670130040311,65.85167776950368
103.51908392384487,66.94076132881071,50.877218021409085,65.26491504566114
101.6139128852053,69.04540032876608,51.60479451946461,64.85358421410064
99.50410230065671,71.3342496948018,52.161835675286625,64.44516458053994
95.62286964636391,70.9911607852071,51.862275913681785,64.25967882932528
94.20313364676178,72.28580597439122,51.798078555586244,63.483498206473094
92.27396970156266,73.11479049599345,51.98851828146421,62.98091513433798
91.1043961489294,74.07354016460286,51.703810272747596,62.40923479354858
90.2364758877599,74.29686502254334,51.39308430872796,61.63337333598176
89.08773840749757,74.68460475267716,50.9842151415976,61.59121709215243
89.48837109694682,75.76952461196562,50.716395359394035,62.01970810973578
90.35547309079516,77.84442022684927,50.81441466786283,62.068897211389384
91.02036059092337,79.53856987283918,50.58381786260608,62.61225880998879
90.73158841192992,81.7629155518973,50.6246201294141,62.7345365566394
89.46355312816078,85.19053098748147,50.51537600350146,63.081663454483504
90.9968983756786,90.26681609920209,51.047283988690424,63.03607832320535
90.62637229180089,94.47233780626169,50.04165899618277,63.97901020510663
91.34613440431752,98.3220465402411,49.423125035565235,63.81472419161558
91.82123273370765,100.91904576242692,49.06508878051349,62.79225551714143
92.29282746699016,102.57423936104462,48.09475520225554,62.024701648153105
92.65482979348208,104.3633248743462,48.72525561137499,61.17856220533595
93.81425368447461,105.77666473696632,49.406946178541546,61.512741349648294
95.4244728845421,106.41950802170106,50.3248759081368,62.39820617979125
96.5565438511758,108.52427738985426,51.048295916016215,63.73652568170509
97.24191458044963,109.17091291962277,51.496144860071716,65.17572680348826
96.71190246156877,109.5347724560995,51.98084378760319,65.99059954076122
97.90865209006306,109.46004366930948,52.38277447560668,66.60156515000105
96.90352199023123,110.2408737253323,52.23707816854121,67.13871475704109
97.52723998828579,111.2755889865611,52.34315469799057,67.24398187214149
96.3085246333015,111.43505196326103,52.61708509896865,67.95327311520616
95.79367594212606,110.02636447275034,52.78722324336254,69.0939385634898
94.99903475588127,108.30846113652449,52.857342007301106,70.22960914661658
94.53157196682614,107.92386656877683,53.14367028535871,70.1253937196386
93.72298108683556,104.62777304310033,52.50243777684623,70.61145732357338
91.73486429145966,98.903641086582,52.321985538435435,71.42804933109247
89.73291885440273,93.14908591982771,51.894908127942365,72.39663804289694
91.27200827662642,86.94379866148934,51.48598406331064,71.78726073920015
90.09513953445065,81.75000008259607,51.00068889766827,70.96981982630798
90.50951981207223,76.8431224363154,50.710253532969276,70.00865656265594
90.92605484682854,72.95543260571777,49.846468500825175,70.12231451746081
91.01556228909256,68.49501831511486,49.263149618542094,69.50563222677943
90.81531312825902,66.9826938245215,49.123724689533944,69.04298009674481
91.57753635860354,66.10980313443099,49.10481097039154,68.42461643641377
92.9067429725067,63.744656366465904,49.46485062535194,67.85198486248066
93.8619145328503,63.2172517645636,50.015814553462356,66.84740685925402
96.00321011043047,62.296776216979374,50.61738487062256,66.019180660645
98.46304343279377,63.02005785045412,51.233353220402805,65.05367688532988
100.35067724235365,63.37920116407773,51.626801078272784,64.93534587646417
103.3994989016568,62.79329363676082,52.65571797084814,64.85125017689418
105.52511329745008,62.91414110081995,53.20341124118174,64.78381446436927
107.5650325167908,63.34549173128873,53.57850835319002,64.55858851518784
109.52381762414348,63.59854021294085,53.651335591792744,64.25973663354674
111.42828483839102,64.74766890878297,53.29578794689751,63.84800189258117
112.8788713176141,65.55982455249307,52.972849899416325,63.56504068374373
114.93074041658926,66.6720082380635,52.934857532001885,63.7636867613181
116.4158160007166,66.48402470763571,53.469178619454,64.20109006552893
117.38126499509708,66.32329051913888,52.942723060235586,64.31019741969261
117.99450986732161,65.62247374329108,52.192709180435344,64.4945822931808
119.20963835273761,65.14738549341348,51.778809393059746,64.30398323160331
119.79938331058054,64.82470124008152,51.80946030169183,64.03571570950058
119.49436964600959,64.92011486878881,51.819111620892635,63.98318516055062
118.6809400349245,65.01950261202224,51.92564041398565,64.06443840471465
117.37344613824443,64.66063771079328,52.02742601694663,64.7313419742922
116.36853380512287,64.69334234465157,52.145075604797725,65.27697383521104
114.32837121281227,65.47030951920327,52.17360101524899,66.03557834833603
111.51750597097003,65.40415270804797,52.04477026159827,66.14363236985828
109.19131952348349,65.27680476306116,51.99679573301791,66.01324899519109
107.10985527478974,65.35069570313631,52.14342021429213,66.5609540182314
104.68576847728788,65.67030151583681,52.096712083984556,66.66578461056187
103.20565695679613,65.54824775561396,52.091038995359895,66.86165807432619
100.78124319440646,66.44970718884684,51.88551805135872,66.66315259802002
98.52671890318514,66.45734478103478,51.58227978001107,66.89206153513368
96.50547244837813,67.55249586933044,50.799199245258635,66.60523082842148
94.30434430614794,68.72266130603535,49.88394587853495,66.37925075075754
92.78091145568018,70.9164316148182,48.97002714419825,66.68199009382417
92.37563429416139,71.9413724273248,48.38834594973399,66.90623595217889
91.21072905227864,72.55690846223524,48.07052145043676,66.95629801092855
89.78978597230494,73.44942680970634,47.58396432158106,67.13500750605746
88.61682416808074,74.19983275335696,47.19396630870682,67.14797788155836
88.13965150616605,75.41776345418556,46.951247232816975,67.03834915163881
87.03514887474654,77.63504994510429,46.756014033207876,66.96927805044712
86.04943015430459,79.94434424252475,46.29686990442013,67.04334549579785
86.01036344342339,83.67347582324594,45.66011528993148,66.82737044699584
86.6024060715772,86.84994942811973,45.79556886533463,66.47730714838107
86.38571911481984,90.19429485649572,46.18868857338406,65.38049041424873
87.69818985231673,92.90406701929199,46.735671927873305,64.20284557901263
88.28036883841341,96.23032099170567,47.070139028922135,62.734707198241665
89.47550209527445,99.40001631324853,47.28722405671922,61.003694965495285
89.93001498061061,104.45952474975064,47.67247190093034,59.90944310713951
90.35658423079673,105.9463203995675,47.78599115831718,59.324520821482835
91.71340104810632,106.49015233770402,49.43547140385548,58.12304303085121
92.21395487054842,109.36669482709833,50.86001149456698,56.57099259796101
93.53164863939325,110.50765428406959,52.31010321636828,55.821719982427
94.75770545532933,112.04845878598991,53.18655375151884,55.887897834283976
94.93162895745216,112.28129032311654,53.69612784741279,56.023999319776514
97.72292756071907,110.8400062316152,53.662271027841854,56.413406778139304
96.22964934287316,109.4197260099204,53.22869840278844,56.91678064659298
98.99046075160342,109.33776108273457,52.682778824768846,57.28094519723368
101.10676650362211,108.106597334156,52.153691195014304,58.06858948115686
105.20049318951355,107.45654122487667,51.970652381642054,58.59961229894726
107.62137486784073,107.61613643812873,52.644007147088516,59.10181273967641
109.54663811482078,108.30012335390057,52.6048457806919,60.413452975210355
108.01752799854285,103.61207344653485,52.822288854510575,60.55013094545938
108.74763671618692,101.35663706865313,52.681424284441555,61.6731479330191
108.96902497380778,97.79816958795494,52.85008616279268,63.024733029455746
108.59401965630234,93.82590097237821,52.34076783643119,64.48290398863658
108.980932274769,90.34569925876174,51.57311540505675,64.56676055612829
107.28335558891216,87.62749000919537,50.528909588690595,65.00135896782817
106.555436318435,84.95756501686517,49.54633880118422,65.46766855102982
108.68148097024334,81.79988818959315,49.529264889871015,65.65431336615737
109.15741180696045,80.09825495246483,50.107373743132015,66.09437164186664
106.64567783790895,75.9931840610118,50.73473639177582,66.659072846312
104.87457695411436,75.1202464629962,50.79943247546606,67.68896947951131
103.49215659452508,72.92486590771395,50.93719823775071,68.44672330209669
101.54105650987822,72.59691545524208,50.98709609419348,68.71769764949953
99.21973926801792,71.53624335641366,50.99916541144068,68.75717248337159
98.34075074774191,70.19923884466783,50.840886024227814,68.87548931097093
97.32798663930333,68.01930815350728,50.5955681126412,68.57458266121805
94.89963783261263,66.80399321801579,50.37424229233732,68.27563022247814
93.72702344080191,64.7348217347471,50.237218716568485,68.05225024284852
93.45337213293008,62.83785056650565,50.03254126601272,67.59308360105993
93.54403306160937,61.397407367173656,49.919994034313135,67.27454740183879
93.51873740033247,60.038121287836084,49.613291810667135,67.03665813091798
93.29580400264088,59.35906828124948,49.30812088918477,67.08902843680818
95.34767127784643,59.14718667937687,49.033524140897704,66.51258648136607
96.62569407421961,58.43845451388185,49.17709140406258,66.0704398971721
97.43644331172028,58.7971291896464,49.18262616270383,66.02055909346404
98.9607142960277,59.29814446969904,49.19246551313499,65.64039297141571
100.78210837736783,60.06171263128766,49.454157807760645,65.45884568994836
101.6055646376672,59.62582946106143,49.743623766165825,65.95408054865797
104.2088114404594,59.04584235906,50.2685072853678,66.05474228985412
105.15353138739312,58.12069079270466,50.49231359396926,66.31895676518566
106.48002726537678,58.29774675833235,50.565114961247176,66.42982516797377
107.19781781894122,57.56707582247117,50.47700795232383,66.73320912820475
107.96649281729543,58.349677668507184,50.73931172415486,67.11356756038504
109.42724121968624,57.911222999329404,51.180535170456615,67.16858857114202
110.93272427642509,57.66025195124093,51.3910000739009,67.05893628837076
111.81065899738884,56.7514838810237,51.56089292769636,66.9755264077252
113.24935453295556,56.8599270107736,51.53201092982035,66.33975390392837
114.14594109412424,56.181598379333934,51.47455403119975,65.54218486370712
114.99501708546293,57.268110177649916,51.44625859683167,65.16707815626583
114.8692305690931,56.12455797032357,51.11160790806714,64.98813647602411
117.3689021475196,57.13487696143274,50.35092604042922,64.32210917533959
117.42132447632041,58.17683202832743,50.44940820415483,63.17477963990454
118.2828403961871,58.98192279895936,49.86221081991156,62.41074956977869
120.7965265683963,59.63093057821975,48.96053370406982,61.6431992565048
123.11236123726158,58.6688382223206,47.790764362143086,61.22376629061449
124.45022678772325,58.05430872795818,46.85268723193811,61.08484611044743
126.14549874085607,57.57662607504968,46.14418687807117,60.79579374887551
127.92412683335024,57.61817392403867,45.49953168719293,60.62863094465058
128.6294577547181,56.553869143672976,45.47249880888135,60.055229158564956
129.84251292004015,57.28220478467439,44.99791261668789,59.477490233396544
130.20633476328126,56.72473931288483,44.41036924541886,59.04041171366542
132.16996400647847,56.93734846842083,44.15390715337257,58.45856400412826
132.16488788040112,56.79971239337799,43.29397094746605,58.189344982377094
132.7868080256064,56.78721049237713,42.92088764081252,57.86709349482422
134.30305725540939,56.53870648337196,42.557182382653096,57.58799682419014
134.11686311436995,57.01301397976165,42.497747619716606,57.025698667291046
134.56219210261946,57.55993319600792,42.29316258881238,56.6698459649697
134.8396734619363,58.1545096019256,41.90466999549629,56.339053026429184
135.50399393623343,59.142065430012266,41.506516500839545,56.20435553670634
135.0712268598968,60.31936883580215,40.86499179464133,56.41167699737389
133.72136283851057,62.036470341972276,39.98066179107289,56.9252796281153
133.5230416066027,65.10162818248759,39.336716591238066,56.89525853708102
133.3063564131165,68.3336567089411,38.939998243583695,56.98066714045449
132.30917071049475,72.06037268186684,38.96733149422518,57.28171317235572
131.5652069374839,74.78110198148944,38.70643158281889,57.245809344533846
131.35797180822806,77.68926201229337,38.808400053191214,56.803126482327855
130.88640835013564,80.53826674214903,38.711643355789654,56.541412531954904
130.48855472575954,82.42284096772221,38.462755959041644,56.257089930341635
131.94681665507144,84.25094067919662,38.76734935848973,56.01106773822778
131.08081630394685,86.65942190962181,38.35979389122906,56.17801250012518
130.44398439463288,88.85592960102352,38.27048461587049,56.44337714890746
130.53971231376073,91.75299710428081,38.859716646209876,56.47759793157746
129.89925332658737,93.75400825238128,39.358636463055404,56.320421645584645
128.83581215999456,96.59021409001224,40.18755756119464,55.75217266334643
128.52696787679398,97.99696397403177,40.37216748093598,55.424214238996306
128.36527750636506,98.87884487009696,40.35608832570614,55.61625786774149
127.61201189409852,98.35623174862431,40.627292306434306,55.77136628660918
126.57130134964208,97.22551799760083,41.29077754711108,56.134586124166375
125.12931088897642,94.99965333413692,41.32620266514344,56.56693869633345
125.57534732148142,91.194195355682,41.93050989084695,57.13591920936515
124.45997760394265,88.26319486456202,41.67678944891034,57.68027464183092
124.01710130042143,84.78803133476524,41.63312408815644,58.34202223746574
123.01793499781797,81.4064022911061,41.8647350871088,58.90601103004526
120.98972460065282,78.68768438213785,41.89322228387439,59.46904718596395
122.34028476691509,75.37473167823381,41.525087829340585,59.86624432656009
120.68437317596894,72.79274470400857,41.19414119769526,60.209860952317705
123.05959452845812,70.97180399661761,40.98251542158045,60.14659200127017
123.28164042644602,67.58399356937181,40.72988344527913,59.84977556938479
123.36858823399079,65.07815343588355,40.09836297753227,59.59346906191674
122.2692409146429,62.171549740191125,39.57289146136662,59.3806959807369
121.21962602367964,59.274553412977966,39.123074726874684,59.15760069876186
119.98378450216748,57.096807071090396,38.82900354702911,58.83598366421424
118.1874459104998,56.28977840717978,39.2725015101649,58.38066476179561
116.66403443793583,55.85148618444708,39.8908614731151,58.02145955062189
114.64383371777686,56.368191760668594,40.577011767116524,57.71728702752
111.52339304950169,55.63526668153146,41.6218510428148,57.66691923878804
108.73569927151887,54.805877919549474,42.3192307099865,57.40650850171991
106.01999154979615,53.95677926061329,43.06503728960137,57.19160569618683
102.36471730774285,53.56046909007202,43.73311922860299,57.088264454608684
99.79400677551881,53.37949643822715,44.33760353310234,56.93824025155785
96.74762801384583,53.16968825162456,44.935443663717585,57.012902789752516
92.74142691067516,52.34230538727207,45.05318539718907,57.14434760514267
89.79905376768572,51.93356766092045,45.02502122174215,56.84120888681777
86.36372012129377,52.06084127384986,44.98611877423064,56.85520406990213
84.05167849562537,52.53520253032456,44.73090286174908,56.559174649775755
81.44411429719392,52.89765534298746,44.631915257482824,56.799111820775636
78.61495312657264,54.27136938328461,44.397932701417034,56.78070409731331
76.29303945254885,54.11963018851176,44.548997483851814,57.283986539569526
73.87560969181848,54.28720349575267,44.672245257570864,57.50873758629682
71.43931810337781,53.06840516564809,44.83822395370879,57.97751653562951
70.41617635376186,53.476666390501904,44.785463606810346,57.62921306814158
69.28077122972209,54.199725691152906,44.39469066969395,57.43540045133665
68.27556391205557,54.327271159673934,44.34744496376416,57.03361464549157
67.7053500174739,54.0391702722283,44.27010193803186,57.12019752294479
65.91767180554712,53.93397874337509,44.336990449211505,57.20113362711612
65.86907553482745,54.16687566201044,44.08919068084211,57.13252136037536
67.0428978313614,55.0804764587816,43.5303289227809,56.82496068937944
67.4515637738142,55.12939985495384,43.559544522273214,56.82622397882683
69.54212710540727,55.856850849689636,43.37029517651564,56.44763393527045
73.13676383124324,56.895751200603215,43.127785240316115,56.10565352686982
76.94612296683673,58.16878283523554,43.00408020612866,55.793118633230776
81.05551032927718,59.08584057344029,43.26453922300801,55.28534728924468
83.69101252452353,60.28872230063179,43.19053438238103,55.07546353266135
86.72835499355821,61.92549034124275,43.27987284366468,54.65554821903282
90.24741129034282,63.08062864023886,43.18680905914697,54.280960355095175
94.16265762651284,64.23830245598069,43.178909122097465,54.05008132674568
96.89715822864314,65.42984389806526,42.69055595860838,54.0239551629287
100.11426996176789,66.59308274922324,42.269931411273674,54.11814963888115
105.4009433995566,66.67472015371396,42.46271784410689,54.09355425978846
107.96476562107922,68.20221681341131,42.35740559252892,53.802553011545484
111.68479790589681,67.9181375242803,41.94330766718084,53.90744643902208
115.48586593877624,68.89516292874757,41.70991502106919,53.681130553450274
119.72006701000582,68.1377105579824,41.7200780946745,54.09090271517713
123.36050122689039,67.79808589919244,41.61690588893269,54.49077889361405
127.98232987318008,68.7722922149851,41.24034549729326,54.36683535153681
132.22828699233446,69.73682597340473,41.00220971662614,54.51528343680933
136.0587525625427,69.5694429082005,40.579609417274064,54.48142383694169
140.86159515491377,69.61867128594902,40.402890754748725,54.62161197938244
144.09015979913048,69.05510215752176,41.0454271081,54.77474966307868
147.15110548623923,68.8219750140108,41.82101049966006,54.33307137058324
149.58818148515616,68.9744464609033,42.32794485131352,54.152461418866835
151.2163338591555,68.8487065577626,43.003122179959774,54.15419020865063
151.02977158008025,69.26689540740001,42.93870891896315,54.47034806712267
151.5549255776594,69.22654122841024,42.70225925405466,55.145150463111875
154.1813366264612,70.05187376706081,43.87259818626672,54.77719295779406
156.05138426050823,75.91856184940953,43.985029821325114,54.6097280861264
159.2989078400981,78.06749269951453,44.1470809554498,54.19082985637538
160.05309151905945,80.69050237455592,44.10323154853875,53.930019017645144
161.3777982701555,83.8221834199006,43.72217818428615,54.031771615829086
160.99212631374158,85.37794020101099,43.57886110687574,54.47745157129324
159.52649112092197,87.46017172222139,43.34937895764864,54.96607566800207
162.02212023669358,97.16392503485633,43.43069820260689,55.242483227302515
164.81844118806998,101.35161625612434,44.02832815425473,55.07651240586022
165.8904556859969,104.4195139124957,44.46837842399538,55.80567824042586
163.44009695227126,107.15921678075532,45.364561646909294,56.534487740570455
159.47574034270633,110.98748251155088,45.65735148041904,57.224697955309885
161.49292251721633,113.81980821717029,45.59803758077039,58.1731985712012
157.8726937989211,116.82407742916092,45.97593999035277,58.836327723056115
163.4746650844217,112.87516109183352,44.745145765298865,61.08550021475804
160.4315034266692,121.03740250909448,45.51077892577454,61.47658210801934
156.42726437376854,125.3240194451594,45.88928171266718,61.370648650928565
152.73720082652048,131.5508839640147,46.377730473880845,60.9988364223
150.3306083876753,132.04822079897485,46.68947673386485,60.70520760988165
147.75969848144123,138.32101832635922,47.2741461824109,60.31268872698793
151.0756060119342,139.3008085308706,47.739385602931314,59.906287820452356
150.059310576525,139.4857221685389,48.172993901194175,59.52904177384134
147.60918285160707,139.26359204030447,49.10440565252843,58.86856212590652
144.8695904191952,136.9084586426246,50.239526281664965,58.28689586157388
144.48282491031773,135.25352797058238,50.71438274578713,58.02043321960487
144.24404762068653,132.8782493596892,51.15412762900102,57.84120566661097
144.44161507609763,130.87853848391444,51.702007578332015,57.716441379189526
148.92582258062086,128.085015428324,51.904690324717684,57.65378875608695
151.47411514184307,124.27673574745124,51.91843196924103,58.14241413879804
148.25064357024675,124.6636817225389,52.20100982083824,58.45858802552916
151.90860046600523,112.94353924512235,51.538252309838846,59.52630675721772
155.0978343911272,109.89577833768811,51.087036752227945,60.18153430633914
151.01751846063482,110.89825337657051,51.26387392403428,60.01614581018597
130.97990235639398,106.82942218423983,52.387106468209296,59.43419416591667
129.83092641390442,105.48232520552622,54.093245563748276,58.8074216411814
142.07492504080727,98.00945741912713,55.09613881287224,58.73657472496592
139.6517467673468,97.88732302760995,56.482097877874885,58.478569292778865
140.376770184401,93.56155607278238,57.20765824820372,59.409745784373705
142.6090279896416,91.42400046007566,57.139392885677886,59.853613494772496
144.01791624897248,89.6427128038908,56.29407759061834,59.82756647552295
145.69612550787696,87.04637798988057,55.02308349602718,60.22368439913669
144.87042427779934,84.92147600386207,53.60493568037979,60.343594114581904
144.78123281421432,83.55926748808864,52.1865526125242,60.13249621921834
144.29810383039074,82.9561486045226,51.209880597032324,59.93646438452854
142.71091119140482,82.22896393057678,50.98395225920521,60.43308531933423
141.23277995927134,81.67498206345257,51.41189655673942,60.80955808392474
139.70636430694955,81.74429803115122,51.761699659326105,60.80827311658222
137.5703732655819,81.29647057985053,52.59303533207298,61.18655547060342
134.2180004129472,81.1279291690181,53.21871046925769,61.58378125266769
130.6547269928586,81.84471501116185,54.01505282258796,61.86354019486791
125.72366326738614,82.43536465004993,54.39240091562271,61.87264008701361
119.495533077256,82.71059301598528,55.10943686198408,61.850230797579144
114.47537617522059,83.07136587233933,54.299653009804906,62.93545302539228
110.60340361002812,82.98261601489111,53.54852768273134,63.1905156312356
108.25621091162117,84.01503934524746,52.51370031861997,63.240514723238974
105.2441171189108,85.44850458314717,51.76438746153582,62.75215194305721
103.36573132740085,88.73999174016701,51.2246755278626,62.26553640511006
100.86925069818156,93.26957605630746,52.778230152924095,60.41363458038533
98.30586350172135,96.42657938720171,53.54479412714335,59.338040298815315
96.26871951676407,98.00645979192038,53.686856869701955,58.65944418321037
95.98245735120173,96.605417747698,53.0245443840389,58.84656879327683
95.21914179731472,96.48727514655278,52.925176398757195,59.30561763823603
93.47043543303555,96.4229785017123,52.57284957577136,60.07896432442804
92.27468548226298,95.18699119339794,52.742016046072585,60.184307194764656
90.18384117401932,95.39944606560054,52.46004776024668,60.37549132433711
91.62918307714314,95.53298503315881,52.22613847487307,60.69809048463379
90.57887854198796,95.14725546395988,51.76728094476533,61.03353750397685
91.5951652244708,94.84896927648224,51.638722047992715,60.78986343995203
90.23899200452439,94.39103235567708,51.23820470881752,60.759445536853335
91.07612640250777,94.31694148221878,51.26689187407819,60.580386667686774
90.03581775058963,94.06763467806138,50.72197106718144,60.62490994897711
90.6330939523896,94.344490960511,50.19838385828364,60.45610883184132
90.36691264838319,93.7556141663652,49.6279607597764,60.356429143956454
89.03685173770356,93.90372845540573,49.05321095523538,59.99089618903482
89.45069616711012,93.58236783713052,48.53709479716116,59.671045864248725
89.14013653614293,93.48037016480582,48.28778567574516,59.47785120431095
89.15952200995432,93.24765861438564,48.38236389344279,58.83086399822075
88.46877337384058,93.0920852657921,48.43370054784192,58.48235881991196
87.3944535095025,92.76978314047368,48.688408291616646,58.264328232921365
87.18329283726013,91.58161068444174,49.16382688790405,57.678686603237196
86.59110259555362,90.44588230038349,49.681892531000294,56.778346095810505
85.92964780844079,90.2826022119447,49.9566581223387,56.11943585852637
86.7383320133526,90.30553496478072,49.98434333762188,56.383692067923164
84.98030674699226,89.36471102119575,50.47877979563553,56.52996681571172
84.0090544126091,88.75128899661658,50.654528883499744,56.833902022306404
84.48112505188624,87.40626734361777,50.82744910072642,57.16228174836323
84.09391440403498,86.73470220352286,51.08010558157529,57.43349091839986
82.699759818178,85.57729207508584,51.53248869738103,56.96088470356371
82.22398618667842,84.28972391011555,52.56825064772762,56.46960405466821
81.0093325187612,83.28666057354333,53.82002197281986,55.61726600994766
79.95386450785017,82.9873117772159,55.17840041893923,55.01752758079771
78.20711363129041,83.16752173013006,56.58285831639164,54.28417655218954
80.09617665118212,82.64829496504196,57.33062787215877,53.453231130835285
78.61997426438509,81.77246592058495,58.04726504283231,52.63466541146072
79.98280663716284,81.03544111425913,59.14243445712789,51.58401843559615
79.33135030823958,81.14485989796577,59.62713293688907,51.04640160826273
81.03063914312384,79.095237464208,59.44127566125508,50.377128027902316
84.1330439000717,76.02193997314777,60.047432639058556,49.90894830604326
87.63887119096738,74.86399097435779,61.520374309708615,50.01101797835163
88.65583802163871,72.67442638639488,60.73490988187881,50.94078487629281
87.74336728347879,71.29530386690423,61.0832693078752,49.72573994869086
90.61214339595604,69.13413511227203,62.12549508661331,49.49865519385613
91.87270846979433,67.90420325330862,63.0145660116296,49.68533675808117
93.41492848207557,67.19439876153422,63.88884977056016,50.16516151282826
95.35081100324005,66.21428736975163,64.58037341689086,50.32941182992462
94.55267540650757,65.55992205158162,65.60113154549452,50.50964271994202
96.70356269154054,63.361676562706535,66.17881158816053,50.57029061144951
95.72948360901438,60.58212346944292,67.234318612523,50.44692981418158
98.53634322633786,57.88837462922505,67.17750560117317,50.437274593921515
97.98929271412061,55.99611316727554,67.64213115125004,50.24946313290233
99.84449369942422,54.01648772479554,67.53637395603344,49.8405284976902
99.05042487348503,52.54292661994947,67.40079272630479,50.025261047500756
101.66189477778924,51.18709898357287,66.80774479010236,49.7024223970667
100.99981414218438,50.65423350588594,66.60759106173171,49.61424211949225
103.11289220453952,49.86178629018484,66.32173564007012,49.55787950324126
103.7944154652116,49.21829591441953,66.42313196788521,49.58763641024368
105.0850250407101,49.01035536612369,66.31880338085307,49.73788979482401
106.63251512897534,48.97121658023316,65.63418377904486,49.803380715574896
106.19304108484143,49.00210270418164,65.2160731657975,49.911010619977816
108.56560542111569,49.28832720324044,64.34121474547673,49.39339429642313
109.026536914527,49.62214025567456,63.98058963030101,48.984372151830556
109.63269064113734,48.86948071725395,63.56554156743448,48.77159187297414
111.35769799472087,48.92962642308798,63.60404366782359,48.73385495068023
111.50318672439818,49.00427500968749,63.49366692613273,48.530564481603044
112.13503285796384,48.53202920175097,63.10748884252267,48.547503576247294
113.72268501662218,48.0715575370382,62.34604174680939,48.41235821968345
115.00275866600057,47.851967568146094,61.827131563912594,48.04389218092425
116.55718654747804,48.54248984126359,61.468524233117094,47.61078029526894
117.06991331956631,49.153264220080445,60.91175005743648,47.118914340789225
120.348409085376,50.90963998017936,60.581664348571,46.46907857490963
122.53881514367146,52.20659072419008,60.18019230842661,45.89883870035254
124.18541263032753,53.292283838314674,59.78321491972444,45.24522407378029
125.48520076831059,53.688179384894596,59.23964745952371,44.54641547396142
123.68937009528244,54.16689126664012,59.00895568096148,43.90506718449419
122.74572153138837,53.87741192726457,58.639965233981556,43.47319677217321
121.41684276829595,53.78347719317002,58.16940301987099,43.0930143657247
120.42958700975338,53.988775003616006,57.815139607909515,42.62279724311874
119.66776193341894,54.28620425053535,57.53808873843025,42.317871000256616
118.31058279800541,54.69541011408413,57.315053582362154,41.90379167252733
116.45607123815878,55.22295569076772,57.14843201821755,41.79573690469635
114.222991139068,55.61189039411697,57.19144215383806,41.67329268892346
112.20680467415431,56.51321142259967,57.62824881092983,42.01240478234868
111.02661344424843,57.06300920873313,58.520197294568206,42.84011443163938
108.69115443366249,57.98827955977867,59.264703448598354,43.79827500632747
106.46665500042944,59.08115289953571,60.05169474479775,44.765491726700475
104.089552188907,60.02915114348205,61.24218061839193,45.664810504463304
100.34365305174758,59.99972694844672,62.41218772068319,46.50794998311505
96.46779114461032,61.006682239035136,63.35820264976485,47.2307818984287
93.34106667010455,61.65874835111778,64.42628830608228,48.05771861919445
91.23854509201016,63.75545062061024,65.06367470682369,49.30591535660723
88.30146691016196,65.47299462850144,65.53136649379888,50.412404679997195
85.89381482158424,66.4829384828601,66.09103111788426,51.206814647366286
84.08810754358329,67.85460515922675,66.2273270368012,51.65597163391217
82.50481214552485,68.54384457455589,66.32478145176877,51.84966234556652
81.12945756333923,69.28703305594112,66.08843984442676,51.90910383086276
79.95731483132747,70.07058383861218,66.02341782859189,52.165323011942455
78.79709173385561,71.48073267874861,65.76351290926256,52.48289898126676
77.77876876792698,72.84549970225603,65.44154988001446,52.56151188783468
77.31380856015365,74.11366560087077,65.09862049735861,52.35844563358921
77.33783843577095,75.74225569664698,64.73569658749362,52.12537337508124
77.8766466553944,77.33774444078657,64.20647053673551,51.651506043815004
77.65688458190186,78.76389491834061,64.07952435872745,51.38986876020043
77.8766244576819,80.65697205114347,63.74447743589175,50.605755357631836
78.1387989982637,82.67510054132198,63.062978220283924,49.97113783879215
79.14249770391007,84.56973952112992,63.10407347905037,49.41262402979579
80.29837591659552,85.10110548780335,62.87796487510589,48.83056457512477
81.81752405768266,85.71503318857484,62.720424971105416,48.34772014560478
82.04805267481908,86.22149425519476,62.39833730723093,47.834257338632185
83.92255865493951,86.28633798112614,62.34560749535126,47.22031549676812
84.71910675034226,86.84472411160695,62.015062016177524,46.64505846693902
85.45418179804503,87.29232852265568,61.49753671859304,46.15496897453251
86.82132975924942,87.14379954692129,60.883192282771766,45.78854199500916
87.24588181719704,86.87366252122709,60.53758684031556,45.384910216014255
87.82301563960483,86.5085732348306,59.850556071987704,44.903707234203644
90.66982722060217,86.43932353539815,59.38471229842075,44.568439412094584
90.72799138383188,86.56890562930704,59.29940501748225,44.36587062425258
91.07355472112866,86.510123101195,59.04337889830861,44.24895518025539
92.66184464581588,86.95872531272363,59.28465884164352,43.99830099533061
94.01399195395368,87.2846812989755,59.25141763494436,43.969571677207696
93.67030121532294,86.48619624954468,59.33081933773073,44.13506565988891
95.89109374023033,86.09076040138439,59.79190753239226,44.63794264361832
94.77697512667413,85.30102773461334,60.60890501627193,45.07105425554175
94.10928995885115,83.84981620891224,61.33797666684406,45.735121193510125
94.15440038405879,82.10387042239722,61.974147429912186,46.042881621062875
94.95487900160168,80.425501184214,62.60220530674961,46.54317454651072
95.14417780536063,78.75669403093315,63.29391233141862,46.96970110168387
96.73058266479681,76.74603817039036,63.814471762707996,47.44822550930816
96.75106412051812,74.75651617071982,64.46025234911387,47.76014738302362
100.41024866343612,73.56158798894091,64.63479555575836,48.27242429597412
102.40441591286654,73.25512608668936,65.50207524223076,48.975268829875986
103.47822568846513,74.02555956076458,66.41092656200527,49.494599950344295
104.89666322928296,74.96166453721905,67.20466814525608,49.9634015216358
105.14693981488999,76.38795841050239,67.9423839454852,50.15013495922744
105.92590819383848,77.5360302487112,69.05498132149935,50.24043752037393
106.94287362679995,77.9130667680253,69.69528055430077,50.174680946169836
107.86018089598193,78.65841902238641,70.21243307907771,50.25282826602276
107.33450666705488,78.9716760039246,71.12271069418885,50.6022366490615
107.74507276756782,79.28592303762237,71.10023567204179,50.430899478257146
107.4029415392617,79.37988634719227,71.24026134944106,50.39317364332374
107.3764179747222,79.41748207899724,71.34837473251,50.15859238584095
107.52825859280539,79.04608686328436,71.1544096807809,49.99526960992648
109.26976453953372,79.0691210712984,71.28096042274598,49.969220639466734
109.73757087638353,78.98087513670825,71.61266146784214,49.93460433074672
112.61367055628712,79.84429293223681,71.62630073108184,50.44235974692225
116.6004751526149,80.71364325114838,71.27504604587256,50.52009611509582
118.65426572171526,81.99302992517718,71.17700975706758,50.525939924020626
119.74985543550073,83.62620438388632,71.56752374037006,50.407406949366646
126.51434683931473,85.56023925958439,71.6583109827909,49.9176628987304
133.2094002353516,88.80444165816786,71.57723186253108,49.56018709478856
140.1042701293279,94.68306200922139,70.84748200377778,49.510907475139994
145.5060131816361,100.64873213777649,71.40945820232301,49.73890426179199
151.7748017915956,99.41225027913204,72.28065726566815,50.01881306460641
153.19187718887775,97.49238007625505,71.2067227072183,50.47215134023344
159.50890745800564,98.19856268810744,71.55786686561785,50.930704032826554
159.4982337747008,98.89548588368922,69.18351973798008,53.067630089249064
164.47817093882668,98.96476041653068,67.95266457476737,54.41805559479417
175.0518599184025,101.04488988209548,66.91849538636765,55.441059011839634
177.6852379503268,99.76561426163657,66.80966540513013,55.79413826026476
179.65745198308622,99.7098108886138,65.6163786493495,56.28445739220317
182.29031525252438,99.41771293534148,63.98816574801589,56.45505705608156
183.8901575004197,99.41809819472836,62.72896088841759,56.70817118062408
184.62259086198674,99.6744475554998,61.79227005572921,56.90068505215981
182.56507559508523,99.53104663035194,61.085783122033455,57.17314567381396
183.6161380526687,99.8881116137342,59.94560385982825,56.938195774827065
184.6191245032943,99.93269786526405,59.88884386732186,56.559131343333014
181.61704231152382,100.56163515679256,59.770097751290066,56.21247343651116
184.22587001621608,99.71835235665597,60.46754387007327,55.79599762633818
181.39601024647592,99.4420221088928,60.819670063911495,55.394619263450835
178.69151463005994,100.05107390787019,61.10863899983791,55.17504003330534
178.38586014408583,99.2178381766089,60.69529000707974,54.9602934200757
179.35412385255268,101.44831453423566,60.673614970898626,55.424772910022355
179.3276031888877,101.80380810283025,60.96139211494568,55.69163412383491
177.72608189905327,100.60646669829646,60.565565370884094,55.17688929008024
178.685159732329,102.82065463356177,60.53139891922981,55.454799373071324
177.17465023192756,101.21424859527936,59.71241752902622,55.16774281827324
177.86404322523373,103.75597010800121,59.94303539106191,54.94290899235345
177.3716910453717,101.97921740496577,59.455219637794656,54.5172705404684
178.45916957070511,103.920954965194,60.037861940918106,54.74832312234351
179.41750152663656,103.97275966504738,60.00127598716222,55.22196438210252
179.23768701686305,102.20394516314597,59.42088283616556,54.60713996335895
181.34571698788622,103.51111108447034,59.75654971220395,54.606705205900035
179.798405729783,103.0403475837968,59.568988104417414,54.27791393751748
180.05549368682526,105.0996159166879,59.64351558426908,54.399266893469914
179.99027415198927,102.91142010555498,59.22274848242846,53.99349632625212
181.10595412032984,105.38940671376241,59.17671702932885,54.01320012323448
181.70869457892994,102.77728395352099,59.273083808433014,53.82472734766627
177.59631530009597,103.55730449773182,59.178713375927586,53.77541020772331
179.03629291510913,104.95236898044058,59.64920007857951,54.01768995660024
178.69151027042685,103.32744773867958,58.67128883310061,54.001233192380525
179.3898080414736,105.4978411600658,58.23149106961351,54.19827241085686
179.5004554837478,103.7418821055643,57.56494305129133,53.85101245360621
180.807230666496,105.31247489785204,57.463745152378166,54.165529889126546
180.55520097632095,103.24168086657542,57.01912687369354,53.77350474672376
180.2665206572046,105.10275079220764,57.71644449704223,54.091190334912426
180.61839702469322,103.13204308830285,57.47331308922677,53.70444450309798
181.23785260494404,104.42923560958583,56.971186386885556,53.37893148316081
180.81293048067351,106.10376582701421,57.7766596079272,53.717793764444785
180.7912727338749,104.38578641209025,57.09712436156851,53.32740166693982
181.52259409464565,105.82188092147838,57.4909802390794,53.432896669159646
181.92508149665042,103.562066787155,56.874773240765414,53.25019291800048
181.019144325608,104.81783541458942,56.54951040824393,53.08941850721734
181.42861187174347,106.07026880590819,57.194780223390296,53.2233847705393
181.88732360361456,103.49587480075161,56.62059627566791,53.166935869078756
181.44767122429218,104.09944137367236,57.1250591952376,52.92048112184642
181.6102854312547,105.67618739268019,57.950882183404545,53.336908908430985
180.08341523670953,104.7373902527351,57.949660891128936,53.227170725056716
181.46726348733205,106.57534165908919,57.870493404471304,53.552659800013316
179.3497276428371,104.24748920768619,58.103015445176254,53.490123488067134
180.02365452870714,105.13731117354611,57.24367415965557,53.26433187606468
181.530772604284,106.6000796992483,57.43413537903103,53.35957181173612
181.81843944955824,103.94872848188693,57.164809639980575,53.390689258818476
182.77459887251513,104.7954104085277,57.08895507991734,53.147568997799205
182.0516419923993,105.23389951150779,56.915179137161324,53.0220398999628
182.13799332176387,106.84672154032494,57.81714858136034,53.413133923306894
179.03106467782655,104.14631091064192,57.902069578494036,53.492751950861425
179.83461081200093,104.56296762710036,57.49490952774323,53.141334501163676
