130.5,132.5,31,115
127.7353920717444,132.7415283501231,34.615291341263855,115.79957374332679
128.8688520366041,132.2332181215459,37.87061395762599,114.88450529571897
126.14874287003349,133.27881786489968,40.2830369759784,114.00712364386548
125.30116452730061,131.99137766694713,42.65885253834006,112.8781704597535
123.30804425877386,130.56471187044747,44.73571550047289,111.94241237303478
122.2941737623085,129.32413245177207,46.144689649131,110.53845034170271
121.71277152527485,128.37967386322634,47.12079781732731,110.301516841304
120.54922836675522,127.82356444179372,47.74922340305095,110.66046422363607
120.05930518339673,127.6139753918831,48.0177451376001,111.45650607129247
118.72496527186718,127.85784572949755,48.22334360079594,111.36719303149485
119.18705856712036,128.07993863819965,48.532227383824726,111.73112967016444
117.92346883972652,128.37436094223392,48.775766692356896,112.41290946128106
116.88945041640466,127.39405752367497,48.729328527175085,112.45290837393759
116.93874753667274,127.1409121555871,48.80310001167935,112.38052640303249
115.74314295116199,126.92136153691565,48.80541772418951,111.78686153663088
114.47945932657288,125.60577897002355,48.87581332801249,111.33459590335576
114.3779155241118,124.88211634018344,48.84229887988844,111.14129568619883
114.81939565024945,125.39416239337132,49.027588926113204,111.56283687202125
116.05727621408555,122.97016593771565,48.805092940881785,111.2023189076307
117.41401034078643,122.73325459445542,48.39103574590594,110.85205570290437
117.07889887318429,123.75385876916744,48.09863371401198,110.71236176445291
118.5315990968279,124.00380984693903,47.52701379383962,110.29496573656522
118.77942120611557,124.36980050332224,46.81388089895469,109.74081741468358
118.73561843488403,124.81776539153933,46.42885221533401,108.90774456576348
118.12964417111162,122.96350323506368,46.47154417492382,108.09332347466204
116.73453720461205,121.82575660044489,46.503650445722016,107.19341744046334
115.9310171709638,120.67115879974392,47.24194882190603,105.98246977137273
114.37608217123221,120.2361299515882,47.25286414378739,105.6138000173134
115.3198002460114,120.03907835629015,47.68768169830007,106.0447277732903
113.79903476868189,119.40842808627175,47.66718853644298,107.17975851087596
113.6026893384807,118.79081721061809,47.47931239454892,107.02121397819434
114.67898922460282,119.08434018599402,46.830479159017344,107.4380373225627
113.35136184784189,119.20572637398197,46.700777457308476,106.82929025209638
113.9491275772536,119.34664378290606,46.500716224296035,107.26462185804581
113.44842023887604,118.6653171411484,46.42536619825424,106.99358120807418
112.71491411786022,118.07045122867623,46.57866798915977,107.34031518403093
112.43037565561676,116.8822281049768,46.66601835663033,106.79587348434728
111.60079894324564,116.55990176006208,46.57031447966053,106.4678416715751
112.32165293950635,115.95329480084968,46.308954883440364,106.8670836532972
113.6614474381725,116.28587685455528,45.994895184890424,107.04010545229617
113.05052275100883,115.25002983890242,45.76489033024439,107.6234442046331
115.77032352435249,114.91504372007105,44.7711439242431,107.52667409362486
116.0988813118907,115.48966809010733,43.86022077465613,107.8086703229203
118.17017186111227,116.42298239978103,43.346764556050005,107.01507575165333
117.85272581887835,116.23921554351604,43.06484070395241,106.07094011451292
117.27133895506167,115.76949065546546,43.14528408547832,105.47226282590918
116.84369544501,114.96281060101381,43.34264842043532,104.69570222329516
114.90203277338576,113.74616786447227,43.390154996136204,103.8525125052619
115.516161129287,113.83277212379916,43.580687671082984,103.77126453596267
114.17000435417287,112.01998589193326,44.0701308523537,103.14328217868008
113.75070579518635,111.0224006503339,44.51336931845031,102.24667872274608
113.41996105834164,111.71215898010945,44.725916697098455,102.50387318380047
113.63280596477003,111.87955773341938,44.62917943512976,102.21370913275511
113.06325579070982,110.92771844230596,44.37943779659397,102.64163166582577
112.88356289426194,110.91216894256111,44.20054763238219,102.20197496901878
113.33979862534166,111.64501539133146,44.18101967169522,102.51508840025159
112.48223315805592,111.67160591944545,44.05286921798393,102.75143422381102
111.3315394604771,110.58314787637272,44.22940157163764,103.38225744210526
112.39371538271416,110.29068965610193,44.212341664037936,103.14249927632358
111.19938037502617,109.3821011506383,43.88806049609482,102.87908031709702
112.81634708075353,108.79388584555096,43.63482328596454,103.20087658269392
112.20816879136216,107.65776812744575,43.4587501553128,103.14027157624687
114.26538121721072,107.65044468399198,42.763227223934265,104.02933272831021
114.64293859885525,107.26312455367733,42.372993827136526,104.3466413911345
116.05243250636163,107.20258473546394,42.26655903641578,104.41043394175989
115.69181653438469,107.8666284486909,42.12169788125236,103.96368302548741
115.27386474350058,107.28465049997317,42.230299030960325,102.5223239529064
114.22291903205952,106.95335367516905,42.20358890278654,101.79899159429013
114.19487108441449,107.66196420964229,42.51654684241103,102.09486213720585
113.58137351508577,105.33181749524627,42.721847559300286,101.24085474278621
112.74390534730574,104.69848179583661,42.8676025336619,100.78288207670226
111.32227696796518,103.59251343290296,43.14239858944691,100.87798916885681
111.71792822045248,102.52570172999728,42.987443318721425,100.09213988027119
111.3978062432162,102.29298792126905,42.717330691982895,99.82183971070984
112.30741560731371,102.2535730658746,42.34398021749574,99.6549085187363
110.89517240210947,102.34070092851857,42.559702933141054,99.37940701017897
111.56343196537931,102.91420669898804,42.562344248953686,100.00855332522758
111.73222902916683,103.88088986951746,42.586470504545886,100.3434021636121
109.5400648818884,102.17942213142493,42.66427261502073,100.40931748102946
109.81330555321587,102.60671489476178,42.56094507094596,100.23455815436414
108.67229949639045,100.85534057716076,42.633307621761105,99.77680702607742
109.4749043796059,100.37015007951868,42.30377672839235,100.13885932129595
109.20484777451415,99.69983567155441,42.1046914326974,100.34156143949349
111.57749354516865,98.89387821514258,41.26157698680159,100.52916757546168
111.16989882536146,98.7509725172599,40.70662527784879,100.60459765706862
112.50685287632902,97.43615414397252,40.06268949074824,100.21372253802754
113.31842626002796,99.33894435958557,39.85812814300522,99.42692996767178
113.93092055895434,99.52082379854824,39.51683431310444,98.26266235218237
113.87900617869172,100.18379610100708,39.53088206496888,97.44746106725293
111.80548587734191,99.56340598060098,39.96226352612796,96.84760290894098
113.43402122131468,99.47873041452895,40.28158215092655,96.33380643185117
110.94706801925943,98.40261580711282,40.843334357344176,95.9700754301612
112.04408250261848,97.89795147899274,40.75229005745044,95.49958991461031
110.55501897648183,97.29231381389418,41.064910031552955,95.99339549297255
111.21519116610094,96.48831277593418,41.059274362031545,96.05705588550481
110.50254318910493,96.15153692173605,40.96693044061156,95.96350988233795
110.8548612734566,96.37503760724567,40.88394788833658,96.26582061411334
110.26825553673352,95.94062363076971,40.621209797802656,96.3497259672728
110.31084954961769,96.6389302515949,40.617466534681476,96.10812747896408
109.84421890641971,95.5572471204514,40.46396551200303,95.77675277826891
110.6320596394592,96.09954891033661,39.94431038545499,95.23053554340815
109.48790519063392,95.22824375611674,39.88361811390084,94.96971167063454
110.5710854369693,95.46491183747146,39.484103443564365,93.92563689431958
110.44732983877367,94.88852922104482,39.294138988453035,93.78260406389465
109.52999161558509,94.34588994451533,39.296436451332575,93.70501268668629
111.11443326863662,94.2113311791571,39.09673659020631,94.13772632595855
111.48952398985602,94.67549533370213,38.99734440863177,94.39715991967765
112.15076910389153,93.38753714836847,38.67284341786924,93.53488916800002
112.10123712535305,93.5061250088522,38.49190543660317,93.13443097811755
113.23299497597338,94.38238130259737,38.08268200888393,92.47348543011698
112.17244349032353,94.01220609365086,37.88526419580556,91.84864522281926
112.8127809025325,93.79783115794612,37.36731204241959,91.09883579094503
111.78296912565406,93.33241128674241,37.64111296624789,91.08432387310083
111.0344925967211,92.4109867069904,37.50439676694982,90.44588984473863
111.42996929558075,91.89424311900765,37.42684540208266,91.20802595149217
110.72511368084548,91.36130361865298,37.70123060368304,91.47408643642392
111.2710524524306,90.5628492750267,38.00259744623211,92.224379451565
110.27645381396538,89.99267579151572,37.8965643822049,92.39355551633474
110.16616878152479,90.37053166502955,38.01619791506552,93.62569479298112
110.37878448148719,90.04667746884034,38.00069903572099,93.69728322600511
110.21343268318505,89.5175609994883,38.04167565974532,93.2638784579526
108.95734792356728,89.62066906874271,38.40748215903763,92.65656657149609
108.04426455408901,90.23801668334144,38.55773854433358,92.14286825859274
107.65735649748297,89.75275401565796,38.496217435923185,91.43474083059301
106.83661604118628,89.22821261129064,38.35094529008305,90.78593836444053
106.7587825502884,88.16329573625602,38.4792023569978,91.01510289740011
107.87004019226896,87.67168698973121,38.23768952302601,90.5747675196993
107.9787829974882,87.87523619444336,38.12354054483929,90.76649903533527
108.83991390488114,87.70263782309576,37.77895402492948,90.44343973364265
108.66691932670716,88.25690645372038,37.46191333174817,89.28313846473566
109.26432983050657,89.15751613676778,37.09126529778216,88.61934738233226
109.79521608115728,88.86319715493912,36.71618950468312,88.05416578498495
108.10156686271407,89.69481647423692,36.516937467402656,88.04172165246233
109.0608065303389,88.4612048233433,36.742059788113096,87.34821363863679
109.20990534652205,88.3264400770017,36.49890302188333,86.74402135292719
108.42137713961182,87.11518188591322,37.21605461001638,85.97478220188576
107.16020412671217,86.57287682218562,37.70405357847316,85.76310944188216
106.66096384498888,86.0752781041613,37.86161864080201,86.06568898471181
106.42468556944331,86.317882045701,37.75320645429094,86.68622391378909
106.15160490115798,85.98912400405318,37.4571498686509,87.59155049496471
105.97157755648804,85.51375428481276,37.276590310668695,88.38123216319333
105.92988891818901,85.70724739613749,37.15541335729202,88.26564880619212
104.66387341655508,85.46514801735202,37.11716213971941,88.25646138455433
105.15226092492335,85.63709254612718,36.94598585879219,87.63519028101973
104.979431383293,85.76462872830592,36.641092967279484,87.4926712151356
104.02174798875222,84.20835200422542,36.711545916067166,86.94426613477795
103.45757736983683,84.90144718529245,36.65921617725916,87.52721820962506
103.46246378374484,83.77068454163211,36.51741776486464,87.12062430482233
103.49600122147206,84.48390762089547,36.41731789661639,87.1520938100148
103.99198777945259,84.11721820498863,36.24208547231718,87.43287904703897
105.10894627172684,83.4458971372776,35.85156455538801,87.72530820314434
104.9267297387597,83.76403037632308,35.727646276259996,87.36274544919925
106.28674610869129,83.93030374205085,35.13666689066012,86.59136655393296
105.26424866796458,84.39257490455459,34.53021566806387,85.82908184067705
105.53322880050573,83.87003990257247,34.43479560154611,85.77634276833207
104.47740214073798,83.22935675776367,34.51311347377022,85.98336716475359
104.90445753056214,83.42836401022623,34.74138525389818,85.14243149817685
104.36290466568667,83.04289326598168,35.05508889691435,85.2418678334868
104.38717840701594,82.19388170193223,35.23103569268677,84.82913003438537
103.16556934879117,80.45731510747173,35.24198471276179,84.54202624477549
103.0490342541391,81.20946379678986,35.34084209524506,84.64898427347259
102.96639006635193,80.53665913411692,34.99204130370132,84.57989320991008
103.11693404706557,81.52176664357918,34.88468113358341,84.84055892829026
101.59587632829808,80.86695000069582,34.766887799603495,84.758391810462
103.04653566517595,81.44299187736277,34.46471143885129,84.5325252555
101.99833176551189,81.34388852588577,34.4024860060627,84.11427407891067
101.56673464946955,81.42320687243702,34.383087619681966,84.09606279965516
101.53238626732207,80.34769497873386,34.23992879363347,83.84247666846713
101.04850680030917,80.56581661199994,34.27064775630763,83.88478315059412
100.92816032737659,78.67248457884803,34.300194109078916,83.63527435007663
101.04539247343884,79.0968682847624,34.086383126254965,83.6864908807566
100.6145840035507,78.98772322817439,34.21321272109868,84.15011296677005
100.92679718271768,77.98237716839819,34.012849598286046,84.38742480678144
101.49092693651838,78.19568973490182,33.911847771577584,83.8756887039327
102.20859560400449,78.18389013489399,33.842253000806714,83.30621203248077
102.17388031509878,78.47186609520658,33.46717347634608,83.14221672015103
102.02540181773,78.85183300781472,33.54164889249519,83.1777877629653
101.8379726759276,79.00862125959983,33.711396983801095,83.49565064719337
100.59602382872835,77.91784492510281,34.20403951405317,83.64712109038786
101.04890355791059,78.11179365443063,34.20886468427068,83.6160460330174
101.14146679021368,77.35530593823353,33.9218581237654,83.87484222613851
100.97370013901241,76.35876729752225,33.20103380402132,84.19787663513219
103.44941667336468,76.34868560814235,32.615502682338274,84.07164373455697
101.71507153999929,76.59298703782262,31.575922685397202,83.51390969455238
101.53323376418503,76.65551723134934,30.73984268759486,83.23149286647799
101.60734432022852,78.04603396416933,29.88521069065071,84.36985246342957
100.45473256353216,78.42149081518065,29.204723821581858,84.98316546028235
100.49354127245923,76.93358953217798,28.893868645448897,85.12408505166306
100.97836025742014,76.83949147837211,28.75218508703373,85.30982120736552
100.57842072727989,76.36060715208038,28.75085439952292,85.06441097735011
99.50521153647553,74.7093280434672,28.873270944354907,85.50768932358953
102.20526367407403,74.37711814693665,29.05171653106587,84.52441536340812
95.57014582526962,79.86752966959057,31.003967647681034,84.17757974485812
93.79486088090488,85.07719847012874,33.06752622297212,84.04286815086186
90.70182796941327,90.22395903693473,34.7340393382832,85.1682694415663
89.29824467285934,96.29066654805644,36.10646205016548,89.14776755103674
89.28241058020919,94.98545693418653,37.09648572185875,92.19614379739036
89.58002744209946,93.57712760854736,37.37754053128897,96.05926200429462
90.76319398270891,87.73079512269047,37.56087099377122,98.43069990233899
92.2918546346823,88.80420879130497,37.74880802112328,101.55020376094126
92.75117747206025,90.57089105716459,38.24501925707295,106.15688916360924
95.99968173222729,90.50055232310095,38.20533238056822,109.59953234523749
94.04551626632758,89.68125521845933,38.6414056982319,112.99775604251207
97.51757964621873,91.36586457435425,38.60506483093617,113.28837147722187
96.11712845989189,89.91065493914866,38.6678244747843,116.15810465808757
100.35356640187314,92.11098433468071,38.21711675030669,116.66805988069532
99.29566339831604,95.02630437761732,37.87161403969323,117.53659753682649
100.37657262201085,93.58750976727781,37.78935921000988,118.96034018367587
101.28031913628021,94.10454112619615,37.9407338505767,119.01017922880152
101.7299464874722,93.4354763961206,38.02024803332837,119.62059248144834
104.43438416724706,92.77966364754488,37.833878720073805,120.27566465056252
105.85402537742307,93.01466605278495,38.18106442411143,121.32103187796997
106.4276767124405,93.57988974451257,38.62633611206304,121.85401935760522
106.8969622044138,93.74583689262263,39.228289134006346,123.01964491211601
106.1919532785747,93.67128739719328,39.67441845972169,123.66998874598085
107.73050076858553,95.57003676959297,40.86136871819492,123.96730811641582
107.71517484436536,97.31712973852956,41.93483660953533,123.50922828816182
108.87351245738114,98.07076171141229,42.39544028365025,124.28034974316844
108.95108555997017,99.9125751133188,42.693710574987485,124.16964278493649
107.95294136134983,100.22568947701122,42.645526993086925,124.78246039277198
109.21143375829367,97.86349147325768,42.22639276034122,125.52774592092419
109.90413877214262,98.4628353673944,41.928230700363336,125.36628027963864
109.91480300668562,97.57579495294793,41.77044505626094,125.14010886167492
108.84295374965146,97.68027935639066,41.90230346527248,124.48485444935886
108.70243323141625,99.83164463168,41.45035578657109,123.78954029015284
108.95964956762657,100.32961990209327,41.06359083923665,124.26404074667892
109.81046504366516,100.53110214452983,40.332851720464845,125.05551436166695
110.1711897552222,100.86701458239683,39.672427786472426,125.93471892967378
110.53731912408485,100.132307822504,39.38976694389257,127.2472800253147
110.85889728131559,99.68859442343292,39.2057978986419,127.98177046917735
111.69975654745086,103.40714121591415,39.13097576682301,127.43867503027201
112.65329278967215,104.22368656597868,38.99783335516486,127.27307321506879
113.56348259717244,105.38183272082827,38.81424997620249,127.36912488425145
114.75509266696949,104.03434575886568,38.72523693270824,128.38508948982488
114.34413518833918,104.2997392937772,38.25037893312071,128.5203859942969
116.41848784040386,103.03682827783331,38.09485247344327,128.30668008543455
116.26968744986674,102.97889382144972,38.19057145839591,127.97157787164534
116.00010991047529,104.14169276953976,38.54018025011901,127.81591639399858
116.17551937218579,103.19069524278126,38.87326549768802,128.55267735861787
115.8501746350725,104.5457484528025,39.25523821938545,128.4565035481335
117.96128558067241,103.81720587464203,40.03567755636554,129.43174913703157
117.64982797856825,103.52605068673094,40.688461842026356,130.11912141644967
117.5613182924333,104.85005003597041,41.13659821606821,129.5637287856282
117.70093358603039,106.85304603449057,41.574644798101616,129.2948724373153
118.05239272642912,105.90865951604269,41.54538572274086,130.02473829914697
117.14534421673909,109.91133449766943,41.39584503250331,130.0634213864306
118.77124953757391,111.0970869976617,41.268072133448406,130.47045675929456
118.79745939933241,110.52120309518254,41.42605576290724,130.98371034353832
119.07756724584316,109.55294821350711,40.996615745063345,129.39440080528396
118.58264247193857,110.36939261628373,41.13204951852711,128.8483713451668
119.25258750789513,110.13622602342944,41.40597654237054,129.22607608978004
119.45798384396733,109.26504755187568,41.20514591041204,130.26842022980986
119.78348410666331,108.77969855334754,41.06892638325006,131.25353192171724
120.60725423916513,109.47657545479939,41.16308605225216,132.29620904990486
120.23993738625468,108.96940588473862,41.157977657834266,132.99285039678108
122.78789581738812,110.77686638897615,41.40198131634985,133.9372660505985
123.88085160791535,111.20074455599735,41.395847834355465,133.2679118572927
124.01705596390501,112.13842242590228,41.331974584994015,132.75946848244254
124.64620880577044,112.07183086876299,41.23551708870973,132.29488650863976
124.72633880283158,112.4855784414921,41.01924861782352,132.3443762574572
125.59092511395997,112.66633175891391,40.88892755711306,131.90085968872467
126.2369339259202,112.35439116153768,40.57927560101256,131.3269761291818
126.38255650641963,113.08068224866483,39.972560519378476,130.48819740122036
127.2173301152885,113.12925502134914,39.33929047659038,131.49609037952575
127.74053417872265,112.92063234284385,38.58638739251345,131.44863310053285
127.92717019020776,112.26047368546551,38.3901585690824,132.32101525131475
128.33178216300126,112.43649308340603,38.01974944235451,132.74121006081853
128.5396667112493,111.97705697022691,37.91082979573139,133.5996300904297
128.69488854880422,112.43643943449396,37.72967993492308,133.69339775371537
128.81458689983802,111.91878501019134,37.59809567474091,133.5327497761106
128.62349390186915,112.1366552662319,37.42313333331447,133.93777086595438
129.1243094779812,111.08264149517197,37.28607196430112,134.90646217970357
129.25445618908512,111.18093097227043,37.02636637957282,135.44012923294912
130.6108750444547,111.00350659068232,36.698605668497976,135.2350098822261
130.95598927111817,111.35967878813015,36.34828548719902,134.86224369863797
132.04838346495984,110.54337762027099,35.88018549406219,134.95163505107993
132.52006213888265,110.66592189630371,35.62422163271632,134.91007384526787
133.2770974596918,110.71583722976642,35.478438196794144,134.10532747599947
133.9912863658414,112.52094904457456,35.22386752866001,133.28076029856214
134.3968272387576,112.4043402028095,34.97850145341325,133.02552831916847
134.66796093927692,112.31137651668759,35.40620040436048,132.98314518089612
135.14629007354768,112.570168155477,35.760914892776995,132.76529879053385
136.8564035425824,112.7214420999219,35.60123153953117,132.61993174738151
137.30322946494857,111.4963012863252,35.554321073106195,131.89637309022737
137.4115070040275,113.49595224509966,35.27567609353085,130.43957548328638
138.99953535979486,113.49991817825769,34.65600013074489,129.53269947748973
139.56592027609153,115.32076177414717,33.767445950498164,128.51606950616974
140.08404486357654,112.88615337390476,33.08526141891114,129.31093690327322
140.4337296824719,112.32375188622778,32.89481692102444,129.11679673573624
141.78043397725224,113.5619933350587,32.564479773114186,129.8252548914649
140.29444591272696,112.78110668028103,32.691913398807785,130.03673861781408
140.18407816885565,111.1286783095692,32.75588282953594,130.7325803712922
140.7921928158983,110.51334936253849,33.06981014784689,131.69760828836576
141.21517273195354,108.50108822177688,33.27243561141359,131.0900032848853
140.97273094159442,109.40360503361433,33.72724652170186,132.02923760173167
140.82125452571088,108.46399195573721,34.33572015620525,132.10735897347405
140.6051865049621,108.16394873127102,35.40345390354389,131.35165099262738
139.02418534665958,107.0955434926944,36.77882094049345,130.63711306966465
138.94151919635965,107.85514818023506,37.51203112977285,129.74851857133046
139.93757920253194,109.18879188326892,37.36674291598174,128.56882374319702
140.30615520202076,109.99025374925401,36.689607582611735,127.4528079404089
140.89919971317187,111.27731783628197,36.246206679721,127.39284659832319
140.09738528745976,109.43412553621441,36.5150631827413,127.48660128894292
139.28485644323067,108.61366129809964,37.02810800804031,126.68647828201816
139.7236537796269,110.24254662610248,37.12787912704549,126.3127520348107
137.25303495204392,107.08530127415217,38.810607146286124,126.46096676062294
135.95312401622783,105.84755506916711,39.785497920887664,126.87348090292338
135.9702885407844,104.92308521911407,41.11040546978938,127.07058647274229
133.7862311494454,105.01296453502061,42.46311722016451,126.75111579037208
132.85542639270395,104.35962144765419,43.60741553016768,126.55795538746057
133.63648728866184,104.22812858730319,44.189838578110894,126.29707469313877
134.44983475023412,104.26478844275681,44.18559448351855,125.90192473935929
134.73362848672906,105.33589261490945,43.684976367959614,125.38613891950622
135.44588364246715,105.3874052399085,42.95927216352766,125.16676866626085
136.50018373492142,105.8001224316159,42.21246478142979,124.65843260237655
136.53585903110712,105.07013516140951,41.74313272419559,124.12545932594057
138.21043889389202,105.17191984730877,40.6605607328482,123.84345366143413
139.03831419577267,103.81124299806288,39.95200208274592,124.30986232017676
140.4519991111366,103.05171902443374,39.37476433591092,124.81295470007512
141.48696649731056,101.76932100786532,39.374159779017084,124.9528430488858
142.49808051733748,101.30314794868083,39.271954584231466,124.70715164303144
143.0218096970909,100.0927112505453,39.528713205658775,124.45474027024426
144.23657644884526,99.60246915175438,39.31364245926069,124.72348212630773
145.38112085674467,100.17048320656453,39.20104704975762,124.516982014658
145.61456119051232,99.32274597603248,39.08982461538807,124.81552649639774
145.24542489365297,99.425368918718,39.05852673925049,124.17999026964947
146.59426105773727,100.04317643189229,38.93829324241126,124.0788849259562
146.39303339559982,100.59825096873354,38.65915479093694,123.40782962087036
147.02060183491943,101.14759316645967,38.44416247501896,123.06135959757613
145.76008238109057,101.27730387164773,38.38409591201932,122.67936218144317
146.47953796296088,100.4933602997517,38.228851835833694,122.9199062189654
146.18518870324877,99.7970835418211,38.352253907980824,122.6500025071197
146.9645450794458,98.55174284787842,38.14899500442555,121.68356609906084
146.0485474073352,98.34868386516742,38.15131836969627,120.24392729530254
145.18917465351652,97.3519503157011,38.26833686851403,120.40584069664911
144.3665582100715,96.7078277442578,38.22560162052401,120.33304703548146
144.9331373450717,97.16129068609195,38.09338426944601,119.66654799021116
145.5299757643628,96.50150419087757,38.26710414316702,118.90816716517969
143.1956160000318,96.55343394522714,38.53556799174473,118.2632962038057
144.852450955985,96.26218484789118,38.41574692818126,118.14967997758679
143.25428252855758,96.74385979938762,38.46024023521505,117.22413521088707
144.1005929429913,98.08268595073123,38.77395299590142,116.64900933451517
143.9053840832879,98.09441807348803,38.80044209926133,116.33366525625698
143.9994241414388,97.56881855273784,39.14525474657424,116.5874474319317
142.89299216230134,96.70258401701454,39.14452999024953,115.91240979904785
143.84466197800998,95.32696270327493,38.95001773519787,115.45895958595091
142.21145799326908,95.13885273932303,38.66473989459058,114.39262349025701
141.82890710572659,93.65036575441006,38.22838357317138,115.07476356153862
142.1308630440787,92.91362926369283,37.65816606059762,115.7912446201177
141.95129471823702,92.08959364438802,37.564117064554935,116.12990707481467
141.1295256892771,92.00041627603312,37.61616199274451,116.23879686722142
140.60527776194775,91.27680700627705,37.30688013267396,116.1321089659987
139.79478498026612,92.69510936255232,36.78380556114948,115.24302367502563
138.4725659033122,92.89339945685806,36.21427734542847,114.36553542037981
137.53517891928487,93.46477630923832,35.73198420532876,113.85645943664287
138.68999597781973,93.22286185325295,35.50674931158672,113.36434281629167
137.03752023134064,92.25177812221892,35.627685053659874,112.70306546367772
134.6092586737814,92.37135183858314,36.18735891798491,112.02700486847942
132.0702881578472,91.22695995963618,36.76725212117901,112.08145773381048
129.97422327489323,90.60952946128371,36.66060335315137,112.42170975605862
128.89699905806862,91.06381561008304,36.80155944099067,112.24609809984409
123.82506886932973,88.3309864950738,37.09151509434736,112.2482982686443
122.03535001742294,89.99412103382723,36.730812312397376,111.80454247582068
119.2769918637496,88.45476193231859,36.84257895467448,111.13930482823676
117.04305098079874,88.51162713165448,36.83668199590578,110.51905260854296
113.74166430697528,89.54940924075645,37.511869264908924,109.94344261397183
112.28553491465186,89.64478277096565,38.51132809514137,109.3438216080788
108.0732436658839,91.59495252053091,38.43069208681793,108.97048658931021
106.06744068281978,90.07777521718334,39.7004319411908,109.17389188951731
104.52152331829642,89.2908985381446,40.35010344124888,108.84327017130084
104.3772953203483,89.31125984909876,40.11104337011708,108.47590730109388
100.23130478068796,87.73150719094868,39.76416851529467,108.40578858441981
96.62670025074277,86.55551853854294,39.30454765727734,109.6936182976404
94.63081257551084,85.30054234125932,37.198089307942624,112.26232144456728
92.12606669627479,82.60001504456983,35.63913967542349,114.74735206829598
91.02614714563946,83.68087905434034,34.58597923255049,116.15351087813119
86.22798183949956,76.22048605678289,36.044444778301965,117.97608558479394
78.68783020963257,82.98118365052255,37.67047672150764,117.562466085486
69.38695464767832,85.17222048724778,39.858544907794055,118.41637006172427
69.63807391498085,84.80629918476671,42.15795189053826,118.50338196295102
68.02523250718886,87.31231475346677,44.24498381195717,119.41556185078898
64.37491272768987,81.4552575697323,46.36984355146662,122.45933377288438
62.172163710474635,85.06216897113447,45.15913398625721,128.1220959767939
59.08857345968296,82.65001276643706,43.513119259263895,132.08740478273032
55.434741336467326,77.1382001418666,41.88294781233579,137.19533102674427
52.831120488051944,70.99100783927972,40.80775075413116,142.6472540459195
50.49568461797347,76.05981669577987,40.20430332238259,146.60305159323414
48.11235247555857,74.88055621267503,40.08827288599046,147.41518679436814
46.68847139917894,74.24395509342999,40.079289795677234,147.4790810046371
45.99074558024347,72.64235105125259,40.07093260137959,147.54168602350117
46.29388366896159,68.24172171332482,40.07019300402909,147.5480924425818
47.149147763486226,59.75788868118909,40.06981720259885,147.55310630043238
50.09773648876056,50.38648106998937,40.06954374374939,147.55709477112282
52.31466917493569,33.833865986199484,40.069503864258024,147.5578556393862
54.00540901884932,21.038438397264613,40.06949485666757,147.55802020446296
52.5542619602056,13.536043902821774,40.06929740443597,147.56046124718165
50.64587796470692,4.091012213150165,40.069146783906845,147.56348925665182
49.6248123989143,-1.8013094250093644,40.06277022506239,147.61246530427215
48.527353974765326,-4.160202635059306,40.0594305807456,147.68128350461495
48.816205449079916,-0.7970954734389011,40.04952898843202,147.83127367203576
48.133106304696234,-1.351942374727713,40.046358008782036,147.88048413816472
48.67841966080654,-4.617431254044419,40.0417419910652,147.91352469434452
48.7281987016242,-2.596169720238592,40.035497402264454,147.9763421075373
48.83736599823493,0.6503362436669278,40.036689010529585,148.11925404218354
48.705036990747004,-0.5429650329626128,40.02564031707419,148.23010881941113
48.853665174451834,0.6403722220572234,40.008418044713444,148.468463177093
49.32446368276059,-1.2874339040712641,40.00179724822685,148.52436038723573
48.737643916888786,-2.8254233172467025,39.99570290755682,148.60985831377582
56.80737719644868,-2.937737251442826,39.974629292772974,148.66432837708288
53.68640524237507,-3.762544605835899,39.95939012596901,148.73952322979756
51.93639448893081,-6.125409717848015,39.95665861352465,148.76698313292945
50.43977492717616,0.7652342427891341,39.941939563282126,149.00203451371814
50.17077182505243,-3.066966818655402,40.119688588984594,148.83623262659745
56.87151184688804,-7.290317019758589,40.96233581887292,147.5919263683424
52.75804639946267,-4.131977711328744,41.08419373856497,147.44207829118608
50.96881215180825,-5.999975475239424,41.227137293383095,147.21554106029467
48.81846873924508,-4.90315743102137,41.22095365799918,147.310519721767
48.94558749402261,-1.0335269434932428,41.195288993903105,147.46141406210992
55.792303272178614,-3.159850824562284,41.36117140243485,147.19820937292354
51.91286997110369,-3.2231266618272514,41.420668574042715,147.1589342648693
49.89579174068592,-1.1253132409546112,41.39748632027863,147.3801136441323
48.70423777799655,0.0896995399815097,41.49755658315127,147.29815512747186
47.964050249894115,-1.4255763811504636,41.454090139073855,147.5566522974946
48.41693958009158,-4.559709771034022,41.40454263169024,147.85872492442968
47.66288208738143,-0.7407863276437467,41.39937400676661,147.87934485359762
48.112780144040585,-3.278209303024312,41.35806323452039,148.05921371161583
48.589614084694844,-3.441651744975786,41.316522788419235,148.24933371152372
49.54733819659385,-4.0615192922719245,41.291386521026865,148.37304967636288
49.83942906424407,0.3391838856341991,41.26532169856821,148.59577509545298
49.78927168954818,1.7075743020301672,41.23805097728358,148.7588799171105
49.93183719706977,2.402816638250968,41.23062587006205,148.81400278766054
49.99047914334729,-0.10457175968562638,41.223549348920734,148.86603916223856
49.79386844695601,-1.9016624586886053,41.20166131592013,149.04944656770607
49.60372628260924,-2.61288621766343,41.19216157674448,149.11498266483358
49.36723721994218,-3.6172141179504393,41.17012357425381,149.27755232096027
57.29593147127165,-5.371585163076972,41.14319371264712,149.49371785977596
54.465985576849924,0.17030749389276423,41.13651293068979,149.56189673345855
50.926210999951316,-3.860287607441734,41.37128497724824,149.09764385904015
49.63313392729158,-1.0134979590181672,41.3546492437225,149.2283209823285
49.54986377583627,0.7507124629330946,41.34011458461319,149.3479747653486
57.63941050235228,-1.0609008032430722,41.58234490782629,148.9452303618794
54.708035423221546,-3.2086330324081445,41.57651091005138,148.99019986323933
52.14321415166615,-6.059176995851729,41.56909757929132,149.05261305410355
49.938921705349664,-1.888427850314656,41.56959760253953,149.1249970185836
48.66700885824294,-5.226303456449116,41.5561687439118,149.2225607651848
48.02498447240998,1.072759447054267,41.53022305642549,149.3553328616204
49.5441043907048,2.534258893571632,41.515377327654456,149.4901769384801
50.61046967905621,1.4985457721008544,41.49730653717601,149.63460778480757
50.844309866911,3.3739320187417263,41.47816294492323,149.9524221178503
50.79089416048143,1.395197207176821,41.486202505188935,150.06457580775256
49.65457876910996,-2.173510222777864,41.455851911283936,150.2801104224532
50.41817900149425,0.5551244104539279,41.43903445642594,150.45879887388512
50.07893985020553,0.09658772101855106,41.74763661268684,149.9957814200456
50.74137967452762,1.0100188214278916,42.050896459892265,149.5899022953225
50.47258519178133,1.565136085271675,42.43931511607967,149.06307904397542
50.579670637684686,1.4708278323661261,42.37953302453636,149.23412541367156
50.999724205384474,-0.8823828305904726,42.297358790519226,149.44984267998393
48.96122676123143,-3.0922771708541177,42.29456594765466,149.52154595706884
49.97784373682579,-0.6122870946429657,42.27765580132129,149.64409630315117
48.47857702956513,-3.17160717781816,42.24156535452974,149.92686286568076
49.240812922120625,-0.3770080758915526,42.23704848923381,149.9816737751393
50.40564060746269,1.0724272578933238,42.23445810954699,150.03530964977537
49.61775544162028,-1.6985258740471068,42.22072098063764,150.14810061824608
49.50718694993968,-1.58470473493405,42.39283229803018,149.87569241312244
49.54579523246822,0.28217297180732714,42.360106193279506,150.0174548447935
48.780222132057645,-2.1341537182460684,42.345790620228286,150.10052736476234
49.42127884776107,-0.586430761601406,42.31271028227389,150.41666582876184
49.59165981113354,0.4489819077918611,42.30625841030801,150.48169592630038
50.49375920940395,2.4987545348994047,42.30187538773112,150.60900261224032
50.27504005060533,1.7046780358162437,42.21911321437681,150.92993356355453
50.38523296131439,-0.869686038045316,42.17423969190032,151.14744356399981
50.29593055432497,-0.7232707937929632,42.16381153402016,151.18842313671146
50.81065731433143,-1.6765014824952402,42.14789971246306,151.20195317199108
49.27789871887106,-3.905808347140777,42.142299740679334,151.30020484836467
49.16481935091279,-0.08918425814906072,42.136487272315016,151.34899211654823
49.93401925290739,3.8615131866023233,42.12662056940766,151.41413184160845
50.32052407582489,1.5902588304310257,42.111405780597806,151.4849932913778
50.24807539148857,1.0215780839718178,42.04054145793858,151.76240698365993
50.18161449050582,0.6698140655401374,41.964610700576,151.8503421831896
50.142156541677494,-0.531164021188502,41.80128232480852,152.0253272072023
49.88977258670067,-0.12779389100965943,41.76069676252933,152.1558038843866
50.018961878989415,0.23077809004020367,41.75308335257915,152.21383608977496
50.01844399833282,-1.7587435347667792,41.7488879727796,152.2682095968047
49.47306942105794,-3.5909495806838123,41.88796564619684,152.08245822886093
49.6079641207061,-6.454738649538811,41.87528398158071,152.17333907424305
49.05283809793394,-8.447286406376591,41.85905163305153,152.28060265203604
48.26587319886412,-2.03109069599347,41.84691578120491,152.35296968463894
48.86038257484775,-4.37967392874711,41.80563715489378,152.2369208944089
48.564111642526036,-7.0222789545457545,41.90660383805299,152.07954929241123
47.76078826964442,-6.483555083290483,41.89895557801787,152.14998579958788
47.878751446120646,-5.317593811964343,41.87519653279992,152.25044488687945
48.410589829929734,-4.6692486215335265,41.8579023116066,152.3333842371961
48.923606393602704,-3.9187854462608698,41.83227556872875,152.4815547332313
48.5204532228499,-1.808812964830338,41.82718328486051,152.5950319543607
50.0954397609674,-6.315724462361047,41.818459865302756,152.61792534584546
49.796563500960474,-8.97441426195816,41.80159169973922,152.71359807782167
50.811273582926475,-6.395878794756598,41.78797272713718,152.84187174409604
50.91794295775436,-4.367531251938075,41.754793948599364,153.0101818083003
51.247828434801214,-7.065774470110455,41.729777950274254,152.908051549241
